50.000000	0.000000	17.913791	1821836.696537
50.000000	0.100000	19.381938	626863.682509
50.000000	0.200000	21.862186	439588.186985
50.000000	0.300000	21.882188	373504.651294
50.000000	0.400000	22.142214	337483.914406
50.000000	0.500000	22.142214	311671.494410
50.000000	0.600000	22.142214	291138.413706
50.000000	0.700000	22.142214	274262.983976
50.000000	0.800000	22.142214	260047.386048
50.000000	0.900000	22.142214	247811.681267
50.000000	1.000000	22.142214	237081.619107
50.100000	0.000000	29.634963	1221857.407700
50.100000	0.100000	52.609261	532563.149359
50.100000	0.200000	33.767377	404677.823472
50.100000	0.300000	52.153215	344180.567859
50.100000	0.400000	52.153215	314099.239770
50.100000	0.500000	21.994199	295768.819895
50.100000	0.600000	21.994199	281774.699989
50.100000	0.700000	21.994199	268593.836640
50.100000	0.800000	21.994199	256237.728500
50.100000	0.900000	21.994199	244729.466239
50.100000	1.000000	22.142214	234068.669263
50.200000	0.000000	34.451445	1563195.763979
50.200000	0.100000	21.526153	629403.319746
50.200000	0.200000	21.526153	495489.706654
50.200000	0.300000	21.994199	418556.798790
50.200000	0.400000	21.994199	369380.568354
50.200000	0.500000	21.994199	332705.574091
50.200000	0.600000	21.994199	304561.495684
50.200000	0.700000	21.994199	282356.134647
50.200000	0.800000	21.994199	264344.255213
50.200000	0.900000	21.994199	249345.848282
50.200000	1.000000	21.994199	236558.932086
50.300000	0.000000	52.105211	1784398.854645
50.300000	0.100000	51.769177	648328.168698
50.300000	0.200000	51.789179	467101.945956
50.300000	0.300000	23.710371	413840.991922
50.300000	0.400000	23.710371	379273.176080
50.300000	0.500000	23.710371	349351.354674
50.300000	0.600000	23.710371	323328.906475
50.300000	0.700000	23.710371	300659.232079
50.300000	0.800000	23.710371	280836.078540
50.300000	0.900000	23.710371	263405.431977
50.300000	1.000000	23.710371	247980.480764
50.400000	0.000000	32.195220	1739744.560986
50.400000	0.100000	46.460646	598362.618532
50.400000	0.200000	23.702370	441707.035992
50.400000	0.300000	23.702370	395370.265564
50.400000	0.400000	23.702370	358932.661895
50.400000	0.500000	23.702370	328978.878376
50.400000	0.600000	23.702370	303647.712610
50.400000	0.700000	23.702370	281835.654253
50.400000	0.800000	23.790379	265885.000942
50.400000	0.900000	23.790379	251792.829042
50.400000	1.000000	23.790379	238883.801212
50.500000	0.000000	9.136914	1530886.481451
50.500000	0.100000	7.940794	588309.407551
50.500000	0.200000	34.331433	416485.877927
50.500000	0.300000	57.805781	350367.790108
50.500000	0.400000	57.805781	314968.416107
50.500000	0.500000	57.805781	285378.985772
50.500000	0.600000	23.722372	267834.971714
50.500000	0.700000	23.722372	254790.015210
50.500000	0.800000	23.722372	242505.992792
50.500000	0.900000	23.722372	230944.133134
50.500000	1.000000	23.722372	220074.808796
50.600000	0.000000	6.148615	1717044.824169
50.600000	0.100000	55.625563	663329.506399
50.600000	0.200000	57.729773	514911.859514
50.600000	0.300000	57.729773	430747.416321
50.600000	0.400000	57.729773	373447.936885
50.600000	0.500000	57.729773	331334.309839
50.600000	0.600000	57.729773	299004.905688
50.600000	0.700000	57.837784	273748.601865
50.600000	0.800000	57.837784	255261.559994
50.600000	0.900000	57.837784	239805.994685
50.600000	1.000000	57.837784	226643.414980
50.700000	0.000000	57.401740	1619552.254633
50.700000	0.100000	57.381738	574469.018323
50.700000	0.200000	35.663566	415822.079142
50.700000	0.300000	35.663566	345833.010259
50.700000	0.400000	50.225023	310972.090139
50.700000	0.500000	50.225023	284932.456084
50.700000	0.600000	50.225023	262886.977039
50.700000	0.700000	50.225023	243871.676736
50.700000	0.800000	57.769777	233232.986854
50.700000	0.900000	57.769777	225396.079739
50.700000	1.000000	57.769777	217358.361846
50.800000	0.000000	33.543354	1432010.579831
50.800000	0.100000	33.011301	653135.271963
50.800000	0.200000	33.011301	448829.736009
50.800000	0.300000	49.468947	357750.690835
50.800000	0.400000	50.237024	323771.105995
50.800000	0.500000	50.237024	297929.071801
50.800000	0.600000	50.237024	275609.163579
50.800000	0.700000	50.237024	256079.042653
50.800000	0.800000	50.237024	238890.458959
50.800000	0.900000	50.257026	223921.176901
50.800000	1.000000	57.769777	212634.611008
50.900000	0.000000	46.820682	1470622.670361
50.900000	0.100000	49.344934	628358.136335
50.900000	0.200000	49.324932	442889.028178
50.900000	0.300000	57.477748	360940.588032
50.900000	0.400000	57.477748	323601.175628
50.900000	0.500000	57.477748	295408.327140
50.900000	0.600000	57.477748	272815.630609
50.900000	0.700000	57.477748	254021.924098
50.900000	0.800000	57.477748	237967.881009
50.900000	0.900000	57.477748	223985.403399
50.900000	1.000000	57.477748	211632.199759
51.000000	0.000000	31.807181	1575180.730666
51.000000	0.100000	35.355536	595880.123259
51.000000	0.200000	35.315532	428797.379701
51.000000	0.300000	38.471847	365710.077705
51.000000	0.400000	38.627863	324066.512395
51.000000	0.500000	38.627863	295308.245022
51.000000	0.600000	38.627863	271769.461562
51.000000	0.700000	38.627863	252233.826623
51.000000	0.800000	38.627863	235758.846233
51.000000	0.900000	38.627863	221646.693590
51.000000	1.000000	38.627863	209392.798366
51.100000	0.000000	36.135614	1335356.376961
51.100000	0.100000	6.492649	546997.254903
51.100000	0.200000	42.916292	412899.647680
51.100000	0.300000	41.140114	360349.920788
51.100000	0.400000	41.140114	331196.828908
51.100000	0.500000	41.140114	305460.562011
51.100000	0.600000	41.140114	282955.365242
51.100000	0.700000	41.140114	263382.615906
51.100000	0.800000	41.140114	246371.992134
51.100000	0.900000	41.140114	231548.565880
51.100000	1.000000	41.140114	218571.529429
51.200000	0.000000	42.056206	1760232.649802
51.200000	0.100000	40.556056	647450.027857
51.200000	0.200000	41.152115	502643.350402
51.200000	0.300000	41.152115	415658.559271
51.200000	0.400000	42.432243	354869.958539
51.200000	0.500000	42.432243	315126.911185
51.200000	0.600000	42.432243	283423.656359
51.200000	0.700000	42.432243	257581.771097
51.200000	0.800000	41.112111	237690.593257
51.200000	0.900000	41.112111	222343.909563
51.200000	1.000000	24.350435	212737.131172
51.300000	0.000000	56.673667	1436697.944240
51.300000	0.100000	56.673667	661260.944679
51.300000	0.200000	58.077808	478458.625567
51.300000	0.300000	58.077808	387751.117616
51.300000	0.400000	58.057806	331998.139480
51.300000	0.500000	24.350435	301495.113115
51.300000	0.600000	24.350435	284110.242150
51.300000	0.700000	24.350435	269488.501821
51.300000	0.800000	24.350435	256835.381799
51.300000	0.900000	24.350435	245686.818541
51.300000	1.000000	24.350435	235749.830749
51.400000	0.000000	34.671467	1357577.821173
51.400000	0.100000	24.350435	579107.863460
51.400000	0.200000	24.350435	439742.617541
51.400000	0.300000	24.350435	373673.360445
51.400000	0.400000	24.350435	333233.839054
51.400000	0.500000	24.350435	304767.006479
51.400000	0.600000	24.350435	283096.877840
51.400000	0.700000	24.350435	265802.732490
51.400000	0.800000	24.350435	251557.680685
51.400000	0.900000	24.350435	239545.798200
51.400000	1.000000	24.350435	229225.015930
51.500000	0.000000	13.213321	1391111.253995
51.500000	0.100000	2.536254	491340.171775
51.500000	0.200000	9.508951	360682.515024
51.500000	0.300000	9.508951	313021.593158
51.500000	0.400000	9.508951	280501.672005
51.500000	0.500000	9.508951	255079.075481
51.500000	0.600000	9.508951	234018.634230
51.500000	0.700000	24.362436	225035.522435
51.500000	0.800000	24.362436	218213.362002
51.500000	0.900000	24.362436	211518.947953
51.500000	1.000000	24.362436	205049.668533
51.600000	0.000000	46.176618	1645506.432800
51.600000	0.100000	59.857986	617627.973616
51.600000	0.200000	50.973097	432864.502067
51.600000	0.300000	50.973097	368139.644599
51.600000	0.400000	50.973097	323023.480405
51.600000	0.500000	50.973097	288194.510420
51.600000	0.600000	50.973097	260232.208812
51.600000	0.700000	50.973097	237269.906816
51.600000	0.800000	51.641164	219126.898519
51.600000	0.900000	51.641164	206174.000127
51.600000	1.000000	51.641164	194734.396177
51.700000	0.000000	30.899090	1542582.395900
51.700000	0.100000	50.097010	616129.108859
51.700000	0.200000	50.937094	433650.859356
51.700000	0.300000	50.937094	356055.182379
51.700000	0.400000	18.609861	315037.156494
51.700000	0.500000	18.609861	292139.367431
51.700000	0.600000	18.609861	271216.847124
51.700000	0.700000	18.609861	252646.914173
51.700000	0.800000	18.609861	236283.109010
51.700000	0.900000	18.609861	221850.359526
51.700000	1.000000	17.461746	209760.875330
51.800000	0.000000	17.077708	1653327.806274
51.800000	0.100000	17.289729	759424.642394
51.800000	0.200000	17.289729	582388.581961
51.800000	0.300000	17.289729	488659.404973
51.800000	0.400000	17.289729	425283.939865
51.800000	0.500000	17.289729	378228.046750
51.800000	0.600000	17.289729	341540.288379
51.800000	0.700000	17.289729	312034.186322
51.800000	0.800000	17.289729	287767.848928
51.800000	0.900000	17.289729	267458.070078
51.800000	1.000000	17.289729	250209.893845
51.900000	0.000000	54.489449	1683361.874045
51.900000	0.100000	17.465747	604789.656847
51.900000	0.200000	17.465747	473349.338936
51.900000	0.300000	17.281728	419019.733364
51.900000	0.400000	17.281728	380514.169897
51.900000	0.500000	17.281728	349396.757964
51.900000	0.600000	17.281728	323024.436156
51.900000	0.700000	17.281728	300242.247597
51.900000	0.800000	17.281728	280383.156568
51.900000	0.900000	17.281728	262975.218108
51.900000	1.000000	17.281728	247645.736296
52.000000	0.000000	21.274127	1418348.206097
52.000000	0.100000	49.164916	594864.587059
52.000000	0.200000	49.164916	435850.809337
52.000000	0.300000	25.082508	369503.750127
52.000000	0.400000	25.082508	325236.691969
52.000000	0.500000	25.082508	291663.154867
52.000000	0.600000	17.929793	269358.168791
52.000000	0.700000	17.929793	254078.678936
52.000000	0.800000	18.373837	242923.506132
52.000000	0.900000	18.373837	232797.375110
52.000000	1.000000	18.373837	223388.056167
52.100000	0.000000	29.842984	1427400.216156
52.100000	0.100000	0.040004	630806.292495
52.100000	0.200000	3.044304	474556.054449
52.100000	0.300000	4.196420	388419.530423
52.100000	0.400000	4.196420	346368.792036
52.100000	0.500000	4.196420	313419.225560
52.100000	0.600000	4.436444	287939.583842
52.100000	0.700000	4.436444	267663.878024
52.100000	0.800000	4.436444	250737.606428
52.100000	0.900000	4.436444	236394.678227
52.100000	1.000000	4.436444	224072.481288
52.200000	0.000000	0.396040	1564067.786287
52.200000	0.100000	1.316132	724950.617759
52.200000	0.200000	1.268127	489175.328036
52.200000	0.300000	1.296130	377634.475382
52.200000	0.400000	8.748875	327854.128746
52.200000	0.500000	8.748875	296698.874761
52.200000	0.600000	8.748875	272626.250102
52.200000	0.700000	8.748875	253382.429271
52.200000	0.800000	8.748875	237543.083888
52.200000	0.900000	8.748875	224187.265415
52.200000	1.000000	8.748875	212700.719115
52.300000	0.000000	6.724672	1410086.901969
52.300000	0.100000	25.502550	530610.996117
52.300000	0.200000	25.502550	415280.746296
52.300000	0.300000	25.502550	348917.051857
52.300000	0.400000	25.502550	306254.297322
52.300000	0.500000	25.502550	275218.219688
52.300000	0.600000	25.502550	250947.750567
52.300000	0.700000	25.502550	231190.519237
52.300000	0.800000	6.684668	214988.699062
52.300000	0.900000	6.684668	203523.971652
52.300000	1.000000	6.684668	193551.374617
52.400000	0.000000	2.424242	1676236.558940
52.400000	0.100000	17.241724	631652.934559
52.400000	0.200000	17.785779	434260.684261
52.400000	0.300000	58.049805	344771.756551
52.400000	0.400000	58.049805	298138.277956
52.400000	0.500000	52.137214	268740.437039
52.400000	0.600000	52.137214	256135.196864
52.400000	0.700000	52.157216	244420.253647
52.400000	0.800000	52.157216	235794.554526
52.400000	0.900000	52.157216	227492.385170
52.400000	1.000000	52.157216	219558.246440
52.500000	0.000000	31.699170	1424561.914966
52.500000	0.100000	42.784278	532645.581654
52.500000	0.200000	52.157216	398107.670313
52.500000	0.300000	52.157216	368661.115337
52.500000	0.400000	52.157216	343156.441618
52.500000	0.500000	52.157216	319885.017063
52.500000	0.600000	52.157216	299082.427163
52.500000	0.700000	52.157216	280679.377265
52.500000	0.800000	52.157216	264431.050597
52.500000	0.900000	52.157216	250052.993179
52.500000	1.000000	52.177218	237520.870537
52.600000	0.000000	37.559756	1313475.648682
52.600000	0.100000	47.816782	620356.217321
52.600000	0.200000	52.169217	458903.115910
52.600000	0.300000	52.169217	393987.106580
52.600000	0.400000	52.169217	350925.194372
52.600000	0.500000	52.149215	320301.578831
52.600000	0.600000	52.149215	297485.327308
52.600000	0.700000	52.149215	278295.270192
52.600000	0.800000	52.149215	261758.644573
52.600000	0.900000	52.149215	247265.172098
52.600000	1.000000	52.149215	234404.974419
52.700000	0.000000	58.753875	1359433.120658
52.700000	0.100000	59.369937	757088.969413
52.700000	0.200000	59.369937	576753.107915
52.700000	0.300000	59.369937	471279.086206
52.700000	0.400000	59.369937	401829.742277
52.700000	0.500000	59.369937	352539.653636
52.700000	0.600000	59.369937	315488.447920
52.700000	0.700000	59.369937	286439.963202
52.700000	0.800000	59.445945	263493.759261
52.700000	0.900000	59.445945	244814.181999
52.700000	1.000000	59.445945	229140.505511
52.800000	0.000000	59.285929	1363206.641511
52.800000	0.100000	4.412441	563831.653775
52.800000	0.200000	4.412441	404931.132320
52.800000	0.300000	59.429943	349149.225462
52.800000	0.400000	59.437944	321477.766811
52.800000	0.500000	59.437944	300210.162958
52.800000	0.600000	59.437944	280004.621689
52.800000	0.700000	59.437944	261702.818342
52.800000	0.800000	59.437944	245497.522895
52.800000	0.900000	59.437944	231288.158933
52.800000	1.000000	59.437944	218863.154195
52.900000	0.000000	5.316532	1343914.757067
52.900000	0.100000	24.786479	598531.464186
52.900000	0.200000	25.494549	455024.213443
52.900000	0.300000	25.494549	389264.883448
52.900000	0.400000	25.202520	347106.453998
52.900000	0.500000	25.202520	317359.291018
52.900000	0.600000	25.222522	296442.531764
52.900000	0.700000	25.222522	279378.253085
52.900000	0.800000	25.222522	264775.918966
52.900000	0.900000	25.222522	252078.360300
52.900000	1.000000	25.222522	240895.452105
53.000000	0.000000	0.040004	1413085.398730
53.000000	0.100000	24.358436	644778.128982
53.000000	0.200000	24.442444	520245.023122
53.000000	0.300000	25.054505	441356.005862
53.000000	0.400000	25.110511	391261.017855
53.000000	0.500000	25.222522	358322.176366
53.000000	0.600000	25.222522	333094.950457
53.000000	0.700000	25.222522	312117.196547
53.000000	0.800000	25.222522	294242.708559
53.000000	0.900000	25.222522	278710.040844
53.000000	1.000000	25.222522	265004.755585
53.100000	0.000000	49.472947	1541224.681239
53.100000	0.100000	59.313931	675216.876587
53.100000	0.200000	59.313931	477955.634078
53.100000	0.300000	24.798480	375048.601347
53.100000	0.400000	24.798480	350854.169315
53.100000	0.500000	24.798480	327947.005678
53.100000	0.600000	24.798480	306817.820673
53.100000	0.700000	25.214521	294206.304758
53.100000	0.800000	25.214521	284082.271689
53.100000	0.900000	25.214521	273801.305484
53.100000	1.000000	25.214521	263648.206581
53.200000	0.000000	59.937994	1240792.638829
53.200000	0.100000	26.882688	481640.804275
53.200000	0.200000	24.810481	383824.575815
53.200000	0.300000	24.810481	369167.399382
53.200000	0.400000	25.130513	350333.260332
53.200000	0.500000	25.130513	333580.413128
53.200000	0.600000	25.130513	316321.051744
53.200000	0.700000	25.130513	299881.090141
53.200000	0.800000	25.130513	284642.505335
53.200000	0.900000	25.130513	270647.696044
53.200000	1.000000	25.214521	258724.392234
53.300000	0.000000	2.760276	1727565.829435
53.300000	0.100000	20.358036	786437.919246
53.300000	0.200000	21.146115	564656.450673
53.300000	0.300000	24.870487	483158.330655
53.300000	0.400000	24.870487	422967.533399
53.300000	0.500000	24.870487	376675.214386
53.300000	0.600000	24.870487	340495.335611
53.300000	0.700000	24.870487	311568.503579
53.300000	0.800000	25.094509	288052.784092
53.300000	0.900000	25.094509	270209.377633
53.300000	1.000000	25.094509	254924.102405
53.400000	0.000000	59.837984	1629627.654178
53.400000	0.100000	24.854485	515832.349109
53.400000	0.200000	24.854485	459268.057236
53.400000	0.300000	24.854485	412662.045144
53.400000	0.400000	24.854485	374568.910711
53.400000	0.500000	24.854485	343246.102144
53.400000	0.600000	24.854485	317277.788704
53.400000	0.700000	24.854485	295561.500608
53.400000	0.800000	24.854485	277239.710238
53.400000	0.900000	24.854485	261643.064219
53.400000	1.000000	24.854485	248246.268918
53.500000	0.000000	45.736574	1552932.653021
53.500000	0.100000	47.408741	592939.292994
53.500000	0.200000	54.597460	403827.358307
53.500000	0.300000	56.185619	329890.298764
53.500000	0.400000	17.081708	298547.732047
53.500000	0.500000	17.081708	277927.744687
53.500000	0.600000	17.081708	259545.030961
53.500000	0.700000	24.854485	246064.940975
53.500000	0.800000	24.854485	239049.894805
53.500000	0.900000	24.854485	231830.063241
53.500000	1.000000	24.854485	224707.779099
53.600000	0.000000	57.929793	1514076.192681
53.600000	0.100000	56.113611	620154.749450
53.600000	0.200000	56.141614	454936.496587
53.600000	0.300000	41.948195	385633.729113
53.600000	0.400000	41.948195	338690.738606
53.600000	0.500000	41.948195	301332.459134
53.600000	0.600000	41.948195	271585.206560
53.600000	0.700000	41.948195	247564.415609
53.600000	0.800000	17.073707	229639.815146
53.600000	0.900000	17.073707	215393.520645
53.600000	1.000000	17.073707	203024.021216
53.700000	0.000000	3.176318	1663299.997745
53.700000	0.100000	0.512051	635177.575564
53.700000	0.200000	42.836284	492536.090995
53.700000	0.300000	42.836284	421438.207256
53.700000	0.400000	42.836284	367075.790263
53.700000	0.500000	42.836284	324376.445419
53.700000	0.600000	42.836284	290067.062898
53.700000	0.700000	43.684368	268259.816528
53.700000	0.800000	43.684368	250132.772660
53.700000	0.900000	43.684368	234319.486920
53.700000	1.000000	43.684368	220441.596502
53.800000	0.000000	53.421342	1519835.806537
53.800000	0.100000	33.691369	609238.086916
53.800000	0.200000	26.066607	441812.138667
53.800000	0.300000	26.066607	400407.415086
53.800000	0.400000	26.318632	358748.007095
53.800000	0.500000	26.318632	328333.206775
53.800000	0.600000	26.318632	301947.018364
53.800000	0.700000	26.318632	279385.849717
53.800000	0.800000	26.318632	260049.587079
53.800000	0.900000	26.318632	243345.887803
53.800000	1.000000	26.318632	228781.440838
53.900000	0.000000	51.181118	1032962.217144
53.900000	0.100000	59.621962	525792.558712
53.900000	0.200000	59.621962	421474.129706
53.900000	0.300000	26.246625	368155.986998
53.900000	0.400000	26.246625	340251.172197
53.900000	0.500000	26.246625	314340.944754
53.900000	0.600000	26.254625	291076.513886
53.900000	0.700000	26.254625	271555.544502
53.900000	0.800000	26.254625	253895.875619
53.900000	0.900000	26.254625	238027.909002
53.900000	1.000000	26.254625	223788.968776
54.000000	0.000000	24.714471	1612871.504646
54.000000	0.100000	35.255526	596644.330436
54.000000	0.200000	31.667167	454819.161158
54.000000	0.300000	31.667167	380751.005855
54.000000	0.400000	31.843184	331696.011601
54.000000	0.500000	31.907191	299567.367805
54.000000	0.600000	31.907191	274358.203796
54.000000	0.700000	31.907191	253962.497391
54.000000	0.800000	31.907191	237121.593854
54.000000	0.900000	26.646665	224177.755373
54.000000	1.000000	26.646665	215088.358747
54.100000	0.000000	41.792179	1445988.513278
54.100000	0.100000	59.989999	601966.728907
54.100000	0.200000	59.989999	441667.281634
54.100000	0.300000	59.989999	354152.284921
54.100000	0.400000	9.564956	305633.174472
54.100000	0.500000	9.564956	281519.059451
54.100000	0.600000	9.564956	260965.605859
54.100000	0.700000	9.564956	243246.166144
54.100000	0.800000	31.899190	229441.091826
54.100000	0.900000	31.899190	219948.122854
54.100000	1.000000	31.899190	211020.175276
54.200000	0.000000	24.310431	1460801.793359
54.200000	0.100000	24.310431	539333.953541
54.200000	0.200000	34.439444	383053.842150
54.200000	0.300000	35.399540	327371.756505
54.200000	0.400000	35.399540	290796.652999
54.200000	0.500000	38.435844	269560.840143
54.200000	0.600000	38.435844	252350.639212
54.200000	0.700000	38.435844	236442.042090
54.200000	0.800000	38.435844	222055.174493
54.200000	0.900000	26.646665	213668.645664
54.200000	1.000000	26.646665	207347.050274
54.300000	0.000000	25.326533	1326849.339675
54.300000	0.100000	52.149215	547811.478321
54.300000	0.200000	52.149215	418022.893400
54.300000	0.300000	55.529553	343558.086822
54.300000	0.400000	55.401540	300869.822762
54.300000	0.500000	55.401540	267043.131446
54.300000	0.600000	26.646665	251190.102338
54.300000	0.700000	26.646665	240678.947242
54.300000	0.800000	26.646665	230620.192902
54.300000	0.900000	26.646665	221111.430802
54.300000	1.000000	26.646665	212209.984191
54.400000	0.000000	8.492849	1929445.414499
54.400000	0.100000	26.462646	685352.747357
54.400000	0.200000	26.490649	493989.346129
54.400000	0.300000	26.490649	401144.222432
54.400000	0.400000	26.482648	350472.664021
54.400000	0.500000	26.482648	312716.186157
54.400000	0.600000	26.666667	286386.509088
54.400000	0.700000	26.666667	265598.548798
54.400000	0.800000	26.666667	248415.924858
54.400000	0.900000	26.666667	233977.036297
54.400000	1.000000	26.666667	221657.593495
54.500000	0.000000	14.889489	1813698.681876
54.500000	0.100000	21.322132	660140.735574
54.500000	0.200000	23.762376	487032.325791
54.500000	0.300000	24.074407	391713.253022
54.500000	0.400000	24.074407	330326.257454
54.500000	0.500000	26.714671	296179.317318
54.500000	0.600000	26.714671	273476.872063
54.500000	0.700000	26.714671	254456.644447
54.500000	0.800000	26.714671	238390.606017
54.500000	0.900000	26.714671	224680.505189
54.500000	1.000000	14.429443	214936.566010
54.600000	0.000000	38.055806	1710893.558328
54.600000	0.100000	39.823982	688086.020322
54.600000	0.200000	38.743874	493534.739342
54.600000	0.300000	38.743874	405738.542656
54.600000	0.400000	38.743874	349078.237603
54.600000	0.500000	38.743874	308862.180720
54.600000	0.600000	14.137414	279870.567833
54.600000	0.700000	14.137414	264021.996832
54.600000	0.800000	14.137414	249429.436469
54.600000	0.900000	14.129413	236578.443053
54.600000	1.000000	14.129413	225231.381217
54.700000	0.000000	10.969097	1822310.444082
54.700000	0.100000	11.233123	633200.447259
54.700000	0.200000	14.129413	459994.340044
54.700000	0.300000	14.129413	405942.723648
54.700000	0.400000	14.129413	366708.403288
54.700000	0.500000	14.129413	335620.467315
54.700000	0.600000	14.129413	309961.881544
54.700000	0.700000	14.129413	288231.720805
54.700000	0.800000	14.129413	269488.562607
54.700000	0.900000	14.129413	253100.682974
54.700000	1.000000	14.129413	238621.798009
54.800000	0.000000	51.305131	1352348.855489
54.800000	0.100000	36.467647	581619.672669
54.800000	0.200000	36.467647	461805.987380
54.800000	0.300000	36.467647	382434.556433
54.800000	0.400000	14.205421	354027.509420
54.800000	0.500000	14.205421	329857.305579
54.800000	0.600000	14.205421	306148.249990
54.800000	0.700000	14.205421	284341.974259
54.800000	0.800000	14.205421	264769.435137
54.800000	0.900000	14.205421	247359.504516
54.800000	1.000000	14.205421	231905.737159
54.900000	0.000000	22.354235	1377971.545553
54.900000	0.100000	13.861386	628427.715433
54.900000	0.200000	13.861386	505426.943458
54.900000	0.300000	13.861386	426976.572970
54.900000	0.400000	13.861386	369412.549259
54.900000	0.500000	14.225423	327617.966729
54.900000	0.600000	14.225423	296467.947518
54.900000	0.700000	14.225423	270990.466836
54.900000	0.800000	14.225423	249799.768652
54.900000	0.900000	15.437544	233126.020678
54.900000	1.000000	15.437544	221915.817122
55.000000	0.000000	12.765277	1450673.995800
55.000000	0.100000	13.993399	562131.948220
55.000000	0.200000	13.965397	426803.293814
55.000000	0.300000	13.965397	360360.402457
55.000000	0.400000	13.773377	318281.976085
55.000000	0.500000	14.765477	287883.683436
55.000000	0.600000	14.765477	266246.486684
55.000000	0.700000	14.765477	247352.733306
55.000000	0.800000	15.437544	231038.485330
55.000000	0.900000	15.437544	219849.338013
55.000000	1.000000	15.437544	209798.773663
55.100000	0.000000	39.555956	1425264.523914
55.100000	0.100000	23.630363	578309.177044
55.100000	0.200000	23.766377	439536.629838
55.100000	0.300000	23.766377	352014.960317
55.100000	0.400000	21.278128	309773.041528
55.100000	0.500000	21.278128	285737.198309
55.100000	0.600000	21.278128	266660.461531
55.100000	0.700000	21.278128	250493.959994
55.100000	0.800000	21.278128	236342.310909
55.100000	0.900000	21.278128	223745.981248
55.100000	1.000000	21.278128	212427.875995
55.200000	0.000000	29.054905	1734047.648250
55.200000	0.100000	46.392639	637921.051492
55.200000	0.200000	20.174017	465417.842530
55.200000	0.300000	20.174017	393353.415274
55.200000	0.400000	21.270127	348903.991577
55.200000	0.500000	21.270127	317526.691224
55.200000	0.600000	21.270127	291842.470454
55.200000	0.700000	21.270127	270278.673794
55.200000	0.800000	21.270127	251861.882855
55.200000	0.900000	21.270127	235934.073456
55.200000	1.000000	21.270127	222022.133273
55.300000	0.000000	24.042404	1664556.523980
55.300000	0.100000	26.746675	644750.433126
55.300000	0.200000	26.682668	481046.923354
55.300000	0.300000	26.826683	401360.026694
55.300000	0.400000	26.826683	355082.984238
55.300000	0.500000	26.826683	320041.663823
55.300000	0.600000	26.826683	292634.674187
55.300000	0.700000	26.826683	270595.279363
55.300000	0.800000	26.826683	252419.807735
55.300000	0.900000	26.826683	237095.253474
55.300000	1.000000	26.826683	223929.771003
55.400000	0.000000	53.609361	1792297.429853
55.400000	0.100000	7.596760	623861.428354
55.400000	0.200000	7.596760	471190.524454
55.400000	0.300000	7.596760	390316.508158
55.400000	0.400000	7.596760	339148.419214
55.400000	0.500000	7.596760	303179.498370
55.400000	0.600000	7.596760	276029.514173
55.400000	0.700000	7.596760	254484.189729
55.400000	0.800000	26.682668	241505.533141
55.400000	0.900000	26.854685	231681.552234
55.400000	1.000000	26.854685	222389.552613
55.500000	0.000000	0.168017	1683247.254762
55.500000	0.100000	4.024402	763542.641365
55.500000	0.200000	4.024402	531056.229052
55.500000	0.300000	4.024402	422665.151217
55.500000	0.400000	4.024402	358635.346085
55.500000	0.500000	4.024402	314937.861430
55.500000	0.600000	4.024402	282470.620049
55.500000	0.700000	26.846685	267435.985399
55.500000	0.800000	26.846685	255613.831181
55.500000	0.900000	26.846685	244628.164997
55.500000	1.000000	26.846685	234402.755046
55.600000	0.000000	30.911091	1394191.079514
55.600000	0.100000	42.376238	611027.918744
55.600000	0.200000	42.376238	445127.895773
55.600000	0.300000	15.625563	371795.737866
55.600000	0.400000	15.625563	334644.259417
55.600000	0.500000	15.625563	306238.990300
55.600000	0.600000	15.625563	283383.467299
55.600000	0.700000	26.838684	266129.911258
55.600000	0.800000	26.838684	251798.073397
55.600000	0.900000	26.838684	238985.018329
55.600000	1.000000	26.846685	228208.513465
55.700000	0.000000	0.028003	1652440.573512
55.700000	0.100000	0.116012	511560.141726
55.700000	0.200000	41.620162	399187.037541
55.700000	0.300000	26.830683	337676.309187
55.700000	0.400000	26.830683	303309.974180
55.700000	0.500000	26.830683	278977.202283
55.700000	0.600000	26.830683	260372.349850
55.700000	0.700000	26.830683	245258.964074
55.700000	0.800000	26.830683	232449.907370
55.700000	0.900000	26.830683	221283.350247
55.700000	1.000000	15.697570	211783.084068
55.800000	0.000000	57.013701	1384087.611298
55.800000	0.100000	53.161316	528294.581871
55.800000	0.200000	53.529353	395944.829545
55.800000	0.300000	15.661566	338042.663021
55.800000	0.400000	15.617562	304959.109953
55.800000	0.500000	15.617562	281999.917141
55.800000	0.600000	15.617562	263469.422845
55.800000	0.700000	15.617562	247922.136160
55.800000	0.800000	15.617562	234485.174384
55.800000	0.900000	15.617562	222631.128624
55.800000	1.000000	15.617562	212026.854329
55.900000	0.000000	4.408441	1516450.461061
55.900000	0.100000	15.897590	561151.463175
55.900000	0.200000	15.897590	446473.817113
55.900000	0.300000	15.601560	379662.469783
55.900000	0.400000	15.601560	333794.610406
55.900000	0.500000	15.601560	297833.901847
55.900000	0.600000	15.717572	269937.732497
55.900000	0.700000	1.600160	248214.207279
55.900000	0.800000	1.600160	234658.868236
55.900000	0.900000	1.600160	222534.827325
55.900000	1.000000	1.600160	211652.647357
56.000000	0.000000	32.635264	1242277.072943
56.000000	0.100000	37.387739	554530.514418
56.000000	0.200000	37.387739	440035.497631
56.000000	0.300000	37.423742	372751.506494
56.000000	0.400000	37.423742	327100.578092
56.000000	0.500000	37.423742	292820.576906
56.000000	0.600000	1.592159	271498.213092
56.000000	0.700000	1.736174	254807.076524
56.000000	0.800000	1.736174	241039.690938
56.000000	0.900000	1.736174	229169.129929
56.000000	1.000000	1.736174	218739.689178
56.100000	0.000000	4.128413	1866808.504572
56.100000	0.100000	23.710371	704299.026884
56.100000	0.200000	29.850985	487954.441840
56.100000	0.300000	34.271427	389744.117168
56.100000	0.400000	34.271427	344828.722359
56.100000	0.500000	34.271427	312403.676715
56.100000	0.600000	34.271427	287848.911135
56.100000	0.700000	34.271427	268453.173221
56.100000	0.800000	34.271427	252575.648943
56.100000	0.900000	34.271427	239192.955552
56.100000	1.000000	34.271427	227646.516428
56.200000	0.000000	7.896790	1364851.096193
56.200000	0.100000	7.816782	632334.578648
56.200000	0.200000	7.816782	478563.489227
56.200000	0.300000	7.816782	396004.996572
56.200000	0.400000	7.816782	341798.946324
56.200000	0.500000	7.816782	303834.771298
56.200000	0.600000	34.227423	279240.345814
56.200000	0.700000	34.227423	268245.877819
56.200000	0.800000	34.227423	257368.340326
56.200000	0.900000	34.227423	246888.235213
56.200000	1.000000	34.227423	236941.578037
56.300000	0.000000	29.978998	1602987.796258
56.300000	0.100000	33.319332	642863.992047
56.300000	0.200000	24.582458	461749.713762
56.300000	0.300000	24.618462	380213.300036
56.300000	0.400000	34.219422	340963.163386
56.300000	0.500000	34.219422	317589.932350
56.300000	0.600000	34.219422	298679.369837
56.300000	0.700000	34.219422	282780.313274
56.300000	0.800000	34.219422	268988.401585
56.300000	0.900000	34.219422	256752.135937
56.300000	1.000000	34.219422	245728.813242
56.400000	0.000000	50.217022	1630050.051163
56.400000	0.100000	58.337834	626185.156643
56.400000	0.200000	27.966797	466617.439914
56.400000	0.300000	27.966797	402388.028889
56.400000	0.400000	27.966797	356168.426000
56.400000	0.500000	28.002800	320701.309211
56.400000	0.600000	34.211421	296424.664176
56.400000	0.700000	34.211421	278022.137516
56.400000	0.800000	34.211421	262129.918216
56.400000	0.900000	34.211421	248268.472960
56.400000	1.000000	34.211421	236055.339594
56.500000	0.000000	42.644264	1900776.132881
56.500000	0.100000	27.986799	645988.190776
56.500000	0.200000	27.986799	505682.460855
56.500000	0.300000	27.986799	435235.808531
56.500000	0.400000	27.986799	383547.156841
56.500000	0.500000	27.986799	342476.001345
56.500000	0.600000	28.022802	309651.832210
56.500000	0.700000	28.022802	282881.888187
56.500000	0.800000	28.022802	260278.775411
56.500000	0.900000	28.022802	241016.952237
56.500000	1.000000	28.022802	224454.899114
56.600000	0.000000	20.534053	1681386.861858
56.600000	0.100000	20.922092	656391.549363
56.600000	0.200000	21.010101	478238.391609
56.600000	0.300000	52.709271	395508.900297
56.600000	0.400000	23.686369	343845.981909
56.600000	0.500000	23.686369	312062.460278
56.600000	0.600000	23.686369	287714.372232
56.600000	0.700000	23.686369	268370.629867
56.600000	0.800000	23.686369	252479.081866
56.600000	0.900000	23.686369	239050.643681
56.600000	1.000000	23.686369	227445.645061
56.700000	0.000000	12.249225	1181415.655235
56.700000	0.100000	0.932093	587061.025925
56.700000	0.200000	0.940094	453018.579378
56.700000	0.300000	0.940094	371772.450922
56.700000	0.400000	0.940094	316008.587306
56.700000	0.500000	23.510351	280581.927021
56.700000	0.600000	23.686369	272845.530209
56.700000	0.700000	23.686369	263911.830031
56.700000	0.800000	23.686369	254218.517502
56.700000	0.900000	23.686369	244306.870495
56.700000	1.000000	23.686369	234530.330596
56.800000	0.000000	29.790979	1442713.578910
56.800000	0.100000	47.632763	551827.587168
56.800000	0.200000	23.502350	458260.558449
56.800000	0.300000	23.450345	405933.444003
56.800000	0.400000	23.450345	364013.178607
56.800000	0.500000	23.450345	330471.267877
56.800000	0.600000	23.450345	303172.984980
56.800000	0.700000	23.670367	281548.178349
56.800000	0.800000	23.670367	264127.552840
56.800000	0.900000	23.670367	249170.747410
56.800000	1.000000	23.670367	236124.251710
56.900000	0.000000	59.781978	1164256.885094
56.900000	0.100000	2.964296	565140.575920
56.900000	0.200000	2.964296	476491.112218
56.900000	0.300000	2.964296	416586.535304
56.900000	0.400000	6.888689	375308.160921
56.900000	0.500000	6.888689	343905.852323
56.900000	0.600000	6.888689	316454.675981
56.900000	0.700000	6.888689	292457.303371
56.900000	0.800000	6.888689	271467.795586
56.900000	0.900000	6.888689	253074.236507
56.900000	1.000000	6.888689	236905.131213
57.000000	0.000000	57.917792	1844830.856222
57.000000	0.100000	1.048105	750757.554117
57.000000	0.200000	6.724672	542877.075238
57.000000	0.300000	7.540754	449952.046879
57.000000	0.400000	7.540754	389426.816736
57.000000	0.500000	7.540754	346521.279441
57.000000	0.600000	7.540754	314091.296610
57.000000	0.700000	7.540754	288233.371945
57.000000	0.800000	7.540754	266790.228656
57.000000	0.900000	7.540754	248513.452366
57.000000	1.000000	7.540754	232635.788593
57.100000	0.000000	36.671667	1342650.164577
57.100000	0.100000	26.370637	549193.186516
57.100000	0.200000	26.370637	443203.829402
57.100000	0.300000	26.414641	375764.122186
57.100000	0.400000	26.414641	329817.319914
57.100000	0.500000	7.612761	301951.765470
57.100000	0.600000	7.972797	282672.257977
57.100000	0.700000	8.068807	267415.646545
57.100000	0.800000	8.068807	254106.193830
57.100000	0.900000	8.068807	241955.683391
57.100000	1.000000	8.068807	230905.653960
57.200000	0.000000	56.121612	1677820.705366
57.200000	0.100000	57.013701	688440.223814
57.200000	0.200000	59.469947	505490.330709
57.200000	0.300000	51.477148	415777.486643
57.200000	0.400000	51.477148	365589.639900
57.200000	0.500000	51.469147	329049.736765
57.200000	0.600000	51.469147	300514.772921
57.200000	0.700000	51.469147	276917.205799
57.200000	0.800000	51.469147	257066.362307
57.200000	0.900000	51.469147	240126.440093
57.200000	1.000000	8.008801	225594.535233
57.300000	0.000000	48.672867	1721341.330225
57.300000	0.100000	59.909991	620721.394009
57.300000	0.200000	59.909991	469487.348719
57.300000	0.300000	59.909991	391078.625035
57.300000	0.400000	59.909991	337648.393935
57.300000	0.500000	59.909991	297072.337220
57.300000	0.600000	51.557156	268024.425669
57.300000	0.700000	51.557156	254021.247045
57.300000	0.800000	51.557156	240415.719839
57.300000	0.900000	51.557156	227721.294424
57.300000	1.000000	52.029203	216163.244584
57.400000	0.000000	24.362436	1609765.288759
57.400000	0.100000	48.292829	652329.517386
57.400000	0.200000	48.736874	463614.005979
57.400000	0.300000	50.593059	370269.977721
57.400000	0.400000	50.593059	319101.204943
57.400000	0.500000	33.303330	288419.175617
57.400000	0.600000	33.303330	267521.799121
57.400000	0.700000	33.303330	250245.210659
57.400000	0.800000	33.311331	236743.805181
57.400000	0.900000	33.311331	224894.525906
57.400000	1.000000	33.311331	214389.201675
57.500000	0.000000	0.276028	1581963.102923
57.500000	0.100000	0.484048	675664.997908
57.500000	0.200000	0.588059	476428.181099
57.500000	0.300000	29.602960	389524.877193
57.500000	0.400000	29.602960	338421.239949
57.500000	0.500000	57.941794	305627.358330
57.500000	0.600000	57.941794	280905.851958
57.500000	0.700000	57.941794	260035.764242
57.500000	0.800000	57.941794	242355.560334
57.500000	0.900000	57.941794	227266.255802
57.500000	1.000000	33.303330	216607.181691
57.600000	0.000000	56.129613	1282511.992661
57.600000	0.100000	53.317332	532289.904117
57.600000	0.200000	56.337634	438168.737886
57.600000	0.300000	56.337634	375790.103628
57.600000	0.400000	36.287629	332919.576209
57.600000	0.500000	36.331633	302360.088220
57.600000	0.600000	36.331633	277228.515541
57.600000	0.700000	36.331633	255908.615248
57.600000	0.800000	36.331633	237745.365634
57.600000	0.900000	36.331633	222190.662846
57.600000	1.000000	59.113911	209507.616350
57.700000	0.000000	3.828383	1916882.695978
57.700000	0.100000	56.913691	740891.049896
57.700000	0.200000	58.057806	513435.343140
57.700000	0.300000	58.057806	403918.979296
57.700000	0.400000	58.057806	339457.541625
57.700000	0.500000	58.101810	297773.733988
57.700000	0.600000	59.105911	269303.894410
57.700000	0.700000	59.149915	251026.389720
57.700000	0.800000	59.149915	236987.863400
57.700000	0.900000	22.614261	225445.114719
57.700000	1.000000	22.614261	215280.893627
57.800000	0.000000	29.962996	1445156.753382
57.800000	0.100000	14.385439	570374.067781
57.800000	0.200000	14.393439	445761.352793
57.800000	0.300000	14.393439	386695.997694
57.800000	0.400000	14.609461	348975.071868
57.800000	0.500000	14.609461	317982.006887
57.800000	0.600000	14.609461	291561.507914
57.800000	0.700000	31.463146	271298.862977
57.800000	0.800000	31.463146	254867.385639
57.800000	0.900000	31.463146	239875.129715
57.800000	1.000000	31.575158	226927.980694
57.900000	0.000000	36.043604	1379311.242288
57.900000	0.100000	27.870787	571250.575626
57.900000	0.200000	31.463146	489241.791715
57.900000	0.300000	31.455146	425931.472239
57.900000	0.400000	31.455146	377381.352862
57.900000	0.500000	31.455146	338521.631584
57.900000	0.600000	31.559156	308204.209927
57.900000	0.700000	31.559156	283429.649170
57.900000	0.800000	32.095210	264911.152603
57.900000	0.900000	32.095210	249975.292568
57.900000	1.000000	32.095210	236928.697602
58.000000	0.000000	1.924192	1877257.876955
58.000000	0.100000	11.993199	644691.093276
58.000000	0.200000	32.019202	518230.079873
58.000000	0.300000	32.019202	443964.561262
58.000000	0.400000	32.019202	385182.223907
58.000000	0.500000	32.019202	339379.723021
58.000000	0.600000	32.087209	307201.674589
58.000000	0.700000	32.087209	282970.163932
58.000000	0.800000	32.087209	263075.907483
58.000000	0.900000	32.087209	246452.017337
58.000000	1.000000	32.087209	232347.066851
58.100000	0.000000	58.297830	1636225.590516
58.100000	0.100000	10.069007	602373.866151
58.100000	0.200000	34.031403	467649.768381
58.100000	0.300000	34.031403	404603.695569
58.100000	0.400000	34.031403	359261.078338
58.100000	0.500000	34.091409	324717.637999
58.100000	0.600000	34.195420	298470.048770
58.100000	0.700000	34.195420	278419.672947
58.100000	0.800000	34.195420	261302.756243
58.100000	0.900000	34.195420	246431.670736
58.100000	1.000000	34.323432	234637.966406
58.200000	0.000000	16.229623	1443496.409659
58.200000	0.100000	16.109611	578548.199365
58.200000	0.200000	18.781878	420559.701788
58.200000	0.300000	40.312031	353008.120203
58.200000	0.400000	34.127413	324761.768350
58.200000	0.500000	34.127413	304237.495191
58.200000	0.600000	34.127413	285744.773931
58.200000	0.700000	34.127413	269037.327241
58.200000	0.800000	34.127413	253917.490676
58.200000	0.900000	34.127413	240212.864000
58.200000	1.000000	34.127413	227771.205588
58.300000	0.000000	12.881288	1488430.832374
58.300000	0.100000	13.945395	562537.882207
58.300000	0.200000	39.791979	435983.341008
58.300000	0.300000	39.799980	375487.970678
58.300000	0.400000	39.799980	332702.388093
58.300000	0.500000	39.799980	300448.323629
58.300000	0.600000	39.799980	275197.555258
58.300000	0.700000	39.799980	254821.835806
58.300000	0.800000	39.799980	237985.485096
58.300000	0.900000	33.323332	225311.078260
58.300000	1.000000	33.323332	215020.981860
58.400000	0.000000	15.133513	1487903.657773
58.400000	0.100000	13.949395	583981.623972
58.400000	0.200000	13.905391	414310.128717
58.400000	0.300000	8.780878	341770.611192
58.400000	0.400000	39.263926	313082.851321
58.400000	0.500000	39.263926	293793.206377
58.400000	0.600000	39.263926	275946.226405
58.400000	0.700000	39.263926	259424.612163
58.400000	0.800000	39.263926	244216.403776
58.400000	0.900000	39.775978	232173.881379
58.400000	1.000000	39.775978	221453.007217
58.500000	0.000000	20.898090	1762654.164540
58.500000	0.100000	50.821082	674229.526160
58.500000	0.200000	50.821082	514965.695100
58.500000	0.300000	39.247925	423814.763923
58.500000	0.400000	39.247925	387525.234754
58.500000	0.500000	39.247925	355956.828299
58.500000	0.600000	39.247925	328107.019072
58.500000	0.700000	39.247925	303700.233804
58.500000	0.800000	39.247925	282359.895788
58.500000	0.900000	39.247925	263658.206375
58.500000	1.000000	39.247925	247191.689834
58.600000	0.000000	1.032103	1558551.168258
58.600000	0.100000	39.267927	576751.720847
58.600000	0.200000	39.147915	494036.726543
58.600000	0.300000	39.155916	440785.181308
58.600000	0.400000	39.283928	396919.362727
58.600000	0.500000	39.283928	363282.140105
58.600000	0.600000	39.283928	335610.577158
58.600000	0.700000	39.283928	312367.673415
58.600000	0.800000	39.283928	292464.424188
58.600000	0.900000	39.283928	275160.568554
58.600000	1.000000	39.283928	259942.658918
58.700000	0.000000	55.173517	1304292.623367
58.700000	0.100000	26.570657	553581.920280
58.700000	0.200000	26.570657	416618.243904
58.700000	0.300000	26.578658	345143.502196
58.700000	0.400000	39.275928	315621.110981
58.700000	0.500000	39.275928	303555.323109
58.700000	0.600000	39.275928	290903.233825
58.700000	0.700000	39.275928	278252.592789
58.700000	0.800000	39.275928	265989.805503
58.700000	0.900000	39.275928	254326.826508
58.700000	1.000000	39.275928	243361.353179
58.800000	0.000000	0.376038	1422835.041499
58.800000	0.100000	39.931993	578713.816267
58.800000	0.200000	39.939994	418653.001565
58.800000	0.300000	38.919892	344861.963596
58.800000	0.400000	38.919892	303539.709835
58.800000	0.500000	38.919892	275134.715072
58.800000	0.600000	39.131913	255237.946002
58.800000	0.700000	12.469247	240472.033776
58.800000	0.800000	12.469247	228117.133190
58.800000	0.900000	39.275928	218525.003548
58.800000	1.000000	39.275928	210979.950402
58.900000	0.000000	54.317432	1609365.268991
58.900000	0.100000	55.489549	535997.942719
58.900000	0.200000	58.161816	383015.246759
58.900000	0.300000	58.161816	327268.337052
58.900000	0.400000	58.161816	292541.932909
58.900000	0.500000	58.153815	266971.724198
58.900000	0.600000	58.153815	246146.489645
58.900000	0.700000	58.153815	228267.323303
58.900000	0.800000	57.969797	215881.310761
58.900000	0.900000	57.961796	208363.697976
58.900000	1.000000	57.961796	202159.942823
59.000000	0.000000	27.494749	1396032.715460
59.000000	0.100000	55.613561	564298.191112
59.000000	0.200000	55.681568	467389.505045
59.000000	0.300000	57.969797	400807.863715
59.000000	0.400000	57.961796	359336.603802
59.000000	0.500000	57.961796	327791.149347
59.000000	0.600000	57.961796	301949.976723
59.000000	0.700000	57.961796	280436.109519
59.000000	0.800000	57.953795	263161.589135
59.000000	0.900000	57.953795	248379.945591
59.000000	1.000000	57.953795	235465.392649
59.100000	0.000000	25.606561	1467904.457721
59.100000	0.100000	24.694469	593427.441650
59.100000	0.200000	57.853785	442091.293257
59.100000	0.300000	57.853785	395707.415939
59.100000	0.400000	57.861786	363614.067336
59.100000	0.500000	57.861786	336041.088231
59.100000	0.600000	57.861786	311980.166294
59.100000	0.700000	57.861786	290988.307267
59.100000	0.800000	57.861786	272616.546536
59.100000	0.900000	57.861786	256448.322830
59.100000	1.000000	57.869787	242169.956506
59.200000	0.000000	25.514551	1384128.558588
59.200000	0.100000	40.344034	569494.373759
59.200000	0.200000	40.352035	444535.549921
59.200000	0.300000	40.352035	372791.781529
59.200000	0.400000	57.769777	331762.328089
59.200000	0.500000	57.853785	311832.334476
59.200000	0.600000	57.853785	295247.283533
59.200000	0.700000	57.853785	279706.295637
59.200000	0.800000	57.853785	265351.942653
59.200000	0.900000	57.853785	252145.020954
59.200000	1.000000	57.853785	239999.210410
59.300000	0.000000	33.255326	1593095.375724
59.300000	0.100000	33.743374	687496.257834
59.300000	0.200000	38.415842	485376.750635
59.300000	0.300000	38.415842	392565.565288
59.300000	0.400000	38.415842	328296.136066
59.300000	0.500000	57.737774	293353.467927
59.300000	0.600000	57.737774	274204.571161
59.300000	0.700000	9.916992	257370.844306
59.300000	0.800000	9.916992	242332.627836
59.300000	0.900000	9.916992	228679.863981
59.300000	1.000000	58.065807	217272.182826
59.400000	0.000000	8.924892	1637169.309193
59.400000	0.100000	9.008901	686272.566827
59.400000	0.200000	9.968997	464058.618568
59.400000	0.300000	9.968997	368656.730934
59.400000	0.400000	9.968997	317766.083335
59.400000	0.500000	9.968997	285460.392397
59.400000	0.600000	9.816982	262642.947929
59.400000	0.700000	10.281028	245320.913234
59.400000	0.800000	10.281028	232716.175872
59.400000	0.900000	10.281028	221617.837396
59.400000	1.000000	10.281028	211638.203530
59.500000	0.000000	14.901490	1470365.319734
59.500000	0.100000	29.806981	591260.126449
59.500000	0.200000	29.806981	419185.478948
59.500000	0.300000	10.265027	345202.706674
59.500000	0.400000	10.265027	314195.365785
59.500000	0.500000	10.265027	290656.813684
59.500000	0.600000	10.265027	270975.939772
59.500000	0.700000	10.265027	253887.130165
59.500000	0.800000	10.265027	238827.252934
59.500000	0.900000	10.265027	225458.656820
59.500000	1.000000	10.265027	213529.627722
59.600000	0.000000	10.285029	1645227.676427
59.600000	0.100000	33.783378	684171.976143
59.600000	0.200000	34.043404	501214.430644
59.600000	0.300000	34.043404	405804.589889
59.600000	0.400000	34.043404	344477.737172
59.600000	0.500000	34.043404	300781.149167
59.600000	0.600000	10.553055	268241.725552
59.600000	0.700000	10.553055	249592.518447
59.600000	0.800000	36.483648	234337.489741
59.600000	0.900000	36.483648	223314.048371
59.600000	1.000000	36.483648	213452.548685
59.700000	0.000000	8.172817	1323431.361256
59.700000	0.100000	29.374937	544480.219326
59.700000	0.200000	33.795380	461568.226247
59.700000	0.300000	33.795380	391778.784853
59.700000	0.400000	47.404740	345649.760115
59.700000	0.500000	47.404740	309087.925253
59.700000	0.600000	47.396740	279184.085479
59.700000	0.700000	36.467647	260108.965059
59.700000	0.800000	36.467647	246302.570485
59.700000	0.900000	36.467647	233799.290252
59.700000	1.000000	36.467647	222488.040945
59.800000	0.000000	47.108711	1429923.733594
59.800000	0.100000	47.056706	641890.129250
59.800000	0.200000	47.056706	476984.285495
59.800000	0.300000	48.536854	392277.063472
59.800000	0.400000	48.536854	346413.190400
59.800000	0.500000	48.536854	312749.090363
59.800000	0.600000	48.536854	286583.324465
59.800000	0.700000	48.536854	265440.558452
59.800000	0.800000	48.536854	247863.224663
59.800000	0.900000	48.536854	232925.662664
59.800000	1.000000	48.536854	220009.557379
59.900000	0.000000	20.638064	1559238.968344
59.900000	0.100000	24.310431	733798.235059
59.900000	0.200000	24.418442	505637.819486
59.900000	0.300000	24.426443	395420.531814
59.900000	0.400000	28.634863	333481.342612
59.900000	0.500000	48.596860	300743.930151
59.900000	0.600000	48.596860	280092.526578
59.900000	0.700000	48.596860	262481.800158
59.900000	0.800000	48.596860	247036.535473
59.900000	0.900000	48.596860	233308.532279
59.900000	1.000000	48.680868	221075.169065
60.000000	0.000000	21.630163	1606866.495069
60.000000	0.100000	27.178718	601915.792282
60.000000	0.200000	27.302730	438436.407966
60.000000	0.300000	27.302730	372461.831469
60.000000	0.400000	27.310731	327452.937426
60.000000	0.500000	27.310731	294233.927817
60.000000	0.600000	48.664866	267263.735296
60.000000	0.700000	48.664866	249679.464736
60.000000	0.800000	48.664866	235128.194385
60.000000	0.900000	48.664866	222710.907326
60.000000	1.000000	48.664866	211882.119254
60.100000	0.000000	53.645365	1250926.038189
60.100000	0.100000	54.317432	583484.255674
60.100000	0.200000	30.167017	437822.845104
60.100000	0.300000	30.167017	366113.151520
60.100000	0.400000	30.175018	319001.618697
60.100000	0.500000	30.175018	285758.655140
60.100000	0.600000	30.175018	260208.613355
60.100000	0.700000	30.183018	240126.392781
60.100000	0.800000	30.183018	223481.559364
60.100000	0.900000	30.183018	209301.774254
60.100000	1.000000	36.763676	197538.398370
60.200000	0.000000	34.559456	1711451.049210
60.200000	0.100000	36.311631	600466.538923
60.200000	0.200000	52.045205	459055.236199
60.200000	0.300000	52.045205	375941.856324
60.200000	0.400000	52.045205	316583.552997
60.200000	0.500000	36.763676	276765.083544
60.200000	0.600000	36.763676	263459.422960
60.200000	0.700000	36.763676	250637.320183
60.200000	0.800000	36.763676	238872.034707
60.200000	0.900000	36.763676	228282.485555
60.200000	1.000000	36.763676	218805.030553
60.300000	0.000000	49.040904	1355164.803496
60.300000	0.100000	46.968697	631338.648040
60.300000	0.200000	46.968697	436044.874036
60.300000	0.300000	53.145315	363431.636205
60.300000	0.400000	36.739674	330050.378537
60.300000	0.500000	36.739674	303528.086346
60.300000	0.600000	36.739674	281740.580703
60.300000	0.700000	36.739674	263539.101630
60.300000	0.800000	36.747675	248101.090330
60.300000	0.900000	36.747675	235167.102508
60.300000	1.000000	36.747675	223827.321299
60.400000	0.000000	2.088209	1523131.029718
60.400000	0.100000	10.497050	601534.657129
60.400000	0.200000	58.917892	447295.692289
60.400000	0.300000	58.917892	378958.844554
60.400000	0.400000	58.917892	330451.151636
60.400000	0.500000	58.917892	292803.127191
60.400000	0.600000	58.917892	262611.908817
60.400000	0.700000	36.799680	246977.828019
60.400000	0.800000	36.799680	234296.746741
60.400000	0.900000	29.442944	223532.617352
60.400000	1.000000	29.442944	214578.446532
60.500000	0.000000	34.371437	1302389.349001
60.500000	0.100000	1.004100	482278.685915
60.500000	0.200000	1.624162	385142.175827
60.500000	0.300000	1.640164	333187.398443
60.500000	0.400000	53.065307	303688.573668
60.500000	0.500000	3.864386	282640.501127
60.500000	0.600000	3.864386	263253.844328
60.500000	0.700000	53.065307	247762.026977
60.500000	0.800000	4.740474	239692.446399
60.500000	0.900000	4.740474	231924.906148
60.500000	1.000000	4.740474	224423.807785
60.600000	0.000000	0.228023	1704012.269682
60.600000	0.100000	4.436444	698870.319122
60.600000	0.200000	4.740474	499058.893971
60.600000	0.300000	4.740474	421298.309069
60.600000	0.400000	4.740474	372007.528488
60.600000	0.500000	4.740474	336770.489712
60.600000	0.600000	4.740474	309917.703861
60.600000	0.700000	4.740474	288579.876865
60.600000	0.800000	4.740474	271091.930153
60.600000	0.900000	4.740474	256401.301335
60.600000	1.000000	4.740474	243804.762715
60.700000	0.000000	1.020102	1557838.078526
60.700000	0.100000	1.332133	617640.306430
60.700000	0.200000	29.322932	500339.473061
60.700000	0.300000	29.470947	424189.294651
60.700000	0.400000	29.486949	372454.261806
60.700000	0.500000	29.494949	334519.599559
60.700000	0.600000	29.494949	305317.283844
60.700000	0.700000	29.494949	281841.872933
60.700000	0.800000	29.494949	262617.804764
60.700000	0.900000	29.494949	246578.110831
60.700000	1.000000	29.494949	232955.557789
60.800000	0.000000	55.241524	1682507.655825
60.800000	0.100000	12.157216	622050.985107
60.800000	0.200000	46.896690	476649.280381
60.800000	0.300000	47.028703	415450.909686
60.800000	0.400000	47.340734	369896.791473
60.800000	0.500000	47.340734	336078.620780
60.800000	0.600000	47.340734	308764.374504
60.800000	0.700000	47.340734	286235.326117
60.800000	0.800000	47.340734	267257.222002
60.800000	0.900000	47.340734	250979.815666
60.800000	1.000000	47.340734	236812.797044
60.900000	0.000000	19.053905	1595988.939499
60.900000	0.100000	19.069907	743079.532144
60.900000	0.200000	19.185919	490211.701224
60.900000	0.300000	19.185919	379900.082320
60.900000	0.400000	4.768477	340659.762859
60.900000	0.500000	4.768477	315351.810156
60.900000	0.600000	4.768477	294279.267287
60.900000	0.700000	4.768477	276115.543797
60.900000	0.800000	4.768477	260158.103090
60.900000	0.900000	4.768477	245967.122931
60.900000	1.000000	4.768477	233234.834693
61.000000	0.000000	59.793979	1155443.231097
61.000000	0.100000	4.752475	528930.044468
61.000000	0.200000	4.752475	419400.619675
61.000000	0.300000	4.752475	365245.901965
61.000000	0.400000	4.752475	329678.504339
61.000000	0.500000	4.752475	301867.579458
61.000000	0.600000	5.040504	279742.883677
61.000000	0.700000	5.040504	262567.328430
61.000000	0.800000	5.040504	247424.956543
61.000000	0.900000	5.040504	233952.836136
61.000000	1.000000	5.040504	221883.743704
61.100000	0.000000	25.402540	1288377.656176
61.100000	0.100000	5.024502	555609.841586
61.100000	0.200000	5.008501	424714.076281
61.100000	0.300000	5.008501	360392.139415
61.100000	0.400000	5.148515	323880.347755
61.100000	0.500000	5.148515	300104.734650
61.100000	0.600000	5.148515	280932.538614
61.100000	0.700000	5.148515	264427.569365
61.100000	0.800000	5.148515	249757.994272
61.100000	0.900000	5.148515	236530.573088
61.100000	1.000000	5.148515	224529.037759
61.200000	0.000000	3.076308	1373123.245397
61.200000	0.100000	3.116312	568414.318720
61.200000	0.200000	5.132513	422750.947586
61.200000	0.300000	5.132513	367217.127006
61.200000	0.400000	5.132513	327721.115799
61.200000	0.500000	5.132513	297038.280188
61.200000	0.600000	5.132513	272082.441997
61.200000	0.700000	5.148515	251380.684950
61.200000	0.800000	5.148515	234740.342828
61.200000	0.900000	5.148515	220567.740510
61.200000	1.000000	5.148515	208364.392949
61.300000	0.000000	25.810581	1205660.243859
61.300000	0.100000	38.767877	571677.751207
61.300000	0.200000	5.740574	449114.147080
61.300000	0.300000	5.740574	385145.455639
61.300000	0.400000	5.740574	338560.505596
61.300000	0.500000	5.740574	303082.443078
61.300000	0.600000	5.740574	274936.126682
61.300000	0.700000	5.740574	251927.471635
61.300000	0.800000	5.740574	232708.002282
61.300000	0.900000	5.740574	216389.223414
61.300000	1.000000	5.740574	202350.543530
61.400000	0.000000	49.680968	1456525.506865
61.400000	0.100000	17.553755	750356.804036
61.400000	0.200000	17.553755	565175.169374
61.400000	0.300000	17.553755	455169.091874
61.400000	0.400000	17.553755	383691.605228
61.400000	0.500000	17.553755	333571.666720
61.400000	0.600000	17.545755	296521.027703
61.400000	0.700000	17.545755	268031.574529
61.400000	0.800000	17.545755	245234.956804
61.400000	0.900000	17.545755	226548.332541
61.400000	1.000000	17.545755	210935.620292
61.500000	0.000000	0.488049	1663246.728712
61.500000	0.100000	21.530153	590879.479583
61.500000	0.200000	15.801580	460740.934572
61.500000	0.300000	15.801580	388792.716162
61.500000	0.400000	17.393739	343111.930089
61.500000	0.500000	17.393739	313355.202441
61.500000	0.600000	17.457746	289379.531731
61.500000	0.700000	17.457746	268180.300458
61.500000	0.800000	17.457746	249444.517630
61.500000	0.900000	17.457746	232962.098640
61.500000	1.000000	17.457746	218473.434529
61.600000	0.000000	46.816682	1797233.482273
61.600000	0.100000	56.093609	681035.903116
61.600000	0.200000	56.101610	468132.783973
61.600000	0.300000	56.101610	374805.515198
61.600000	0.400000	16.997700	330187.914615
61.600000	0.500000	16.997700	303256.585254
61.600000	0.600000	16.997700	279891.258169
61.600000	0.700000	16.997700	259422.818014
61.600000	0.800000	16.997700	241364.057341
61.600000	0.900000	16.997700	225356.350900
61.600000	1.000000	17.337734	213269.545199
61.700000	0.000000	59.937994	1460639.026433
61.700000	0.100000	51.193119	467355.446156
61.700000	0.200000	53.421342	371812.548275
61.700000	0.300000	17.185719	328307.292460
61.700000	0.400000	17.185719	305567.329333
61.700000	0.500000	17.185719	288263.149433
61.700000	0.600000	17.185719	273767.185820
61.700000	0.700000	17.185719	261035.589481
61.700000	0.800000	17.185719	249597.715586
61.700000	0.900000	17.185719	239203.703537
61.700000	1.000000	17.185719	229698.172255
61.800000	0.000000	23.774377	1558011.998733
61.800000	0.100000	25.230523	565322.170886
61.800000	0.200000	31.347135	384447.315969
61.800000	0.300000	51.193119	335079.006011
61.800000	0.400000	1.028103	305137.614177
61.800000	0.500000	1.028103	284920.498960
61.800000	0.600000	1.028103	266879.213589
61.800000	0.700000	17.185719	253783.881608
61.800000	0.800000	17.185719	245024.820301
61.800000	0.900000	17.185719	236611.757334
61.800000	1.000000	17.185719	228609.625062
61.900000	0.000000	20.326033	1701070.970207
61.900000	0.100000	26.390639	622346.411963
61.900000	0.200000	26.390639	436410.962368
61.900000	0.300000	16.557656	346585.638154
61.900000	0.400000	51.193119	312454.384931
61.900000	0.500000	1.248125	294880.289027
61.900000	0.600000	1.248125	280219.778500
61.900000	0.700000	1.248125	267235.895738
61.900000	0.800000	1.248125	255408.777546
61.900000	0.900000	1.248125	244484.862132
61.900000	1.000000	1.248125	234325.074980
62.000000	0.000000	29.106911	1372385.106083
62.000000	0.100000	40.832083	587520.185613
62.000000	0.200000	40.832083	422593.950771
62.000000	0.300000	49.928993	361372.505267
62.000000	0.400000	51.317132	326449.094254
62.000000	0.500000	1.248125	298298.207295
62.000000	0.600000	1.248125	283477.928802
62.000000	0.700000	1.248125	270334.917726
62.000000	0.800000	1.248125	258348.738257
62.000000	0.900000	1.248125	247283.699762
62.000000	1.000000	1.248125	237007.311978
62.100000	0.000000	28.058806	2152575.641641
62.100000	0.100000	35.167517	766182.506948
62.100000	0.200000	35.175518	541129.129909
62.100000	0.300000	35.175518	432102.167844
62.100000	0.400000	35.731573	363008.421076
62.100000	0.500000	35.731573	319974.758849
62.100000	0.600000	35.731573	287575.766223
62.100000	0.700000	35.731573	262059.389496
62.100000	0.800000	35.731573	241292.776404
62.100000	0.900000	1.200120	228259.733043
62.100000	1.000000	1.200120	218701.355581
62.200000	0.000000	27.582758	1723964.911982
62.200000	0.100000	29.334933	670786.484512
62.200000	0.200000	29.094909	462813.315066
62.200000	0.300000	29.582958	368839.943296
62.200000	0.400000	35.991599	332369.379720
62.200000	0.500000	35.991599	311933.918301
62.200000	0.600000	36.007601	294184.067339
62.200000	0.700000	36.007601	278237.521907
62.200000	0.800000	36.007601	263801.993837
62.200000	0.900000	36.007601	250755.431706
62.200000	1.000000	36.007601	238964.493210
62.300000	0.000000	34.659466	1511093.874273
62.300000	0.100000	43.548355	573943.803805
62.300000	0.200000	43.548355	452880.033040
62.300000	0.300000	43.548355	386760.806651
62.300000	0.400000	36.007601	352203.987701
62.300000	0.500000	36.007601	329730.829791
62.300000	0.600000	36.007601	310691.659559
62.300000	0.700000	36.007601	293919.891596
62.300000	0.800000	36.007601	278866.931642
62.300000	0.900000	36.007601	265222.680437
62.300000	1.000000	36.007601	252784.253421
62.400000	0.000000	39.063906	1413531.915666
62.400000	0.100000	35.487549	569518.991535
62.400000	0.200000	35.487549	421750.272015
62.400000	0.300000	36.007601	361546.201726
62.400000	0.400000	36.007601	328076.168746
62.400000	0.500000	36.007601	304567.811525
62.400000	0.600000	36.007601	286199.020893
62.400000	0.700000	36.007601	270875.594689
62.400000	0.800000	36.007601	257593.135599
62.400000	0.900000	36.007601	245812.323466
62.400000	1.000000	36.007601	235209.562819
62.500000	0.000000	52.385239	1483056.662553
62.500000	0.100000	57.193719	662706.854603
62.500000	0.200000	57.345735	474100.948046
62.500000	0.300000	57.345735	381147.007083
62.500000	0.400000	57.345735	322316.646505
62.500000	0.500000	58.001800	282063.531574
62.500000	0.600000	58.001800	253803.656800
62.500000	0.700000	58.001800	232320.420442
62.500000	0.800000	7.228723	217998.782017
62.500000	0.900000	7.228723	207498.571343
62.500000	1.000000	7.228723	197687.737165
62.600000	0.000000	0.672067	1452477.823850
62.600000	0.100000	0.856086	597013.856248
62.600000	0.200000	51.025103	410490.815570
62.600000	0.300000	7.116712	334256.107599
62.600000	0.400000	7.116712	302587.283551
62.600000	0.500000	7.116712	277654.584998
62.600000	0.600000	7.116712	257193.715755
62.600000	0.700000	7.116712	239907.811568
62.600000	0.800000	7.116712	225011.753751
62.600000	0.900000	7.116712	211992.702212
62.600000	1.000000	7.116712	200491.231932
62.700000	0.000000	29.406941	1578014.479448
62.700000	0.100000	42.460246	670479.225392
62.700000	0.200000	42.460246	456946.658892
62.700000	0.300000	44.080408	371701.143561
62.700000	0.400000	44.080408	323353.750658
62.700000	0.500000	44.080408	288740.884896
62.700000	0.600000	44.080408	262461.211513
62.700000	0.700000	44.080408	241807.269794
62.700000	0.800000	44.080408	225118.840649
62.700000	0.900000	44.080408	211296.228142
62.700000	1.000000	44.080408	199589.881492
62.800000	0.000000	59.353935	1405423.232454
62.800000	0.100000	48.784878	622005.987943
62.800000	0.200000	48.784878	477396.634133
62.800000	0.300000	48.784878	399148.813367
62.800000	0.400000	48.784878	349873.514255
62.800000	0.500000	48.784878	314521.488172
62.800000	0.600000	48.784878	287063.162330
62.800000	0.700000	48.784878	264762.050737
62.800000	0.800000	48.784878	246162.124746
62.800000	0.900000	48.784878	230368.845047
62.800000	1.000000	48.784878	216774.024590
62.900000	0.000000	18.117812	1783374.248272
62.900000	0.100000	36.935694	549178.541184
62.900000	0.200000	2.520252	420967.630165
62.900000	0.300000	2.520252	370666.550979
62.900000	0.400000	2.520252	330154.347263
62.900000	0.500000	2.520252	298352.667790
62.900000	0.600000	2.520252	272849.948600
62.900000	0.700000	2.520252	251882.879378
62.900000	0.800000	2.520252	234274.629733
62.900000	0.900000	2.520252	219230.875754
62.900000	1.000000	2.520252	206197.541832
63.000000	0.000000	56.909691	1232069.984426
63.000000	0.100000	12.565257	529428.310005
63.000000	0.200000	2.784278	405855.472597
63.000000	0.300000	2.784278	353626.019644
63.000000	0.400000	2.784278	317015.201698
63.000000	0.500000	2.784278	288420.434055
63.000000	0.600000	2.784278	265068.651247
63.000000	0.700000	2.784278	245566.340441
63.000000	0.800000	50.433043	231420.496881
63.000000	0.900000	50.433043	220496.235827
63.000000	1.000000	50.433043	210543.053531
63.100000	0.000000	33.499350	1617759.479415
63.100000	0.100000	7.480748	610650.889414
63.100000	0.200000	7.916792	448213.642249
63.100000	0.300000	8.012801	354414.483427
63.100000	0.400000	11.877188	304553.547921
63.100000	0.500000	13.313331	277132.437701
63.100000	0.600000	13.313331	258334.847708
63.100000	0.700000	13.313331	242312.970185
63.100000	0.800000	13.353335	229866.879672
63.100000	0.900000	13.353335	218883.254286
63.100000	1.000000	13.353335	209058.207861
63.200000	0.000000	31.623162	1588319.068300
63.200000	0.100000	24.414441	604766.397929
63.200000	0.200000	27.278728	446204.864024
63.200000	0.300000	10.313031	360258.046994
63.200000	0.400000	13.353335	325560.493049
63.200000	0.500000	13.353335	300758.974733
63.200000	0.600000	13.409341	281232.272913
63.200000	0.700000	13.409341	264688.619554
63.200000	0.800000	13.409341	250150.004921
63.200000	0.900000	13.409341	237241.568751
63.200000	1.000000	13.409341	225703.593442
63.300000	0.000000	2.652265	1368281.609537
63.300000	0.100000	2.652265	658412.700977
63.300000	0.200000	2.652265	454134.840569
63.300000	0.300000	2.652265	357175.511477
63.300000	0.400000	13.165317	329315.146138
63.300000	0.500000	13.165317	305908.927813
63.300000	0.600000	13.165317	284441.327816
63.300000	0.700000	13.165317	264938.014978
63.300000	0.800000	13.165317	247395.188364
63.300000	0.900000	13.165317	231716.860855
63.300000	1.000000	13.409341	219322.921010
63.400000	0.000000	51.377138	1403934.194966
63.400000	0.100000	51.913191	616365.227113
63.400000	0.200000	7.120712	451771.146838
63.400000	0.300000	7.120712	362552.338771
63.400000	0.400000	13.285329	313818.299892
63.400000	0.500000	13.253325	279703.017224
63.400000	0.600000	13.253325	253953.048141
63.400000	0.700000	10.281028	234273.142011
63.400000	0.800000	10.313031	219413.998616
63.400000	0.900000	10.313031	207532.119425
63.400000	1.000000	10.313031	197194.380011
63.500000	0.000000	27.854785	1679536.625178
63.500000	0.100000	6.076608	679682.041251
63.500000	0.200000	6.044604	481133.075040
63.500000	0.300000	6.044604	381223.498112
63.500000	0.400000	14.589459	333184.352569
63.500000	0.500000	14.589459	299022.930026
63.500000	0.600000	14.589459	273021.387606
63.500000	0.700000	14.589459	252572.994393
63.500000	0.800000	14.589459	236035.331624
63.500000	0.900000	14.589459	222344.642284
63.500000	1.000000	14.589459	210788.549721
63.600000	0.000000	42.716272	1615627.889152
63.600000	0.100000	55.765577	576781.814688
63.600000	0.200000	55.929593	390832.385557
63.600000	0.300000	28.766877	332128.416350
63.600000	0.400000	28.814881	304179.553942
63.600000	0.500000	28.814881	283324.472688
63.600000	0.600000	28.814881	264768.002535
63.600000	0.700000	28.838884	249330.621787
63.600000	0.800000	28.838884	236157.210871
63.600000	0.900000	28.838884	224353.964033
63.600000	1.000000	28.838884	213767.610928
63.700000	0.000000	36.187619	1563180.376259
63.700000	0.100000	7.104710	611655.975523
63.700000	0.200000	7.104710	475694.208051
63.700000	0.300000	7.104710	387588.984001
63.700000	0.400000	28.846885	342356.639522
63.700000	0.500000	9.828983	310663.244552
63.700000	0.600000	9.828983	285209.713189
63.700000	0.700000	28.846885	264361.289219
63.700000	0.800000	28.846885	247064.850772
63.700000	0.900000	28.846885	232423.421985
63.700000	1.000000	28.846885	219845.840460
63.800000	0.000000	4.548455	1541073.623588
63.800000	0.100000	16.649665	605954.599866
63.800000	0.200000	16.649665	451731.824573
63.800000	0.300000	16.649665	369355.854394
63.800000	0.400000	16.649665	313624.343675
63.800000	0.500000	9.884988	282879.137542
63.800000	0.600000	9.884988	267123.658857
63.800000	0.700000	9.884988	252690.540469
63.800000	0.800000	9.884988	239477.764310
63.800000	0.900000	9.884988	227418.804268
63.800000	1.000000	9.884988	216441.896968
63.900000	0.000000	5.192519	1515385.498716
63.900000	0.100000	49.292929	623727.261908
63.900000	0.200000	49.300930	497851.313702
63.900000	0.300000	49.300930	417150.392370
63.900000	0.400000	49.300930	361821.383005
63.900000	0.500000	49.300930	320871.840396
63.900000	0.600000	49.300930	288971.028630
63.900000	0.700000	49.300930	263303.316973
63.900000	0.800000	49.300930	242189.521887
63.900000	0.900000	10.521052	230507.799689
63.900000	1.000000	10.521052	221671.263725
64.000000	0.000000	55.685569	1718886.530270
64.000000	0.100000	55.709571	629951.771813
64.000000	0.200000	36.231623	435423.161636
64.000000	0.300000	42.032203	382325.240669
64.000000	0.400000	42.032203	340492.352146
64.000000	0.500000	42.080208	304985.261555
64.000000	0.600000	42.080208	277451.555216
64.000000	0.700000	42.080208	254881.358942
64.000000	0.800000	42.080208	236284.966686
64.000000	0.900000	10.529053	221068.779268
64.000000	1.000000	10.529053	212766.609673
64.100000	0.000000	14.005401	1485902.230750
64.100000	0.100000	35.663566	684443.938214
64.100000	0.200000	35.663566	478217.742955
64.100000	0.300000	35.663566	384798.889947
64.100000	0.400000	35.663566	331441.158396
64.100000	0.500000	37.359736	297333.849620
64.100000	0.600000	37.359736	274080.931907
64.100000	0.700000	37.359736	255852.611052
64.100000	0.800000	37.359736	241369.886796
64.100000	0.900000	37.359736	229674.527666
64.100000	1.000000	37.359736	220051.983925
64.200000	0.000000	27.666767	1586886.699108
64.200000	0.100000	28.398840	658389.645286
64.200000	0.200000	28.398840	460748.694820
64.200000	0.300000	31.491149	371848.225332
64.200000	0.400000	31.499150	320904.725643
64.200000	0.500000	31.499150	286357.153717
64.200000	0.600000	31.499150	261429.208159
64.200000	0.700000	31.499150	242477.446938
64.200000	0.800000	49.456946	228735.443852
64.200000	0.900000	49.456946	219249.365896
64.200000	1.000000	49.456946	210804.982758
64.300000	0.000000	55.513551	1248323.347014
64.300000	0.100000	34.375438	582264.594305
64.300000	0.200000	34.375438	443449.488456
64.300000	0.300000	34.375438	364813.890073
64.300000	0.400000	34.383438	314330.937491
64.300000	0.500000	49.480948	280065.864908
64.300000	0.600000	49.480948	264009.917012
64.300000	0.700000	49.480948	250325.849697
64.300000	0.800000	49.480948	238333.303605
64.300000	0.900000	49.480948	227641.850291
64.300000	1.000000	49.480948	218010.275169
64.400000	0.000000	59.441944	1867224.221523
64.400000	0.100000	31.795180	607097.751548
64.400000	0.200000	31.803180	433838.423082
64.400000	0.300000	49.412941	365200.262778
64.400000	0.400000	49.496950	324705.502890
64.400000	0.500000	49.496950	295442.761078
64.400000	0.600000	49.496950	272373.041778
64.400000	0.700000	49.496950	253707.852793
64.400000	0.800000	49.496950	238277.397311
64.400000	0.900000	49.496950	225273.933469
64.400000	1.000000	49.496950	214122.839166
64.500000	0.000000	1.308131	1461184.101644
64.500000	0.100000	8.276828	562824.145963
64.500000	0.200000	31.859186	412754.022381
64.500000	0.300000	31.859186	345678.394088
64.500000	0.400000	37.439744	318286.855474
64.500000	0.500000	37.439744	296083.051602
64.500000	0.600000	37.439744	277023.117043
64.500000	0.700000	37.439744	260711.797401
64.500000	0.800000	37.439744	246715.573108
64.500000	0.900000	37.439744	234627.871908
64.500000	1.000000	37.439744	224101.389953
64.600000	0.000000	29.038904	1519435.814156
64.600000	0.100000	5.408541	576101.464047
64.600000	0.200000	12.041204	431357.752661
64.600000	0.300000	12.041204	365908.773178
64.600000	0.400000	12.033203	321765.034484
64.600000	0.500000	12.033203	289772.143235
64.600000	0.600000	12.033203	264786.324895
64.600000	0.700000	12.033203	244463.265115
64.600000	0.800000	37.439744	232897.035583
64.600000	0.900000	37.439744	222907.164851
64.600000	1.000000	37.439744	214044.912930
64.700000	0.000000	2.544254	1266835.583136
64.700000	0.100000	4.284428	596128.528295
64.700000	0.200000	4.284428	417197.660426
64.700000	0.300000	4.284428	320876.543921
64.700000	0.400000	12.089209	281042.758725
64.700000	0.500000	12.089209	261059.091961
64.700000	0.600000	12.081208	245060.404441
64.700000	0.700000	12.081208	231847.907091
64.700000	0.800000	12.081208	220436.262754
64.700000	0.900000	12.081208	210353.109072
64.700000	1.000000	12.081208	201295.403177
64.800000	0.000000	51.181118	1563049.532361
64.800000	0.100000	0.772077	564310.933029
64.800000	0.200000	0.772077	414396.471973
64.800000	0.300000	36.787679	338908.900977
64.800000	0.400000	36.787679	298056.245698
64.800000	0.500000	36.787679	268446.885921
64.800000	0.600000	36.787679	246066.794151
64.800000	0.700000	36.787679	228502.742804
64.800000	0.800000	36.787679	214260.431677
64.800000	0.900000	12.089209	202588.657946
64.800000	1.000000	12.089209	196012.276747
64.900000	0.000000	18.361836	1431036.919794
64.900000	0.100000	18.361836	550875.302567
64.900000	0.200000	20.418042	382139.570117
64.900000	0.300000	27.422742	327498.054610
64.900000	0.400000	27.422742	305931.182769
64.900000	0.500000	27.422742	285228.871626
64.900000	0.600000	27.422742	266014.713695
64.900000	0.700000	27.422742	248689.601663
64.900000	0.800000	27.422742	233327.817075
64.900000	0.900000	27.422742	219815.755959
64.900000	1.000000	27.422742	207959.283070
65.000000	0.000000	12.225223	1633290.910856
65.000000	0.100000	11.869187	569756.565858
65.000000	0.200000	23.074307	430739.916524
65.000000	0.300000	23.082308	375737.972579
65.000000	0.400000	23.082308	332589.822922
65.000000	0.500000	23.082308	298356.805227
65.000000	0.600000	23.082308	270852.615997
65.000000	0.700000	23.082308	248370.233900
65.000000	0.800000	23.082308	229678.287976
65.000000	0.900000	27.454745	215535.731613
65.000000	1.000000	27.454745	205522.000276
65.100000	0.000000	58.693869	1273815.274693
65.100000	0.100000	43.544354	504153.195189
65.100000	0.200000	22.354235	408351.628285
65.100000	0.300000	22.354235	350827.645306
65.100000	0.400000	22.354235	308737.287094
65.100000	0.500000	23.098310	284086.999797
65.100000	0.600000	23.098310	264366.159008
65.100000	0.700000	23.098310	247218.301293
65.100000	0.800000	23.098310	232151.175493
65.100000	0.900000	23.098310	218853.138989
65.100000	1.000000	24.342434	207418.120397
65.200000	0.000000	58.265827	1506992.480782
65.200000	0.100000	17.501750	574196.252220
65.200000	0.200000	17.525753	425399.152479
65.200000	0.300000	22.578258	343171.929138
65.200000	0.400000	23.822382	305643.351118
65.200000	0.500000	23.822382	280999.660813
65.200000	0.600000	24.374437	262858.793277
65.200000	0.700000	24.374437	248990.670622
65.200000	0.800000	24.374437	237108.498533
65.200000	0.900000	24.374437	226811.487521
65.200000	1.000000	24.374437	217785.328660
65.300000	0.000000	19.665967	1666091.960573
65.300000	0.100000	30.355036	601062.480466
65.300000	0.200000	39.627963	468828.625073
65.300000	0.300000	39.627963	386549.671242
65.300000	0.400000	39.627963	330516.624148
65.300000	0.500000	39.627963	290614.808161
65.300000	0.600000	3.576358	264722.986367
65.300000	0.700000	3.576358	245063.053536
65.300000	0.800000	23.946395	229076.184886
65.300000	0.900000	23.946395	216240.036732
65.300000	1.000000	23.946395	204754.935932
65.400000	0.000000	44.096410	1765385.231613
65.400000	0.100000	58.493849	655364.389883
65.400000	0.200000	16.857686	433799.452760
65.400000	0.300000	16.857686	363029.795978
65.400000	0.400000	16.957696	315381.003439
65.400000	0.500000	30.235024	286804.472142
65.400000	0.600000	30.235024	267666.139143
65.400000	0.700000	30.327033	250737.840138
65.400000	0.800000	30.327033	236863.893784
65.400000	0.900000	30.327033	224666.848360
65.400000	1.000000	30.327033	213866.648794
65.500000	0.000000	14.981498	2045321.434093
65.500000	0.100000	15.661566	667198.002737
65.500000	0.200000	35.859586	467181.335985
65.500000	0.300000	35.859586	374144.933769
65.500000	0.400000	29.670967	334256.955982
65.500000	0.500000	29.914991	310054.828942
65.500000	0.600000	29.914991	288011.809715
65.500000	0.700000	29.914991	267501.368410
65.500000	0.800000	29.914991	248910.008503
65.500000	0.900000	30.259026	235737.199159
65.500000	1.000000	30.275028	224529.780560
65.600000	0.000000	4.376438	1445509.612291
65.600000	0.100000	23.926393	610745.075289
65.600000	0.200000	29.710971	480290.478106
65.600000	0.300000	29.710971	407326.786566
65.600000	0.400000	30.283028	357140.898134
65.600000	0.500000	30.283028	325377.059359
65.600000	0.600000	30.283028	301209.727115
65.600000	0.700000	30.283028	281954.648661
65.600000	0.800000	30.283028	265955.964770
65.600000	0.900000	30.291029	252311.302370
65.600000	1.000000	30.291029	240636.378560
65.700000	0.000000	5.932593	1369097.713917
65.700000	0.100000	58.709871	536213.964641
65.700000	0.200000	35.559556	448842.647933
65.700000	0.300000	35.559556	377280.161003
65.700000	0.400000	58.717872	324292.734945
65.700000	0.500000	30.291029	299147.261974
65.700000	0.600000	30.291029	286601.702216
65.700000	0.700000	30.291029	274421.476100
65.700000	0.800000	30.291029	262881.178123
65.700000	0.900000	30.291029	252081.032972
65.700000	1.000000	30.291029	242027.302857
65.800000	0.000000	1.064106	1564383.199314
65.800000	0.100000	4.232423	569676.793161
65.800000	0.200000	4.232423	411149.349985
65.800000	0.300000	6.292629	374757.640926
65.800000	0.400000	6.292629	346670.920182
65.800000	0.500000	6.292629	318548.609863
65.800000	0.600000	6.292629	292653.058427
65.800000	0.700000	6.292629	269638.346099
65.800000	0.800000	6.308631	250506.509816
65.800000	0.900000	6.308631	233738.733244
65.800000	1.000000	30.307031	223715.890784
65.900000	0.000000	54.565457	1342847.672055
65.900000	0.100000	26.734673	621646.701938
65.900000	0.200000	26.810681	504802.914902
65.900000	0.300000	26.810681	432388.826948
65.900000	0.400000	6.264626	379709.699429
65.900000	0.500000	6.264626	346003.893046
65.900000	0.600000	6.264626	316615.941288
65.900000	0.700000	6.264626	291065.408925
65.900000	0.800000	6.264626	268860.562776
65.900000	0.900000	6.264626	249527.355325
65.900000	1.000000	6.272627	232954.973858
66.000000	0.000000	12.489249	1732468.907604
66.000000	0.100000	25.806581	744904.469600
66.000000	0.200000	25.806581	524581.882812
66.000000	0.300000	26.646665	422798.573124
66.000000	0.400000	27.222722	362000.895874
66.000000	0.500000	27.222722	320233.740431
66.000000	0.600000	6.280628	291738.398038
66.000000	0.700000	6.280628	271577.683133
66.000000	0.800000	6.280628	253848.845738
66.000000	0.900000	6.280628	238230.564361
66.000000	1.000000	27.790779	225498.085600
66.100000	0.000000	25.082508	1966683.100527
66.100000	0.100000	20.982098	702043.920995
66.100000	0.200000	20.974097	513316.984316
66.100000	0.300000	21.034103	419904.537318
66.100000	0.400000	21.034103	362242.296607
66.100000	0.500000	21.034103	319093.284177
66.100000	0.600000	22.094209	291590.796246
66.100000	0.700000	22.094209	271205.082142
66.100000	0.800000	30.651065	255064.684912
66.100000	0.900000	30.651065	246352.643553
66.100000	1.000000	30.651065	237986.118130
66.200000	0.000000	8.136814	1849663.809968
66.200000	0.100000	19.813981	723328.503648
66.200000	0.200000	30.659066	532579.055031
66.200000	0.300000	30.659066	445424.455987
66.200000	0.400000	30.659066	388341.821255
66.200000	0.500000	30.659066	348791.997280
66.200000	0.600000	30.659066	319952.913381
66.200000	0.700000	30.659066	297916.812476
66.200000	0.800000	30.659066	280355.048560
66.200000	0.900000	30.659066	265842.290208
66.200000	1.000000	30.659066	253484.199879
66.300000	0.000000	9.032903	1560110.800544
66.300000	0.100000	28.730873	556926.477277
66.300000	0.200000	28.790879	417827.221999
66.300000	0.300000	44.916492	343877.642025
66.300000	0.400000	45.520552	323000.377162
66.300000	0.500000	45.520552	306737.492371
66.300000	0.600000	45.520552	292148.319839
66.300000	0.700000	45.520552	278849.906404
66.300000	0.800000	45.520552	266586.525272
66.300000	0.900000	45.520552	255202.498886
66.300000	1.000000	45.520552	244599.336444
66.400000	0.000000	10.345035	1463997.799766
66.400000	0.100000	11.685169	663832.984439
66.400000	0.200000	15.669567	523161.726202
66.400000	0.300000	15.669567	441659.231254
66.400000	0.400000	45.528553	395256.014870
66.400000	0.500000	45.528553	361871.024356
66.400000	0.600000	45.528553	333807.095042
66.400000	0.700000	45.596560	310661.377823
66.400000	0.800000	45.596560	291982.325975
66.400000	0.900000	45.596560	275942.519345
66.400000	1.000000	45.596560	262031.675840
66.500000	0.000000	51.305131	1927419.382839
66.500000	0.100000	50.869087	535836.541305
66.500000	0.200000	45.560556	454048.252420
66.500000	0.300000	45.552555	399732.534333
66.500000	0.400000	45.552555	359879.474529
66.500000	0.500000	15.641564	334114.297821
66.500000	0.600000	15.633563	315264.084008
66.500000	0.700000	15.633563	297754.617767
66.500000	0.800000	15.633563	281632.541951
66.500000	0.900000	15.633563	266900.811571
66.500000	1.000000	15.625563	253537.840790
66.600000	0.000000	26.090609	1809670.118734
66.600000	0.100000	30.767077	623509.269074
66.600000	0.200000	30.639064	451316.013973
66.600000	0.300000	30.639064	373082.560257
66.600000	0.400000	15.589559	340347.998245
66.600000	0.500000	15.589559	320284.097177
66.600000	0.600000	15.589559	302110.453893
66.600000	0.700000	15.589559	285654.476868
66.600000	0.800000	15.589559	270679.033630
66.600000	0.900000	15.589559	256993.321684
66.600000	1.000000	15.589559	244452.093702
66.700000	0.000000	53.525353	1503640.783230
66.700000	0.100000	35.495550	613984.650125
66.700000	0.200000	35.735574	473221.346245
66.700000	0.300000	35.735574	401403.492738
66.700000	0.400000	35.735574	354361.805022
66.700000	0.500000	35.735574	320545.195418
66.700000	0.600000	35.735574	294524.586919
66.700000	0.700000	35.735574	273530.152885
66.700000	0.800000	35.735574	256048.745920
66.700000	0.900000	35.735574	241183.102220
66.700000	1.000000	35.735574	228353.991338
66.800000	0.000000	2.208221	1327692.880425
66.800000	0.100000	26.198620	577214.428163
66.800000	0.200000	26.198620	461808.797435
66.800000	0.300000	26.258626	386652.291128
66.800000	0.400000	26.258626	336401.321438
66.800000	0.500000	26.258626	300099.316284
66.800000	0.600000	26.258626	272502.768359
66.800000	0.700000	35.743574	253998.491744
66.800000	0.800000	35.743574	240447.865192
66.800000	0.900000	35.743574	228533.080295
66.800000	1.000000	35.743574	217987.750418
66.900000	0.000000	55.665567	1483296.330765
66.900000	0.100000	14.001400	560588.506133
66.900000	0.200000	14.345435	464828.032873
66.900000	0.300000	14.345435	394609.364059
66.900000	0.400000	14.345435	345831.671134
66.900000	0.500000	14.345435	310264.627969
66.900000	0.600000	14.509451	287028.124498
66.900000	0.700000	14.517452	268827.453077
66.900000	0.800000	14.517452	253390.252225
66.900000	0.900000	14.517452	239856.543170
66.900000	1.000000	14.517452	227786.391227
67.000000	0.000000	23.802380	1471062.043492
67.000000	0.100000	57.633763	545640.519138
67.000000	0.200000	35.235524	394963.098528
67.000000	0.300000	14.517452	347711.761318
67.000000	0.400000	14.525453	321536.687217
67.000000	0.500000	14.525453	301891.968224
67.000000	0.600000	14.525453	284827.694970
67.000000	0.700000	14.525453	269642.597425
67.000000	0.800000	14.525453	255890.799981
67.000000	0.900000	14.525453	243297.066871
67.000000	1.000000	14.533453	232079.836007
67.100000	0.000000	58.153815	1535930.708027
67.100000	0.100000	34.931493	529753.977843
67.100000	0.200000	30.291029	399952.369648
67.100000	0.300000	30.291029	368885.732114
67.100000	0.400000	30.291029	339964.435466
67.100000	0.500000	30.291029	314079.083220
67.100000	0.600000	30.291029	291552.683336
67.100000	0.700000	30.291029	272177.950246
67.100000	0.800000	14.541454	258525.738308
67.100000	0.900000	14.541454	247350.454507
67.100000	1.000000	14.541454	236664.618368
67.200000	0.000000	47.752775	1606313.442700
67.200000	0.100000	48.540854	679738.991491
67.200000	0.200000	14.445445	454566.955297
67.200000	0.300000	14.497450	384552.963820
67.200000	0.400000	14.497450	341063.582883
67.200000	0.500000	14.497450	309223.002843
67.200000	0.600000	14.549455	284930.545971
67.200000	0.700000	14.541454	265801.934754
67.200000	0.800000	14.541454	250096.229480
67.200000	0.900000	14.541454	236670.122200
67.200000	1.000000	14.541454	224956.404366
67.300000	0.000000	14.437444	1450647.091961
67.300000	0.100000	6.308631	558154.956782
67.300000	0.200000	42.720272	426327.025623
67.300000	0.300000	0.072007	362681.786310
67.300000	0.400000	22.382238	326086.673272
67.300000	0.500000	22.382238	305367.434914
67.300000	0.600000	22.382238	288280.461410
67.300000	0.700000	22.382238	273322.837005
67.300000	0.800000	22.382238	259860.217984
67.300000	0.900000	22.382238	247581.902564
67.300000	1.000000	22.382238	236309.324746
67.400000	0.000000	36.203620	1842667.459918
67.400000	0.100000	36.195620	684946.043655
67.400000	0.200000	36.195620	473224.712009
67.400000	0.300000	22.494249	381581.455563
67.400000	0.400000	22.494249	356549.105527
67.400000	0.500000	22.494249	333051.984134
67.400000	0.600000	22.494249	311843.858943
67.400000	0.700000	22.494249	292956.855765
67.400000	0.800000	22.494249	276200.369028
67.400000	0.900000	22.494249	261326.194490
67.400000	1.000000	22.494249	248087.248926
67.500000	0.000000	49.304930	1397488.852499
67.500000	0.100000	20.674067	594175.435097
67.500000	0.200000	22.362236	469533.983843
67.500000	0.300000	22.362236	409956.756093
67.500000	0.400000	22.362236	365432.761783
67.500000	0.500000	22.362236	330764.013940
67.500000	0.600000	22.362236	302842.801848
67.500000	0.700000	22.354235	280692.051914
67.500000	0.800000	22.354235	262605.839690
67.500000	0.900000	22.354235	246878.101601
67.500000	1.000000	22.354235	233031.426031
67.600000	0.000000	50.413041	1432507.896767
67.600000	0.100000	29.930993	575628.320144
67.600000	0.200000	29.922992	447419.586361
67.600000	0.300000	29.922992	367013.336911
67.600000	0.400000	29.930993	315593.136794
67.600000	0.500000	29.930993	280909.736350
67.600000	0.600000	22.682268	259094.498233
67.600000	0.700000	22.682268	246164.689985
67.600000	0.800000	22.682268	233767.524769
67.600000	0.900000	22.682268	222080.914620
67.600000	1.000000	22.682268	211201.243735
67.700000	0.000000	13.229323	1763205.876280
67.700000	0.100000	14.913491	663765.630393
67.700000	0.200000	33.947395	462774.940492
67.700000	0.300000	33.947395	383149.627068
67.700000	0.400000	33.955396	336119.803466
67.700000	0.500000	33.955396	301516.663491
67.700000	0.600000	33.955396	274193.867808
67.700000	0.700000	33.955396	251908.163016
67.700000	0.800000	33.955396	233335.285636
67.700000	0.900000	33.955396	217613.866630
67.700000	1.000000	33.955396	204141.652935
67.800000	0.000000	0.040004	1379337.300280
67.800000	0.100000	17.501750	551611.073282
67.800000	0.200000	17.501750	439736.772945
67.800000	0.300000	17.501750	362443.201531
67.800000	0.400000	17.501750	307550.253924
67.800000	0.500000	17.501750	267101.295564
67.800000	0.600000	33.971397	248474.063267
67.800000	0.700000	33.971397	232903.223995
67.800000	0.800000	33.971397	218875.829694
67.800000	0.900000	33.971397	206295.385387
67.800000	1.000000	33.971397	195027.899938
67.900000	0.000000	10.397040	1126430.696526
67.900000	0.100000	11.841184	503246.646133
67.900000	0.200000	23.934393	389630.471245
67.900000	0.300000	23.934393	335737.267883
67.900000	0.400000	23.934393	295249.389578
67.900000	0.500000	23.934393	264382.750085
67.900000	0.600000	23.942394	240572.541442
67.900000	0.700000	23.942394	222413.885136
67.900000	0.800000	23.942394	207275.282290
67.900000	0.900000	23.942394	194516.688911
67.900000	1.000000	58.513851	183909.903968
68.000000	0.000000	2.192219	1568845.740504
68.000000	0.100000	3.060306	560780.465878
68.000000	0.200000	23.334333	430393.747341
68.000000	0.300000	24.378438	367053.420317
68.000000	0.400000	24.378438	320836.607898
68.000000	0.500000	24.378438	284099.138321
68.000000	0.600000	24.378438	255022.930617
68.000000	0.700000	25.710571	235700.834782
68.000000	0.800000	25.710571	220328.476827
68.000000	0.900000	26.018602	207591.199508
68.000000	1.000000	26.018602	197073.225973
68.100000	0.000000	58.729873	1382542.823006
68.100000	0.100000	47.216722	515364.445423
68.100000	0.200000	47.208721	386487.777166
68.100000	0.300000	48.156816	319935.686013
68.100000	0.400000	48.156816	277368.533304
68.100000	0.500000	30.791079	253865.029392
68.100000	0.600000	25.718572	238371.013072
68.100000	0.700000	25.718572	227694.056888
68.100000	0.800000	25.718572	217461.157836
68.100000	0.900000	25.718572	207833.606054
68.100000	1.000000	25.718572	198853.057968
68.200000	0.000000	3.012301	1651881.408722
68.200000	0.100000	3.708371	553635.274606
68.200000	0.200000	3.076308	407936.138124
68.200000	0.300000	3.700370	333387.301839
68.200000	0.400000	3.700370	285588.734244
68.200000	0.500000	35.379538	262767.018554
68.200000	0.600000	35.379538	246744.557283
68.200000	0.700000	35.379538	233133.937710
68.200000	0.800000	35.379538	221299.528227
68.200000	0.900000	35.379538	210836.102006
68.200000	1.000000	35.379538	201466.713612
68.300000	0.000000	27.538754	1405323.989818
68.300000	0.100000	34.655466	553102.701186
68.300000	0.200000	34.875488	415642.976904
68.300000	0.300000	34.875488	351693.087729
68.300000	0.400000	35.387539	313381.867972
68.300000	0.500000	35.387539	290058.456190
68.300000	0.600000	35.387539	271187.268483
68.300000	0.700000	35.387539	255084.153994
68.300000	0.800000	35.387539	240989.101716
68.300000	0.900000	35.387539	228478.633369
68.300000	1.000000	35.387539	217273.279158
68.400000	0.000000	11.341134	1168057.893431
68.400000	0.100000	34.563456	592700.976494
68.400000	0.200000	34.563456	474035.023149
68.400000	0.300000	34.555456	410806.568459
68.400000	0.400000	34.555456	366743.552010
68.400000	0.500000	34.555456	331956.730863
68.400000	0.600000	34.555456	303297.846190
68.400000	0.700000	34.555456	279089.829615
68.400000	0.800000	34.555456	258341.398547
68.400000	0.900000	34.555456	240394.019280
68.400000	1.000000	34.555456	224767.212542
68.500000	0.000000	57.249725	1239657.445902
68.500000	0.100000	34.571457	572976.790144
68.500000	0.200000	34.571457	484444.968086
68.500000	0.300000	34.571457	420225.544123
68.500000	0.400000	34.571457	373537.556746
68.500000	0.500000	34.571457	337191.412681
68.500000	0.600000	34.571457	307584.906146
68.500000	0.700000	34.571457	282793.476595
68.500000	0.800000	34.571457	261674.514731
68.500000	0.900000	34.571457	243480.254389
68.500000	1.000000	34.571457	227680.217083
68.600000	0.000000	35.063506	1510885.255675
68.600000	0.100000	35.275528	543373.800696
68.600000	0.200000	35.223522	391756.993353
68.600000	0.300000	35.223522	337311.560725
68.600000	0.400000	35.135514	307544.187450
68.600000	0.500000	35.135514	283649.278371
68.600000	0.600000	35.135514	262802.810966
68.600000	0.700000	35.135514	244382.072685
68.600000	0.800000	35.507551	228519.750825
68.600000	0.900000	0.100010	218070.652350
68.600000	1.000000	0.100010	208796.942998
68.700000	0.000000	49.868987	1473520.351117
68.700000	0.100000	0.108011	572215.776023
68.700000	0.200000	0.108011	428650.443998
68.700000	0.300000	0.108011	362928.330350
68.700000	0.400000	0.108011	320873.083165
68.700000	0.500000	0.108011	290444.223635
68.700000	0.600000	0.108011	267053.956202
68.700000	0.700000	0.108011	248294.547068
68.700000	0.800000	0.108011	232741.364558
68.700000	0.900000	0.108011	219507.210479
68.700000	1.000000	0.108011	208019.657593
68.800000	0.000000	56.261626	1346184.360823
68.800000	0.100000	20.810081	529700.397659
68.800000	0.200000	20.810081	397753.116382
68.800000	0.300000	20.810081	328036.573618
68.800000	0.400000	20.810081	284021.836679
68.800000	0.500000	5.148515	271598.746616
68.800000	0.600000	5.148515	261312.615923
68.800000	0.700000	5.148515	250571.721070
68.800000	0.800000	5.148515	239903.478143
68.800000	0.900000	5.148515	229588.855432
68.800000	1.000000	5.148515	219762.463403
68.900000	0.000000	56.353635	1313499.006046
68.900000	0.100000	49.980998	615732.707732
68.900000	0.200000	5.156516	483666.864961
68.900000	0.300000	5.156516	418824.896672
68.900000	0.400000	5.156516	374694.587478
68.900000	0.500000	5.156516	342275.224488
68.900000	0.600000	5.156516	316710.802116
68.900000	0.700000	5.156516	295481.860111
68.900000	0.800000	5.156516	277233.142934
68.900000	0.900000	5.156516	261192.720196
68.900000	1.000000	5.156516	246890.720782
69.000000	0.000000	52.017202	1441934.896872
69.000000	0.100000	8.912891	631811.367347
69.000000	0.200000	3.128313	483005.904362
69.000000	0.300000	5.128513	425541.286586
69.000000	0.400000	5.128513	387361.027988
69.000000	0.500000	5.128513	356279.946786
69.000000	0.600000	5.164516	329663.948658
69.000000	0.700000	5.164516	306499.006797
69.000000	0.800000	5.164516	285939.164510
69.000000	0.900000	5.164516	267609.753071
69.000000	1.000000	5.164516	251224.704221
69.100000	0.000000	40.388039	1243961.871737
69.100000	0.100000	57.785779	592421.715777
69.100000	0.200000	5.180518	436630.563874
69.100000	0.300000	5.180518	407409.831850
69.100000	0.400000	5.180518	374953.708249
69.100000	0.500000	5.180518	343512.847675
69.100000	0.600000	5.180518	315078.528581
69.100000	0.700000	5.172517	291417.332597
69.100000	0.800000	5.172517	271030.626933
69.100000	0.900000	5.172517	253241.114772
69.100000	1.000000	5.172517	237636.053385
69.200000	0.000000	6.068607	1274841.540994
69.200000	0.100000	39.735974	582950.019789
69.200000	0.200000	4.900490	500603.754403
69.200000	0.300000	4.900490	442041.529171
69.200000	0.400000	4.900490	392339.689560
69.200000	0.500000	4.900490	352155.475571
69.200000	0.600000	4.900490	319678.922959
69.200000	0.700000	4.900490	293070.347444
69.200000	0.800000	4.900490	270912.992206
69.200000	0.900000	4.900490	252182.198448
69.200000	1.000000	4.900490	236140.594574
69.300000	0.000000	4.232423	1455448.906076
69.300000	0.100000	33.403340	532134.811243
69.300000	0.200000	36.499650	408628.707300
69.300000	0.300000	4.908491	346681.017586
69.300000	0.400000	4.908491	315821.961888
69.300000	0.500000	4.908491	293469.267440
69.300000	0.600000	4.908491	275422.351138
69.300000	0.700000	4.908491	259957.937999
69.300000	0.800000	4.908491	246285.988462
69.300000	0.900000	4.908491	234004.001186
69.300000	1.000000	4.908491	222879.785013
69.400000	0.000000	0.248025	1464627.575479
69.400000	0.100000	16.861686	598639.398197
69.400000	0.200000	20.102010	421858.456734
69.400000	0.300000	20.102010	356797.587038
69.400000	0.400000	20.102010	311932.741800
69.400000	0.500000	45.492549	281857.215080
69.400000	0.600000	45.492549	258940.272781
69.400000	0.700000	45.492549	240434.117381
69.400000	0.800000	2.856286	227884.820351
69.400000	0.900000	2.856286	220433.133727
69.400000	1.000000	2.892289	213511.119781
69.500000	0.000000	46.244624	1487920.026086
69.500000	0.100000	18.945895	552122.505853
69.500000	0.200000	18.945895	423627.548652
69.500000	0.300000	49.300930	355788.544857
69.500000	0.400000	49.300930	317373.166184
69.500000	0.500000	50.253025	289459.887633
69.500000	0.600000	50.253025	268622.143863
69.500000	0.700000	2.856286	253543.255269
69.500000	0.800000	2.856286	242444.496724
69.500000	0.900000	2.856286	232666.611782
69.500000	1.000000	2.856286	223900.624160
69.600000	0.000000	50.709071	1864085.640704
69.600000	0.100000	6.204620	608815.627318
69.600000	0.200000	6.212621	437978.278117
69.600000	0.300000	46.444644	366431.405815
69.600000	0.400000	46.452645	323836.324503
69.600000	0.500000	46.452645	295002.756662
69.600000	0.600000	46.452645	271890.147488
69.600000	0.700000	46.452645	252612.924722
69.600000	0.800000	2.856286	238545.781379
69.600000	0.900000	2.856286	229751.682083
69.600000	1.000000	2.856286	221448.242785
69.700000	0.000000	26.134613	1457955.811270
69.700000	0.100000	0.548055	732194.566414
69.700000	0.200000	0.512051	512569.934866
69.700000	0.300000	46.468647	421763.168291
69.700000	0.400000	46.468647	361187.686703
69.700000	0.500000	46.468647	314866.629011
69.700000	0.600000	46.460646	281499.374272
69.700000	0.700000	48.772877	256114.832322
69.700000	0.800000	2.864286	237165.716550
69.700000	0.900000	2.864286	226571.853925
69.700000	1.000000	2.864286	217607.466239
69.800000	0.000000	54.441444	1361695.938627
69.800000	0.100000	54.749475	535478.484164
69.800000	0.200000	48.408841	436372.930352
69.800000	0.300000	48.408841	385405.620075
69.800000	0.400000	48.688869	343985.275739
69.800000	0.500000	48.960896	308736.046026
69.800000	0.600000	48.960896	279738.337917
69.800000	0.700000	50.665067	255854.942442
69.800000	0.800000	50.637064	240632.080705
69.800000	0.900000	50.637064	227581.259588
69.800000	1.000000	50.637064	215830.414416
69.900000	0.000000	36.515652	1692207.771835
69.900000	0.100000	44.836484	601110.202555
69.900000	0.200000	50.645065	458977.241937
69.900000	0.300000	50.645065	408187.251321
69.900000	0.400000	50.645065	361992.929093
69.900000	0.500000	50.645065	323794.847524
69.900000	0.600000	50.645065	292974.759870
69.900000	0.700000	50.645065	268006.072158
69.900000	0.800000	50.645065	247485.714984
69.900000	0.900000	50.645065	230334.083673
69.900000	1.000000	50.645065	215763.596629
70.000000	0.000000	7.380738	1682976.841060
70.000000	0.100000	10.573057	664203.375013
70.000000	0.200000	10.573057	435447.491456
70.000000	0.300000	29.794979	357570.294097
70.000000	0.400000	29.794979	307007.869975
70.000000	0.500000	15.129513	270908.181568
70.000000	0.600000	32.671267	253111.493359
70.000000	0.700000	32.671267	243110.436827
70.000000	0.800000	32.671267	234265.888793
70.000000	0.900000	32.671267	226277.082149
70.000000	1.000000	32.671267	218938.490111
