50.000000	0.000000	17.913791	1821.848455
50.000000	0.100000	19.381938	626.844144
50.000000	0.200000	21.862186	439.605248
50.000000	0.300000	21.882188	373.485445
50.000000	0.400000	22.142214	337.504023
50.000000	0.500000	22.142214	311.692408
50.000000	0.600000	22.142214	291.159805
50.000000	0.700000	22.142214	274.284700
50.000000	0.800000	22.142214	260.069378
50.000000	0.900000	22.142214	247.833957
50.000000	1.000000	22.142214	237.104210
50.100000	0.000000	29.634963	1221.857863
50.100000	0.100000	52.609261	532.563149
50.100000	0.200000	33.767377	404.677819
50.100000	0.300000	52.153215	344.180568
50.100000	0.400000	52.153215	314.099240
50.100000	0.500000	21.994199	295.731519
50.100000	0.600000	21.994199	281.739896
50.100000	0.700000	21.994199	268.560660
50.100000	0.800000	21.994199	256.205617
50.100000	0.900000	21.994199	244.698040
50.100000	1.000000	22.142214	234.092835
50.200000	0.000000	34.451445	1563.195954
50.200000	0.100000	21.526153	629.411448
50.200000	0.200000	21.526153	495.513089
50.200000	0.300000	21.994199	418.536309
50.200000	0.400000	21.994199	369.358418
50.200000	0.500000	21.994199	332.682289
50.200000	0.600000	21.994199	304.537344
50.200000	0.700000	21.994199	282.331281
50.200000	0.800000	21.994199	264.318800
50.200000	0.900000	21.994199	249.319844
50.200000	1.000000	21.994199	236.532403
50.300000	0.000000	52.105211	1784.398855
50.300000	0.100000	51.769177	648.328169
50.300000	0.200000	51.789179	467.101946
50.300000	0.300000	23.710371	413.822927
50.300000	0.400000	23.710371	379.256041
50.300000	0.500000	23.710371	349.334929
50.300000	0.600000	23.710371	323.313009
50.300000	0.700000	23.710371	300.643728
50.300000	0.800000	23.710371	280.820866
50.300000	0.900000	23.710371	263.390439
50.300000	1.000000	23.710371	247.965654
50.400000	0.000000	32.195220	1739.744695
50.400000	0.100000	46.460646	598.362619
50.400000	0.200000	23.702370	441.686048
50.400000	0.300000	23.702370	395.351182
50.400000	0.400000	23.702370	358.914098
50.400000	0.500000	23.702370	328.960386
50.400000	0.600000	23.702370	303.629133
50.400000	0.700000	23.702370	281.816930
50.400000	0.800000	23.790379	265.877451
50.400000	0.900000	23.790379	251.785285
50.400000	1.000000	23.790379	238.876269
50.500000	0.000000	9.136914	1535.380836
50.500000	0.100000	7.940794	598.537245
50.500000	0.200000	34.331433	416.485933
50.500000	0.300000	57.805781	350.367790
50.500000	0.400000	57.805781	314.968416
50.500000	0.500000	57.805781	285.378986
50.500000	0.600000	23.722372	267.836602
50.500000	0.700000	23.722372	254.791683
50.500000	0.800000	23.722372	242.507686
50.500000	0.900000	23.722372	230.945841
50.500000	1.000000	23.722372	220.076524
50.600000	0.000000	6.148615	1708.994807
50.600000	0.100000	55.625563	663.329506
50.600000	0.200000	57.729773	514.911860
50.600000	0.300000	57.729773	430.747416
50.600000	0.400000	57.729773	373.447937
50.600000	0.500000	57.729773	331.334310
50.600000	0.600000	57.729773	299.004906
50.600000	0.700000	57.837784	273.748602
50.600000	0.800000	57.837784	255.261560
50.600000	0.900000	57.837784	239.805995
50.600000	1.000000	57.837784	226.643415
50.700000	0.000000	57.401740	1619.552255
50.700000	0.100000	57.381738	574.469018
50.700000	0.200000	35.663566	415.822077
50.700000	0.300000	35.663566	345.833008
50.700000	0.400000	50.225023	310.972090
50.700000	0.500000	50.225023	284.932456
50.700000	0.600000	50.225023	262.886977
50.700000	0.700000	50.225023	243.871677
50.700000	0.800000	57.769777	233.232987
50.700000	0.900000	57.769777	225.396080
50.700000	1.000000	57.769777	217.358362
50.800000	0.000000	33.543354	1432.010567
50.800000	0.100000	33.011301	653.135266
50.800000	0.200000	33.011301	448.829752
50.800000	0.300000	49.468947	357.750691
50.800000	0.400000	50.237024	323.771106
50.800000	0.500000	50.237024	297.929072
50.800000	0.600000	50.237024	275.609164
50.800000	0.700000	50.237024	256.079043
50.800000	0.800000	50.237024	238.890459
50.800000	0.900000	50.257026	223.921177
50.800000	1.000000	57.769777	212.634611
50.900000	0.000000	46.820682	1470.622670
50.900000	0.100000	49.344934	628.358136
50.900000	0.200000	49.324932	442.889028
50.900000	0.300000	57.477748	360.940588
50.900000	0.400000	57.477748	323.601176
50.900000	0.500000	57.477748	295.408327
50.900000	0.600000	57.477748	272.815631
50.900000	0.700000	57.477748	254.021924
50.900000	0.800000	57.477748	237.967881
50.900000	0.900000	57.477748	223.985403
50.900000	1.000000	57.477748	211.632200
51.000000	0.000000	31.807181	1575.180608
51.000000	0.100000	35.355536	595.880122
51.000000	0.200000	35.315532	428.797378
51.000000	0.300000	38.471847	365.710078
51.000000	0.400000	38.627863	324.066505
51.000000	0.500000	38.627863	295.308237
51.000000	0.600000	38.627863	271.769453
51.000000	0.700000	38.627863	252.233818
51.000000	0.800000	38.627863	235.758837
51.000000	0.900000	38.627863	221.646684
51.000000	1.000000	38.627863	209.392789
51.100000	0.000000	36.135614	1335.356394
51.100000	0.100000	6.492649	545.735962
51.100000	0.200000	42.916292	412.899647
51.100000	0.300000	41.140114	360.349921
51.100000	0.400000	41.140114	331.196829
51.100000	0.500000	41.140114	305.460562
51.100000	0.600000	41.140114	282.955365
51.100000	0.700000	41.140114	263.382616
51.100000	0.800000	41.140114	246.371992
51.100000	0.900000	41.140114	231.548566
51.100000	1.000000	41.140114	218.571529
51.200000	0.000000	42.056206	1760.232649
51.200000	0.100000	40.556056	647.450027
51.200000	0.200000	41.152115	502.643349
51.200000	0.300000	41.152115	415.658558
51.200000	0.400000	42.432243	354.869958
51.200000	0.500000	42.432243	315.126911
51.200000	0.600000	42.432243	283.423656
51.200000	0.700000	42.432243	257.581771
51.200000	0.800000	41.112111	237.690594
51.200000	0.900000	41.112111	222.343910
51.200000	1.000000	24.350435	212.754476
51.300000	0.000000	56.673667	1436.697944
51.300000	0.100000	56.673667	661.260945
51.300000	0.200000	58.077808	478.458626
51.300000	0.300000	58.077808	387.751118
51.300000	0.400000	58.057806	331.998139
51.300000	0.500000	24.350435	301.515288
51.300000	0.600000	24.350435	284.130166
51.300000	0.700000	24.350435	269.508180
51.300000	0.800000	24.350435	256.854824
51.300000	0.900000	24.350435	245.706035
51.300000	1.000000	24.350435	235.768830
51.400000	0.000000	34.671467	1357.577802
51.400000	0.100000	24.350435	579.125855
51.400000	0.200000	24.350435	439.759466
51.400000	0.300000	24.350435	373.690198
51.400000	0.400000	24.350435	333.251074
51.400000	0.500000	24.350435	304.784721
51.400000	0.600000	24.350435	283.115036
51.400000	0.700000	24.350435	265.821257
51.400000	0.800000	24.350435	251.576485
51.400000	0.900000	24.350435	239.564800
51.400000	1.000000	24.350435	229.244141
51.500000	0.000000	13.213321	1391.604311
51.500000	0.100000	2.536254	482.850680
51.500000	0.200000	9.508951	348.353283
51.500000	0.300000	9.508951	301.904655
51.500000	0.400000	9.508951	270.345453
51.500000	0.500000	51.629163	247.339135
51.500000	0.600000	24.362436	231.825809
51.500000	0.700000	24.362436	225.044642
51.500000	0.800000	24.362436	218.222659
51.500000	0.900000	24.362436	211.528376
51.500000	1.000000	24.362436	205.059196
51.600000	0.000000	46.176618	1645.506433
51.600000	0.100000	59.857986	617.627974
51.600000	0.200000	50.973097	432.864502
51.600000	0.300000	50.973097	368.139645
51.600000	0.400000	50.973097	323.023480
51.600000	0.500000	50.973097	288.194510
51.600000	0.600000	50.973097	260.232209
51.600000	0.700000	50.973097	237.269907
51.600000	0.800000	51.641164	219.126899
51.600000	0.900000	51.641164	206.174000
51.600000	1.000000	51.641164	194.734396
51.700000	0.000000	30.899090	1542.582806
51.700000	0.100000	50.097010	616.129109
51.700000	0.200000	50.937094	433.650859
51.700000	0.300000	50.937094	356.055182
51.700000	0.400000	18.609861	315.640314
51.700000	0.500000	18.609861	292.750800
51.700000	0.600000	18.609861	271.834800
51.700000	0.700000	18.609861	253.269849
51.700000	0.800000	18.609861	236.909793
51.700000	0.900000	18.609861	222.479818
51.700000	1.000000	18.609861	209.699579
51.800000	0.000000	17.077708	1652.279029
51.800000	0.100000	17.289729	759.073790
51.800000	0.200000	17.289729	582.058420
51.800000	0.300000	17.289729	488.347249
51.800000	0.400000	17.289729	424.988736
51.800000	0.500000	17.289729	377.948195
51.800000	0.600000	17.289729	341.274386
51.800000	0.700000	17.289729	311.781061
51.800000	0.800000	17.289729	287.526455
51.800000	0.900000	17.289729	267.227417
51.800000	1.000000	17.289729	249.989015
51.900000	0.000000	54.489449	1683.361874
51.900000	0.100000	17.465747	604.948452
51.900000	0.200000	17.465747	473.692829
51.900000	0.300000	17.281728	418.722630
51.900000	0.400000	17.281728	380.210749
51.900000	0.500000	17.281728	349.095452
51.900000	0.600000	17.281728	322.728653
51.900000	0.700000	17.281728	299.953414
51.900000	0.800000	17.281728	280.101766
51.900000	0.900000	17.281728	262.701270
51.900000	1.000000	17.281728	247.378943
52.000000	0.000000	21.274127	1418.363838
52.000000	0.100000	49.164916	594.864587
52.000000	0.200000	49.164916	435.850809
52.000000	0.300000	25.082508	369.486260
52.000000	0.400000	25.082508	325.218828
52.000000	0.500000	25.082508	291.645106
52.000000	0.600000	17.929793	269.219969
52.000000	0.700000	17.929793	253.941295
52.000000	0.800000	18.373837	242.589216
52.000000	0.900000	18.373837	232.468670
52.000000	1.000000	18.373837	223.064843
52.100000	0.000000	29.842984	1427.400213
52.100000	0.100000	0.040004	618.473165
52.100000	0.200000	3.044304	468.560020
52.100000	0.300000	4.196420	386.493519
52.100000	0.400000	4.196420	345.422381
52.100000	0.500000	4.196420	312.953342
52.100000	0.600000	4.436444	287.458394
52.100000	0.700000	4.436444	267.396225
52.100000	0.800000	4.436444	250.588269
52.100000	0.900000	4.436444	236.311179
52.100000	1.000000	4.436444	224.025720
52.200000	0.000000	0.396040	1553.896277
52.200000	0.100000	1.316132	724.960286
52.200000	0.200000	1.268127	488.672523
52.200000	0.300000	1.296130	377.290348
52.200000	0.400000	8.624862	323.053159
52.200000	0.500000	8.748875	290.560705
52.200000	0.600000	8.748875	267.442869
52.200000	0.700000	6.692669	249.393759
52.200000	0.800000	6.692669	234.768926
52.200000	0.900000	6.692669	222.306250
52.200000	1.000000	6.692669	211.491285
52.300000	0.000000	6.724672	1399.440990
52.300000	0.100000	25.502550	530.616402
52.300000	0.200000	25.502550	415.287474
52.300000	0.300000	25.502550	348.924356
52.300000	0.400000	25.502550	306.261933
52.300000	0.500000	25.502550	275.226120
52.300000	0.600000	25.502550	250.955895
52.300000	0.700000	25.502550	231.198893
52.300000	0.800000	6.684668	216.144504
52.300000	0.900000	6.684668	204.382147
52.300000	1.000000	6.712671	194.260363
52.400000	0.000000	2.424242	1673.495070
52.400000	0.100000	17.241724	632.109421
52.400000	0.200000	17.785779	434.605121
52.400000	0.300000	58.049805	344.771757
52.400000	0.400000	58.049805	298.138278
52.400000	0.500000	52.137214	268.740437
52.400000	0.600000	52.137214	256.135197
52.400000	0.700000	52.157216	244.420254
52.400000	0.800000	52.157216	235.794555
52.400000	0.900000	52.157216	227.492385
52.400000	1.000000	52.157216	219.558246
52.500000	0.000000	31.699170	1424.562461
52.500000	0.100000	42.784278	532.645584
52.500000	0.200000	52.157216	398.107670
52.500000	0.300000	52.157216	368.661115
52.500000	0.400000	52.157216	343.156442
52.500000	0.500000	52.157216	319.885017
52.500000	0.600000	52.157216	299.082427
52.500000	0.700000	52.157216	280.679377
52.500000	0.800000	52.157216	264.431051
52.500000	0.900000	52.157216	250.052993
52.500000	1.000000	52.177218	237.520871
52.600000	0.000000	37.559756	1313.475671
52.600000	0.100000	47.816782	620.356217
52.600000	0.200000	52.169217	458.903116
52.600000	0.300000	52.169217	393.987107
52.600000	0.400000	52.169217	350.925194
52.600000	0.500000	52.149215	320.301579
52.600000	0.600000	52.149215	297.485327
52.600000	0.700000	52.149215	278.295270
52.600000	0.800000	52.149215	261.758645
52.600000	0.900000	52.149215	247.265172
52.600000	1.000000	52.149215	234.404974
52.700000	0.000000	58.753875	1359.433121
52.700000	0.100000	59.369937	757.088969
52.700000	0.200000	59.369937	576.753108
52.700000	0.300000	59.369937	471.279086
52.700000	0.400000	59.369937	401.829742
52.700000	0.500000	59.369937	352.539654
52.700000	0.600000	59.369937	315.488448
52.700000	0.700000	59.369937	286.439963
52.700000	0.800000	59.445945	263.493759
52.700000	0.900000	59.445945	244.814182
52.700000	1.000000	59.445945	229.140506
52.800000	0.000000	59.285929	1363.206642
52.800000	0.100000	4.308431	558.305408
52.800000	0.200000	4.412441	400.881839
52.800000	0.300000	59.429943	349.149225
52.800000	0.400000	59.437944	321.477767
52.800000	0.500000	59.437944	300.210163
52.800000	0.600000	59.437944	280.004622
52.800000	0.700000	59.437944	261.702818
52.800000	0.800000	59.437944	245.497523
52.800000	0.900000	59.437944	231.288159
52.800000	1.000000	59.437944	218.863154
52.900000	0.000000	5.316532	1351.057361
52.900000	0.100000	24.786479	598.540048
52.900000	0.200000	25.494549	455.036593
52.900000	0.300000	25.494549	389.277905
52.900000	0.400000	25.202520	347.119541
52.900000	0.500000	25.202520	317.371152
52.900000	0.600000	25.222522	296.440069
52.900000	0.700000	25.222522	279.376017
52.900000	0.800000	25.222522	264.773885
52.900000	0.900000	25.222522	252.076505
52.900000	1.000000	25.222522	240.893755
53.000000	0.000000	0.096010	1456.489942
53.000000	0.100000	24.358436	644.743091
53.000000	0.200000	24.442444	520.280620
53.000000	0.300000	25.054505	441.362952
53.000000	0.400000	25.110511	391.244892
53.000000	0.500000	25.222522	358.320589
53.000000	0.600000	25.222522	333.093464
53.000000	0.700000	25.222522	312.115799
53.000000	0.800000	25.222522	294.241391
53.000000	0.900000	25.222522	278.708798
53.000000	1.000000	25.222522	265.003583
53.100000	0.000000	49.472947	1541.224681
53.100000	0.100000	59.313931	675.216877
53.100000	0.200000	59.313931	477.955634
53.100000	0.300000	24.798480	375.054446
53.100000	0.400000	24.798480	350.859338
53.100000	0.500000	24.798480	327.951634
53.100000	0.600000	24.798480	306.822051
53.100000	0.700000	25.214521	294.204588
53.100000	0.800000	25.214521	284.080406
53.100000	0.900000	25.214521	273.799339
53.100000	1.000000	25.214521	263.646174
53.200000	0.000000	59.937994	1240.792639
53.200000	0.100000	26.882688	481.638173
53.200000	0.200000	24.810481	383.824079
53.200000	0.300000	24.810481	369.165157
53.200000	0.400000	25.130513	350.333541
53.200000	0.500000	25.130513	333.580710
53.200000	0.600000	25.130513	316.321355
53.200000	0.700000	25.130513	299.881393
53.200000	0.800000	25.130513	284.642803
53.200000	0.900000	25.130513	270.647986
53.200000	1.000000	25.214521	258.722977
53.300000	0.000000	2.760276	1698.444219
53.300000	0.100000	20.358036	786.591829
53.300000	0.200000	21.146115	564.688643
53.300000	0.300000	24.870487	483.169786
53.300000	0.400000	24.870487	422.979229
53.300000	0.500000	24.870487	376.687251
53.300000	0.600000	24.870487	340.507744
53.300000	0.700000	24.870487	311.581285
53.300000	0.800000	25.094509	288.040923
53.300000	0.900000	25.094509	270.197291
53.300000	1.000000	25.094509	254.911768
53.400000	0.000000	59.837984	1629.627654
53.400000	0.100000	24.854485	515.838542
53.400000	0.200000	24.854485	459.275443
53.400000	0.300000	24.854485	412.669750
53.400000	0.400000	24.854485	374.576811
53.400000	0.500000	24.854485	343.254183
53.400000	0.600000	24.854485	317.286051
53.400000	0.700000	24.854485	295.569944
53.400000	0.800000	24.854485	277.248328
53.400000	0.900000	24.854485	261.651847
53.400000	1.000000	24.854485	248.255206
53.500000	0.000000	45.736574	1552.932652
53.500000	0.100000	47.408741	592.939293
53.500000	0.200000	54.597460	403.827358
53.500000	0.300000	56.185619	329.890299
53.500000	0.400000	17.081708	298.254996
53.500000	0.500000	17.081708	277.613793
53.500000	0.600000	17.081708	259.217198
53.500000	0.700000	24.854485	246.073614
53.500000	0.800000	24.854485	239.058809
53.500000	0.900000	24.854485	231.839188
53.500000	1.000000	24.854485	224.717093
53.600000	0.000000	57.929793	1514.076193
53.600000	0.100000	56.113611	620.154749
53.600000	0.200000	56.141614	454.936497
53.600000	0.300000	41.948195	385.633731
53.600000	0.400000	41.948195	338.690741
53.600000	0.500000	41.948195	301.332461
53.600000	0.600000	41.948195	271.585209
53.600000	0.700000	41.948195	247.564418
53.600000	0.800000	17.073707	229.214210
53.600000	0.900000	17.073707	214.969202
53.600000	1.000000	17.073707	202.598449
53.700000	0.000000	3.176318	1643.581238
53.700000	0.100000	0.512051	641.954083
53.700000	0.200000	42.836284	492.536089
53.700000	0.300000	42.836284	421.438205
53.700000	0.400000	42.836284	367.075788
53.700000	0.500000	42.836284	324.376443
53.700000	0.600000	42.836284	290.067061
53.700000	0.700000	43.684368	268.259817
53.700000	0.800000	43.684368	250.132774
53.700000	0.900000	43.684368	234.319488
53.700000	1.000000	43.684368	220.441597
53.800000	0.000000	53.421342	1519.835807
53.800000	0.100000	33.691369	609.238371
53.800000	0.200000	26.066607	441.811783
53.800000	0.300000	26.066607	400.406127
53.800000	0.400000	26.318632	358.746928
53.800000	0.500000	26.318632	328.332378
53.800000	0.600000	26.318632	301.946401
53.800000	0.700000	26.318632	279.385408
53.800000	0.800000	26.318632	260.049287
53.800000	0.900000	26.318632	243.345702
53.800000	1.000000	26.318632	228.781345
53.900000	0.000000	51.181118	1032.962217
53.900000	0.100000	59.621962	525.792559
53.900000	0.200000	59.621962	421.474130
53.900000	0.300000	26.246625	368.155578
53.900000	0.400000	26.246625	340.250824
53.900000	0.500000	26.246625	314.340618
53.900000	0.600000	26.254625	291.075879
53.900000	0.700000	26.254625	271.554920
53.900000	0.800000	26.254625	253.895245
53.900000	0.900000	26.254625	238.027265
53.900000	1.000000	26.254625	223.788307
54.000000	0.000000	24.714471	1612.861846
54.000000	0.100000	35.255526	596.644332
54.000000	0.200000	31.667167	454.820257
54.000000	0.300000	31.667167	380.752097
54.000000	0.400000	31.843184	331.697011
54.000000	0.500000	31.907191	299.566786
54.000000	0.600000	31.907191	274.357635
54.000000	0.700000	31.907191	253.961940
54.000000	0.800000	31.907191	237.121046
54.000000	0.900000	26.646665	224.178217
54.000000	1.000000	26.646665	215.088847
54.100000	0.000000	41.792179	1445.988518
54.100000	0.100000	59.989999	601.966729
54.100000	0.200000	59.989999	441.667282
54.100000	0.300000	59.989999	354.152285
54.100000	0.400000	9.564956	312.870349
54.100000	0.500000	9.564956	289.905352
54.100000	0.600000	9.564956	269.968325
54.100000	0.700000	9.564956	252.534903
54.100000	0.800000	9.564956	237.220406
54.100000	0.900000	9.564956	223.693351
54.100000	1.000000	9.564956	211.672203
54.200000	0.000000	24.310431	1460.790503
54.200000	0.100000	24.310431	539.331985
54.200000	0.200000	34.439444	383.053833
54.200000	0.300000	35.399540	327.371835
54.200000	0.400000	9.556956	293.511054
54.200000	0.500000	9.556956	270.400700
54.200000	0.600000	38.435844	252.350623
54.200000	0.700000	38.435844	236.442026
54.200000	0.800000	38.435844	222.055158
54.200000	0.900000	26.646665	213.669496
54.200000	1.000000	26.646665	207.347939
54.300000	0.000000	25.326533	1326.851557
54.300000	0.100000	52.149215	547.811478
54.300000	0.200000	52.149215	418.022893
54.300000	0.300000	55.529553	343.558087
54.300000	0.400000	55.401540	300.869823
54.300000	0.500000	55.401540	267.043131
54.300000	0.600000	26.646665	251.191238
54.300000	0.700000	26.646665	240.680110
54.300000	0.800000	26.646665	230.621377
54.300000	0.900000	26.646665	221.112632
54.300000	1.000000	26.646665	212.211199
54.400000	0.000000	8.492849	1978.024115
54.400000	0.100000	26.462646	685.358620
54.400000	0.200000	26.490649	493.980251
54.400000	0.300000	26.490649	401.135735
54.400000	0.400000	26.482648	350.464273
54.400000	0.500000	26.482648	312.708167
54.400000	0.600000	26.666667	286.378574
54.400000	0.700000	26.666667	265.590959
54.400000	0.800000	26.666667	248.408629
54.400000	0.900000	26.666667	233.969992
54.400000	1.000000	26.666667	221.650769
54.500000	0.000000	14.889489	1813.217521
54.500000	0.100000	21.322132	660.141127
54.500000	0.200000	23.762376	487.017317
54.500000	0.300000	24.074407	391.697001
54.500000	0.400000	24.074407	330.310932
54.500000	0.500000	26.714671	296.182167
54.500000	0.600000	26.714671	273.479726
54.500000	0.700000	26.714671	254.459484
54.500000	0.800000	26.714671	238.393422
54.500000	0.900000	26.714671	224.683292
54.500000	1.000000	14.429443	212.874425
54.600000	0.000000	38.055806	1710.893558
54.600000	0.100000	39.823982	688.086023
54.600000	0.200000	38.743874	493.534752
54.600000	0.300000	38.743874	405.738557
54.600000	0.400000	38.743874	349.078252
54.600000	0.500000	38.743874	308.862195
54.600000	0.600000	14.137414	282.481916
54.600000	0.700000	14.137414	266.672905
54.600000	0.800000	14.137414	252.106669
54.600000	0.900000	14.129413	239.057781
54.600000	1.000000	14.129413	227.718205
54.700000	0.000000	11.033103	1830.594323
54.700000	0.100000	11.233123	656.929262
54.700000	0.200000	11.233123	470.339854
54.700000	0.300000	14.129413	408.015356
54.700000	0.400000	14.129413	368.819475
54.700000	0.500000	14.129413	337.751050
54.700000	0.600000	14.129413	312.102008
54.700000	0.700000	14.129413	290.375815
54.700000	0.800000	14.129413	271.633295
54.700000	0.900000	14.129413	255.243919
54.700000	1.000000	14.129413	240.762091
54.800000	0.000000	51.305131	1352.348855
54.800000	0.100000	36.467647	581.619675
54.800000	0.200000	36.467647	461.805978
54.800000	0.300000	36.467647	382.434544
54.800000	0.400000	14.241424	356.562446
54.800000	0.500000	14.241424	333.250955
54.800000	0.600000	14.241424	310.262467
54.800000	0.700000	14.241424	289.071995
54.800000	0.800000	14.241424	270.029382
54.800000	0.900000	14.241424	253.074927
54.800000	1.000000	14.241424	238.009867
54.900000	0.000000	22.354235	1377.949853
54.900000	0.100000	13.861386	634.896544
54.900000	0.200000	13.861386	512.131516
54.900000	0.300000	13.861386	433.667888
54.900000	0.400000	13.861386	376.064318
54.900000	0.500000	14.225423	334.791614
54.900000	0.600000	14.225423	303.643099
54.900000	0.700000	14.225423	278.174206
54.900000	0.800000	14.225423	256.997122
54.900000	0.900000	14.225423	239.127990
54.900000	1.000000	14.233423	223.865961
55.000000	0.000000	12.765277	1456.198171
55.000000	0.100000	13.993399	567.272805
55.000000	0.200000	13.965397	429.033744
55.000000	0.300000	13.801380	364.132213
55.000000	0.400000	13.773377	320.473999
55.000000	0.500000	14.765477	290.739545
55.000000	0.600000	14.765477	269.181940
55.000000	0.700000	14.765477	250.360918
55.000000	0.800000	14.765477	233.896403
55.000000	0.900000	15.437544	220.491103
55.000000	1.000000	15.437544	210.472239
55.100000	0.000000	39.555956	1425.264521
55.100000	0.100000	23.630363	578.308860
55.100000	0.200000	23.766377	439.503532
55.100000	0.300000	23.766377	351.984836
55.100000	0.400000	21.278128	309.702736
55.100000	0.500000	21.278128	285.663315
55.100000	0.600000	21.278128	266.586033
55.100000	0.700000	21.278128	250.420670
55.100000	0.800000	21.278128	236.271061
55.100000	0.900000	21.278128	223.677223
55.100000	1.000000	21.278128	212.361801
55.200000	0.000000	29.054905	1734.046538
55.200000	0.100000	46.392639	637.921053
55.200000	0.200000	20.174017	465.263172
55.200000	0.300000	20.174017	393.207886
55.200000	0.400000	21.270127	348.824805
55.200000	0.500000	21.270127	317.451947
55.200000	0.600000	21.270127	291.771306
55.200000	0.700000	21.270127	270.210452
55.200000	0.800000	21.270127	251.796167
55.200000	0.900000	21.270127	235.870572
55.200000	1.000000	21.270127	221.960652
55.300000	0.000000	24.042404	1664.519259
55.300000	0.100000	26.746675	644.751657
55.300000	0.200000	26.682668	481.054024
55.300000	0.300000	26.826683	401.352171
55.300000	0.400000	26.826683	355.074638
55.300000	0.500000	26.826683	320.032863
55.300000	0.600000	26.826683	292.625452
55.300000	0.700000	26.826683	270.585679
55.300000	0.800000	26.826683	252.409880
55.300000	0.900000	26.826683	237.085050
55.300000	1.000000	26.826683	223.919343
55.400000	0.000000	53.609361	1792.297430
55.400000	0.100000	7.596760	630.076444
55.400000	0.200000	7.596760	476.650362
55.400000	0.300000	7.596760	394.805498
55.400000	0.400000	7.596760	342.700398
55.400000	0.500000	7.596760	305.937943
55.400000	0.600000	7.596760	278.150553
55.400000	0.700000	7.596760	256.105382
55.400000	0.800000	26.682668	241.516335
55.400000	0.900000	26.854685	231.678064
55.400000	1.000000	26.854685	222.386019
55.500000	0.000000	0.628063	1688.423271
55.500000	0.100000	4.024402	766.464175
55.500000	0.200000	4.024402	532.550427
55.500000	0.300000	4.024402	423.422767
55.500000	0.400000	4.024402	359.016380
55.500000	0.500000	4.024402	315.130263
55.500000	0.600000	4.024402	282.568555
55.500000	0.700000	26.846685	267.433738
55.500000	0.800000	26.846685	255.611590
55.500000	0.900000	26.846685	244.625925
55.500000	1.000000	26.846685	234.400512
55.600000	0.000000	30.911091	1394.190929
55.600000	0.100000	42.376238	611.027914
55.600000	0.200000	42.376238	445.127891
55.600000	0.300000	15.697570	369.770218
55.600000	0.400000	15.697570	333.350718
55.600000	0.500000	15.697570	305.681408
55.600000	0.600000	15.697570	283.568215
55.600000	0.700000	26.838684	266.129399
55.600000	0.800000	26.838684	251.797521
55.600000	0.900000	26.838684	238.984427
55.600000	1.000000	26.846685	228.206293
55.700000	0.000000	0.028003	1604.208825
55.700000	0.100000	10.109011	540.664415
55.700000	0.200000	41.620162	399.187036
55.700000	0.300000	26.830683	337.677255
55.700000	0.400000	26.830683	303.311018
55.700000	0.500000	26.830683	278.978298
55.700000	0.600000	26.830683	260.373461
55.700000	0.700000	26.830683	245.260067
55.700000	0.800000	26.830683	232.450985
55.700000	0.900000	26.830683	221.284392
55.700000	1.000000	10.161016	214.334585
55.800000	0.000000	57.013701	1384.087611
55.800000	0.100000	9.576958	531.945722
55.800000	0.200000	53.529353	395.944830
55.800000	0.300000	0.020002	336.976444
55.800000	0.400000	0.020002	303.066409
55.800000	0.500000	15.617562	278.190472
55.800000	0.600000	15.617562	259.845702
55.800000	0.700000	15.617562	244.441810
55.800000	0.800000	15.617562	231.118153
55.800000	0.900000	15.617562	219.355600
55.800000	1.000000	15.617562	208.826731
55.900000	0.000000	4.408441	1565.579148
55.900000	0.100000	7.780778	569.933021
55.900000	0.200000	15.897590	446.937973
55.900000	0.300000	15.717572	379.535392
55.900000	0.400000	15.717572	335.146755
55.900000	0.500000	15.717572	300.171789
55.900000	0.600000	15.717572	272.383376
55.900000	0.700000	15.717572	250.018184
55.900000	0.800000	11.261126	234.725715
55.900000	0.900000	11.261126	226.003399
55.900000	1.000000	11.261126	217.950168
56.000000	0.000000	32.635264	1242.277689
56.000000	0.100000	37.387739	554.530509
56.000000	0.200000	37.387739	440.035489
56.000000	0.300000	10.701070	381.289388
56.000000	0.400000	10.701070	337.192813
56.000000	0.500000	10.701070	303.459719
56.000000	0.600000	10.701070	277.315959
56.000000	0.700000	10.701070	256.628322
56.000000	0.800000	1.736174	241.002007
56.000000	0.900000	1.736174	229.151949
56.000000	1.000000	1.736174	218.731886
56.100000	0.000000	0.724072	1883.898900
56.100000	0.100000	23.710371	704.266940
56.100000	0.200000	29.850985	487.951638
56.100000	0.300000	34.271427	389.744002
56.100000	0.400000	34.271427	344.828601
56.100000	0.500000	34.271427	312.403550
56.100000	0.600000	34.271427	287.848780
56.100000	0.700000	34.271427	268.453038
56.100000	0.800000	34.271427	252.575511
56.100000	0.900000	34.271427	239.192815
56.100000	1.000000	34.271427	227.646373
56.200000	0.000000	28.562856	1360.502807
56.200000	0.100000	7.816782	632.636402
56.200000	0.200000	7.816782	480.216683
56.200000	0.300000	7.780778	398.667190
56.200000	0.400000	7.780778	344.087629
56.200000	0.500000	7.816782	305.862787
56.200000	0.600000	34.227423	279.239825
56.200000	0.700000	34.227423	268.245363
56.200000	0.800000	34.227423	257.367831
56.200000	0.900000	34.227423	246.887729
56.200000	1.000000	34.227423	236.941075
56.300000	0.000000	29.978998	1602.989257
56.300000	0.100000	33.319332	642.863804
56.300000	0.200000	24.582458	461.704648
56.300000	0.300000	24.618462	380.149063
56.300000	0.400000	34.219422	340.962763
56.300000	0.500000	34.219422	317.589523
56.300000	0.600000	34.219422	298.678953
56.300000	0.700000	34.219422	282.779890
56.300000	0.800000	34.219422	268.987973
56.300000	0.900000	34.219422	256.751703
56.300000	1.000000	34.219422	245.728376
56.400000	0.000000	50.217022	1630.050051
56.400000	0.100000	58.337834	626.185157
56.400000	0.200000	27.966797	466.629179
56.400000	0.300000	27.966797	402.400322
56.400000	0.400000	27.966797	356.181055
56.400000	0.500000	28.002800	320.713330
56.400000	0.600000	34.211421	296.424355
56.400000	0.700000	34.211421	278.021810
56.400000	0.800000	34.211421	262.129576
56.400000	0.900000	34.211421	248.268119
56.400000	1.000000	34.211421	236.054975
56.500000	0.000000	42.644264	1900.776133
56.500000	0.100000	27.986799	645.997615
56.500000	0.200000	27.986799	505.692056
56.500000	0.300000	27.986799	435.245560
56.500000	0.400000	27.986799	383.557049
56.500000	0.500000	27.986799	342.486015
56.500000	0.600000	28.022802	309.648339
56.500000	0.700000	28.022802	282.878458
56.500000	0.800000	28.022802	260.275412
56.500000	0.900000	28.022802	241.013659
56.500000	1.000000	28.022802	224.451678
56.600000	0.000000	20.534053	1681.847241
56.600000	0.100000	20.922092	656.388052
56.600000	0.200000	20.922092	477.969560
56.600000	0.300000	52.709271	395.508900
56.600000	0.400000	23.686369	343.755172
56.600000	0.500000	23.686369	311.972859
56.600000	0.600000	23.686369	287.625714
56.600000	0.700000	23.686369	268.282668
56.600000	0.800000	23.686369	252.391631
56.600000	0.900000	23.686369	238.963575
56.600000	1.000000	23.686369	227.358874
56.700000	0.000000	12.249225	1198.816617
56.700000	0.100000	0.932093	589.245066
56.700000	0.200000	0.940094	451.375201
56.700000	0.300000	0.940094	371.093957
56.700000	0.400000	0.940094	315.717930
56.700000	0.500000	23.510351	280.690217
56.700000	0.600000	23.686369	272.757842
56.700000	0.700000	23.686369	263.823446
56.700000	0.800000	23.686369	254.129693
56.700000	0.900000	23.686369	244.217752
56.700000	1.000000	23.686369	234.441007
56.800000	0.000000	29.790979	1442.714404
56.800000	0.100000	47.632763	551.827588
56.800000	0.200000	23.502350	458.374001
56.800000	0.300000	23.450345	406.050929
56.800000	0.400000	23.450345	364.127621
56.800000	0.500000	23.450345	330.584004
56.800000	0.600000	23.450345	303.284615
56.800000	0.700000	23.670367	281.480850
56.800000	0.800000	23.670367	264.059918
56.800000	0.900000	23.670367	249.102825
56.800000	1.000000	23.670367	236.056077
56.900000	0.000000	59.781978	1164.256885
56.900000	0.100000	2.964296	546.602921
56.900000	0.200000	2.964296	468.287814
56.900000	0.300000	6.888689	417.257886
56.900000	0.400000	6.888689	380.038554
56.900000	0.500000	6.888689	347.429552
56.900000	0.600000	6.888689	319.027076
56.900000	0.700000	6.888689	294.323448
56.900000	0.800000	6.888689	272.820604
56.900000	0.900000	6.888689	254.056325
56.900000	1.000000	6.888689	237.619575
57.000000	0.000000	57.917792	1844.830856
57.000000	0.100000	1.048105	752.610154
57.000000	0.200000	6.724672	540.518752
57.000000	0.300000	7.540754	448.875323
57.000000	0.400000	7.540754	388.646799
57.000000	0.500000	7.540754	345.948797
57.000000	0.600000	7.540754	313.668843
57.000000	0.700000	7.540754	287.920517
57.000000	0.800000	7.540754	266.557834
57.000000	0.900000	11.653165	250.823564
57.000000	1.000000	11.653165	238.988540
57.100000	0.000000	36.671667	1342.650165
57.100000	0.100000	26.370637	549.197608
57.100000	0.200000	26.370637	443.208541
57.100000	0.300000	9.920992	380.767000
57.100000	0.400000	9.920992	342.530668
57.100000	0.500000	10.017002	315.723493
57.100000	0.600000	10.017002	296.077608
57.100000	0.700000	10.017002	281.177652
57.100000	0.800000	10.017002	269.664603
57.100000	0.900000	10.017002	260.574202
57.100000	1.000000	10.017002	253.231796
57.200000	0.000000	56.121612	1677.820705
57.200000	0.100000	57.013701	688.440224
57.200000	0.200000	59.469947	505.490331
57.200000	0.300000	51.477148	415.777487
57.200000	0.400000	51.477148	365.589640
57.200000	0.500000	51.469147	329.049737
57.200000	0.600000	51.469147	300.514773
57.200000	0.700000	10.009001	281.100948
57.200000	0.800000	10.009001	274.252017
57.200000	0.900000	10.009001	268.067004
57.200000	1.000000	10.009001	262.417434
57.300000	0.000000	48.672867	1721.341330
57.300000	0.100000	59.909991	620.721394
57.300000	0.200000	59.909991	469.487349
57.300000	0.300000	59.909991	391.078625
57.300000	0.400000	59.909991	337.648394
57.300000	0.500000	10.009001	316.032615
57.300000	0.600000	10.009001	302.626743
57.300000	0.700000	10.009001	291.806659
57.300000	0.800000	10.009001	282.717103
57.300000	0.900000	10.009001	274.903257
57.300000	1.000000	10.009001	268.084142
57.400000	0.000000	24.362436	1609.803243
57.400000	0.100000	48.292829	652.329517
57.400000	0.200000	48.736874	463.614006
57.400000	0.300000	50.593059	370.269978
57.400000	0.400000	9.984998	323.745029
57.400000	0.500000	9.992999	306.061943
57.400000	0.600000	9.992999	292.816132
57.400000	0.700000	9.992999	281.804938
57.400000	0.800000	9.992999	272.483756
57.400000	0.900000	9.992999	264.491706
57.400000	1.000000	10.001000	257.921450
57.500000	0.000000	0.276028	1552.514176
57.500000	0.100000	0.484048	675.879735
57.500000	0.200000	0.588059	478.889632
57.500000	0.300000	29.602960	389.528153
57.500000	0.400000	29.602960	338.424029
57.500000	0.500000	57.941794	305.627358
57.500000	0.600000	57.941794	280.905852
57.500000	0.700000	10.693069	264.428055
57.500000	0.800000	10.693069	262.211165
57.500000	0.900000	10.693069	259.485597
57.500000	1.000000	10.693069	256.460894
57.600000	0.000000	56.129613	1282.511993
57.600000	0.100000	53.317332	532.289904
57.600000	0.200000	56.337634	438.168738
57.600000	0.300000	10.301030	379.842983
57.600000	0.400000	10.701070	344.541053
57.600000	0.500000	10.701070	323.639864
57.600000	0.600000	10.701070	308.328694
57.600000	0.700000	10.693069	298.464243
57.600000	0.800000	10.693069	290.492308
57.600000	0.900000	10.693069	283.682406
57.600000	1.000000	10.693069	277.693923
57.700000	0.000000	3.828383	1898.615480
57.700000	0.100000	56.913691	740.891050
57.700000	0.200000	58.057806	513.435343
57.700000	0.300000	10.685069	406.084395
57.700000	0.400000	10.685069	370.504414
57.700000	0.500000	10.685069	347.780241
57.700000	0.600000	10.685069	331.330402
57.700000	0.700000	10.685069	318.580938
57.700000	0.800000	10.685069	308.294231
57.700000	0.900000	10.685069	299.759527
57.700000	1.000000	10.685069	292.517357
57.800000	0.000000	29.962996	1445.157745
57.800000	0.100000	14.385439	579.470144
57.800000	0.200000	14.393439	452.132757
57.800000	0.300000	14.393439	392.847938
57.800000	0.400000	14.393439	350.094116
57.800000	0.500000	14.765477	316.060780
57.800000	0.600000	10.193019	305.683577
57.800000	0.700000	10.677068	296.711066
57.800000	0.800000	10.677068	294.316175
57.800000	0.900000	10.677068	291.731432
57.800000	1.000000	10.677068	288.975996
57.900000	0.000000	36.043604	1379.311521
57.900000	0.100000	27.870787	571.251952
57.900000	0.200000	31.463146	489.241769
57.900000	0.300000	31.455146	425.931435
57.900000	0.400000	31.455146	377.381294
57.900000	0.500000	31.455146	338.521556
57.900000	0.600000	31.559156	308.204808
57.900000	0.700000	10.185019	300.331738
57.900000	0.800000	10.677068	296.753724
57.900000	0.900000	10.677068	296.212430
57.900000	1.000000	10.677068	294.740024
58.000000	0.000000	1.924192	1830.553647
58.000000	0.100000	10.693069	697.275372
58.000000	0.200000	10.685069	527.973638
58.000000	0.300000	10.685069	456.741284
58.000000	0.400000	10.677068	416.807191
58.000000	0.500000	10.109011	388.523376
58.000000	0.600000	10.677068	366.675723
58.000000	0.700000	10.677068	349.833477
58.000000	0.800000	10.101010	336.933142
58.000000	0.900000	10.669067	325.788483
58.000000	1.000000	10.669067	317.247047
58.100000	0.000000	58.297830	1636.225591
58.100000	0.100000	10.009001	785.909687
58.100000	0.200000	10.009001	625.732423
58.100000	0.300000	10.009001	534.008972
58.100000	0.400000	10.009001	476.966877
58.100000	0.500000	10.009001	438.937135
58.100000	0.600000	10.009001	412.041033
58.100000	0.700000	10.009001	392.048681
58.100000	0.800000	10.009001	376.550604
58.100000	0.900000	10.009001	364.101470
58.100000	1.000000	10.009001	353.795342
58.200000	0.000000	16.109611	1445.980106
58.200000	0.100000	16.109611	586.808798
58.200000	0.200000	9.296930	462.166733
58.200000	0.300000	10.001000	430.376866
58.200000	0.400000	10.001000	416.800733
58.200000	0.500000	10.001000	407.631643
58.200000	0.600000	10.001000	399.548827
58.200000	0.700000	10.001000	391.691404
58.200000	0.800000	10.001000	383.956620
58.200000	0.900000	10.001000	376.429300
58.200000	1.000000	10.001000	369.203289
58.300000	0.000000	5.540554	1547.382394
58.300000	0.100000	9.280928	640.862770
58.300000	0.200000	9.632963	494.894095
58.300000	0.300000	9.992999	447.807793
58.300000	0.400000	9.992999	428.933135
58.300000	0.500000	9.992999	417.246982
58.300000	0.600000	9.992999	408.353404
58.300000	0.700000	9.992999	400.728951
58.300000	0.800000	9.992999	393.796945
58.300000	0.900000	9.992999	387.317286
58.300000	1.000000	9.992999	381.180395
58.400000	0.000000	15.133513	1488.730930
58.400000	0.100000	7.408741	641.300106
58.400000	0.200000	7.408741	490.362735
58.400000	0.300000	9.992999	440.886612
58.400000	0.400000	9.992999	431.110693
58.400000	0.500000	9.992999	423.142128
58.400000	0.600000	9.992999	415.946273
58.400000	0.700000	9.992999	409.230925
58.400000	0.800000	9.992999	402.888894
58.400000	0.900000	9.992999	396.865280
58.400000	1.000000	9.992999	391.122271
58.500000	0.000000	20.898090	1762.811169
58.500000	0.100000	50.821082	674.229526
58.500000	0.200000	50.821082	514.965695
58.500000	0.300000	9.676968	475.766860
58.500000	0.400000	9.676968	450.655567
58.500000	0.500000	9.984998	437.090179
58.500000	0.600000	9.984998	427.960805
58.500000	0.700000	9.984998	420.133081
58.500000	0.800000	9.984998	413.187606
58.500000	0.900000	9.984998	406.871663
58.500000	1.000000	9.984998	401.030000
58.600000	0.000000	1.024102	1602.810502
58.600000	0.100000	5.240524	607.919746
58.600000	0.200000	9.668967	533.860587
58.600000	0.300000	9.668967	497.129043
58.600000	0.400000	9.728973	468.921598
58.600000	0.500000	9.984998	446.807411
58.600000	0.600000	9.984998	436.461785
58.600000	0.700000	9.984998	427.708696
58.600000	0.800000	9.984998	420.119835
58.600000	0.900000	9.984998	413.407087
58.600000	1.000000	9.984998	407.375227
58.700000	0.000000	55.173517	1304.292623
58.700000	0.100000	9.712971	611.283086
58.700000	0.200000	9.712971	540.944806
58.700000	0.300000	9.712971	503.246439
58.700000	0.400000	9.712971	473.530972
58.700000	0.500000	9.712971	448.903396
58.700000	0.600000	9.712971	428.188983
58.700000	0.700000	9.984998	419.384180
58.700000	0.800000	9.984998	412.700617
58.700000	0.900000	9.984998	407.262158
58.700000	1.000000	9.984998	402.697090
58.800000	0.000000	10.309031	1428.611530
58.800000	0.100000	10.401040	601.944544
58.800000	0.200000	10.493049	508.310491
58.800000	0.300000	10.493049	465.224834
58.800000	0.400000	10.493049	436.294401
58.800000	0.500000	10.493049	414.990858
58.800000	0.600000	10.569057	399.781343
58.800000	0.700000	10.577058	389.672209
58.800000	0.800000	9.984998	389.947774
58.800000	0.900000	9.984998	391.001654
58.800000	1.000000	9.984998	391.592313
58.900000	0.000000	54.317432	1609.365269
58.900000	0.100000	11.185119	586.365255
58.900000	0.200000	11.101110	465.226507
58.900000	0.300000	9.712971	427.523042
58.900000	0.400000	9.712971	417.932970
58.900000	0.500000	9.712971	407.147648
58.900000	0.600000	9.984998	400.858419
58.900000	0.700000	9.984998	401.914885
58.900000	0.800000	9.984998	402.818012
58.900000	0.900000	9.984998	403.552592
58.900000	1.000000	9.984998	404.084244
59.000000	0.000000	27.494749	1396.029816
59.000000	0.100000	10.509051	665.149626
59.000000	0.200000	10.509051	535.536057
59.000000	0.300000	10.509051	479.725070
59.000000	0.400000	10.493049	453.197324
59.000000	0.500000	10.493049	438.604245
59.000000	0.600000	9.984998	433.312209
59.000000	0.700000	9.984998	433.437293
59.000000	0.800000	9.984998	433.368603
59.000000	0.900000	9.984998	433.174340
59.000000	1.000000	9.984998	432.850409
59.100000	0.000000	25.606561	1467.948937
59.100000	0.100000	10.301030	632.526796
59.100000	0.200000	10.301030	543.140057
59.100000	0.300000	10.301030	503.737197
59.100000	0.400000	9.620962	481.023856
59.100000	0.500000	9.984998	476.707150
59.100000	0.600000	9.984998	476.279889
59.100000	0.700000	9.984998	475.984529
59.100000	0.800000	9.984998	475.534567
59.100000	0.900000	9.984998	474.819962
59.100000	1.000000	9.984998	473.808728
59.200000	0.000000	25.514551	1384.109461
59.200000	0.100000	9.612961	647.231777
59.200000	0.200000	9.612961	630.505083
59.200000	0.300000	9.612961	597.533715
59.200000	0.400000	9.984998	572.361515
59.200000	0.500000	9.984998	562.513859
59.200000	0.600000	9.984998	554.520103
59.200000	0.700000	9.984998	547.885792
59.200000	0.800000	9.984998	542.203255
59.200000	0.900000	9.984998	537.166818
59.200000	1.000000	9.984998	532.549503
59.300000	0.000000	10.285029	1904.486300
59.300000	0.100000	9.520952	753.621505
59.300000	0.200000	9.672967	684.528579
59.300000	0.300000	9.672967	646.773173
59.300000	0.400000	9.984998	629.211124
59.300000	0.500000	9.984998	620.730781
59.300000	0.600000	9.984998	614.099515
59.300000	0.700000	9.984998	608.409852
59.300000	0.800000	9.984998	603.178507
59.300000	0.900000	9.984998	598.127746
59.300000	1.000000	9.984998	593.086822
59.400000	0.000000	10.693069	1776.716807
59.400000	0.100000	10.601060	937.478715
59.400000	0.200000	10.593059	783.729768
59.400000	0.300000	10.593059	728.981909
59.400000	0.400000	10.585059	701.065246
59.400000	0.500000	10.585059	685.257434
59.400000	0.600000	9.984998	682.007627
59.400000	0.700000	9.984998	679.873828
59.400000	0.800000	9.984998	677.108412
59.400000	0.900000	9.984998	673.390971
59.400000	1.000000	9.984998	668.653359
59.500000	0.000000	10.977098	1724.704748
59.500000	0.100000	10.493049	1059.928146
59.500000	0.200000	10.493049	955.386776
59.500000	0.300000	10.493049	903.378720
59.500000	0.400000	10.485049	872.779978
59.500000	0.500000	10.485049	847.591384
59.500000	0.600000	10.569057	826.804526
59.500000	0.700000	9.984998	821.859582
59.500000	0.800000	9.984998	814.101946
59.500000	0.900000	9.984998	804.100606
59.500000	1.000000	9.984998	792.394793
59.600000	0.000000	9.656966	2305.574340
59.600000	0.100000	9.304930	1388.608336
59.600000	0.200000	9.992999	1278.334062
59.600000	0.300000	9.984998	1222.365073
59.600000	0.400000	9.984998	1176.788079
59.600000	0.500000	9.984998	1135.903088
59.600000	0.600000	9.984998	1098.330438
59.600000	0.700000	9.976998	1064.111191
59.600000	0.800000	9.976998	1035.339343
59.600000	0.900000	10.069007	1007.555782
59.600000	1.000000	10.069007	983.241007
59.700000	0.000000	0.068007	1650.288176
59.700000	0.100000	9.088909	1575.967269
59.700000	0.200000	9.976998	1550.707789
59.700000	0.300000	9.976998	1512.743878
59.700000	0.400000	9.976998	1468.702091
59.700000	0.500000	9.976998	1420.518530
59.700000	0.600000	9.968997	1374.135435
59.700000	0.700000	9.968997	1327.679429
59.700000	0.800000	10.053005	1287.502480
59.700000	0.900000	10.053005	1252.618894
59.700000	1.000000	10.053005	1217.240376
59.800000	0.000000	9.040904	2917.731960
59.800000	0.100000	9.968997	2288.452018
59.800000	0.200000	9.968997	2135.893139
59.800000	0.300000	9.960996	2021.623667
59.800000	0.400000	9.960996	1922.923835
59.800000	0.500000	10.053005	1836.248935
59.800000	0.600000	10.053005	1757.048140
59.800000	0.700000	10.045005	1687.156145
59.800000	0.800000	10.045005	1618.321252
59.800000	0.900000	10.045005	1551.036306
59.800000	1.000000	10.037004	1488.110824
59.900000	0.000000	0.028003	3452.743323
59.900000	0.100000	9.952995	3202.952928
59.900000	0.200000	9.944994	2998.393299
59.900000	0.300000	10.037004	2795.305023
59.900000	0.400000	10.037004	2599.394628
59.900000	0.500000	10.029003	2420.755883
59.900000	0.600000	10.029003	2261.756352
59.900000	0.700000	10.021002	2117.090321
59.900000	0.800000	10.021002	1991.227515
59.900000	0.900000	10.021002	1875.945305
59.900000	1.000000	10.021002	1770.687186
60.000000	0.000000	0.872087	5474.543006
60.000000	0.100000	9.997000	4768.665207
60.000000	0.200000	9.997000	4122.198531
60.000000	0.300000	9.997000	3605.181944
60.000000	0.400000	9.997000	3201.074874
60.000000	0.500000	9.997000	2878.367591
60.000000	0.600000	9.997000	2614.945939
60.000000	0.700000	9.997000	2395.862992
60.000000	0.800000	9.997000	2210.770365
60.000000	0.900000	9.997000	2052.298154
60.000000	1.000000	9.997000	1915.063786
60.100000	0.000000	9.932993	3760.484148
60.100000	0.100000	9.940994	3312.317340
60.100000	0.200000	9.948995	2992.122533
60.100000	0.300000	9.956996	2740.449885
60.100000	0.400000	9.956996	2535.352411
60.100000	0.500000	9.964996	2348.493606
60.100000	0.600000	9.964996	2190.838717
60.100000	0.700000	9.964996	2046.014567
60.100000	0.800000	9.964996	1913.869135
60.100000	0.900000	9.972997	1801.497721
60.100000	1.000000	9.972997	1698.626349
60.200000	0.000000	9.708971	2588.783327
60.200000	0.100000	9.924992	2100.182147
60.200000	0.200000	9.924992	1962.565474
60.200000	0.300000	9.924992	1863.404442
60.200000	0.400000	10.041004	1785.364846
60.200000	0.500000	10.041004	1719.036845
60.200000	0.600000	10.041004	1650.934363
60.200000	0.700000	10.041004	1582.131576
60.200000	0.800000	10.049005	1520.379693
60.200000	0.900000	10.049005	1460.342404
60.200000	1.000000	10.049005	1401.528333
60.300000	0.000000	11.109111	1551.783555
60.300000	0.100000	10.009001	1372.274775
60.300000	0.200000	10.017002	1382.558988
60.300000	0.300000	10.017002	1353.165729
60.300000	0.400000	10.017002	1312.848728
60.300000	0.500000	10.025003	1275.865478
60.300000	0.600000	10.025003	1238.652989
60.300000	0.700000	10.041004	1204.042607
60.300000	0.800000	10.041004	1177.932318
60.300000	0.900000	10.041004	1150.470560
60.300000	1.000000	10.041004	1122.076481
60.400000	0.000000	1.748175	2071.506733
60.400000	0.100000	9.048905	1253.496166
60.400000	0.200000	10.001000	1065.286307
60.400000	0.300000	10.009001	1000.936671
60.400000	0.400000	10.017002	967.364210
60.400000	0.500000	10.017002	948.370532
60.400000	0.600000	10.017002	932.049016
60.400000	0.700000	10.025003	916.455358
60.400000	0.800000	10.025003	904.313403
60.400000	0.900000	10.025003	890.865230
60.400000	1.000000	10.041004	880.843659
60.500000	0.000000	3.628363	1609.164990
60.500000	0.100000	8.124812	845.222788
60.500000	0.200000	10.801080	773.182541
60.500000	0.300000	10.801080	757.668212
60.500000	0.400000	10.801080	737.702615
60.500000	0.500000	10.809081	717.789280
60.500000	0.600000	10.017002	714.444074
60.500000	0.700000	10.017002	717.827185
60.500000	0.800000	10.025003	718.319558
60.500000	0.900000	10.025003	718.447418
60.500000	1.000000	10.025003	716.335657
60.600000	0.000000	0.468047	1786.058944
60.600000	0.100000	8.192819	872.101760
60.600000	0.200000	8.192819	697.556988
60.600000	0.300000	10.017002	645.919621
60.600000	0.400000	10.017002	640.149023
60.600000	0.500000	10.017002	637.781135
60.600000	0.600000	10.017002	636.058950
60.600000	0.700000	10.017002	634.082827
60.600000	0.800000	10.017002	631.529202
60.600000	0.900000	10.025003	629.105343
60.600000	1.000000	10.025003	626.544047
60.700000	0.000000	0.156016	2003.688238
60.700000	0.100000	8.352835	875.252275
60.700000	0.200000	9.192919	721.206118
60.700000	0.300000	10.017002	652.622653
60.700000	0.400000	10.017002	629.060171
60.700000	0.500000	10.017002	613.416128
60.700000	0.600000	10.017002	601.695583
60.700000	0.700000	10.017002	592.210460
60.700000	0.800000	10.017002	584.116204
60.700000	0.900000	10.017002	576.926420
60.700000	1.000000	10.017002	570.329303
60.800000	0.000000	0.988099	1737.236045
60.800000	0.100000	9.392939	812.411956
60.800000	0.200000	9.408941	649.862532
60.800000	0.300000	10.001000	581.918316
60.800000	0.400000	10.001000	558.577656
60.800000	0.500000	10.017002	542.448108
60.800000	0.600000	10.017002	533.226283
60.800000	0.700000	10.017002	526.096209
60.800000	0.800000	10.017002	520.310241
60.800000	0.900000	10.017002	515.381653
60.800000	1.000000	10.017002	510.985259
60.900000	0.000000	6.016602	1648.081608
60.900000	0.100000	19.069907	741.714080
60.900000	0.200000	10.393039	565.548664
60.900000	0.300000	10.401040	524.906617
60.900000	0.400000	10.401040	495.309233
60.900000	0.500000	10.401040	473.071541
60.900000	0.600000	10.401040	456.138516
60.900000	0.700000	10.401040	442.863244
60.900000	0.800000	10.017002	442.744902
60.900000	0.900000	10.017002	446.554212
60.900000	1.000000	10.017002	448.925392
61.000000	0.000000	3.876388	1265.513985
61.000000	0.100000	9.392939	703.223310
61.000000	0.200000	9.368937	574.248217
61.000000	0.300000	9.712971	504.688040
61.000000	0.400000	9.672967	468.082695
61.000000	0.500000	9.868987	443.773861
61.000000	0.600000	9.868987	430.713323
61.000000	0.700000	10.017002	423.154021
61.000000	0.800000	10.017002	422.573787
61.000000	0.900000	10.017002	422.568000
61.000000	1.000000	10.017002	422.653311
61.100000	0.000000	25.402540	1288.393708
61.100000	0.100000	5.008501	643.828293
61.100000	0.200000	5.008501	491.256484
61.100000	0.300000	9.360936	453.925829
61.100000	0.400000	9.672967	437.183496
61.100000	0.500000	9.672967	430.444191
61.100000	0.600000	10.017002	422.896335
61.100000	0.700000	10.017002	422.293384
61.100000	0.800000	10.017002	420.700027
61.100000	0.900000	10.017002	418.547777
61.100000	1.000000	10.017002	416.100453
61.200000	0.000000	54.341434	1368.867664
61.200000	0.100000	9.656966	729.126755
61.200000	0.200000	9.656966	624.461782
61.200000	0.300000	9.656966	557.218702
61.200000	0.400000	9.656966	508.923565
61.200000	0.500000	10.017002	479.632974
61.200000	0.600000	10.017002	459.737724
61.200000	0.700000	10.017002	444.197940
61.200000	0.800000	10.017002	431.863562
61.200000	0.900000	10.017002	421.905452
61.200000	1.000000	10.017002	413.721121
61.300000	0.000000	25.810581	1205.645053
61.300000	0.100000	38.767877	571.677702
61.300000	0.200000	10.209021	475.843115
61.300000	0.300000	9.976998	438.127450
61.300000	0.400000	10.001000	424.184068
61.300000	0.500000	10.001000	414.033254
61.300000	0.600000	10.001000	405.240206
61.300000	0.700000	10.001000	397.615424
61.300000	0.800000	10.001000	390.928874
61.300000	0.900000	10.001000	385.000007
61.300000	1.000000	10.001000	379.690979
61.400000	0.000000	49.680968	1456.525507
61.400000	0.100000	17.585759	754.576747
61.400000	0.200000	17.553755	567.803414
61.400000	0.300000	17.553755	457.651487
61.400000	0.400000	17.553755	386.032218
61.400000	0.500000	17.553755	335.779984
61.400000	0.600000	10.001000	327.021108
61.400000	0.700000	10.001000	329.870417
61.400000	0.800000	10.001000	332.079920
61.400000	0.900000	10.001000	333.657264
61.400000	1.000000	10.001000	334.657502
61.500000	0.000000	0.488049	1804.905508
61.500000	0.100000	21.530153	590.876506
61.500000	0.200000	15.801580	472.660446
61.500000	0.300000	15.801580	400.321628
61.500000	0.400000	15.801580	341.429003
61.500000	0.500000	10.401040	324.704222
61.500000	0.600000	10.409041	315.132763
61.500000	0.700000	10.409041	307.856348
61.500000	0.800000	10.001000	302.674613
61.500000	0.900000	10.001000	306.765999
61.500000	1.000000	10.001000	309.983196
61.600000	0.000000	46.816682	1797.233481
61.600000	0.100000	56.093609	681.035903
61.600000	0.200000	56.101610	468.132784
61.600000	0.300000	10.401040	389.281350
61.600000	0.400000	10.401040	356.552425
61.600000	0.500000	10.401040	335.582338
61.600000	0.600000	10.401040	320.885152
61.600000	0.700000	9.836984	311.212918
61.600000	0.800000	10.001000	312.539752
61.600000	0.900000	10.001000	314.228894
61.600000	1.000000	10.001000	315.182136
61.700000	0.000000	59.937994	1460.639026
61.700000	0.100000	51.193119	467.355446
61.700000	0.200000	9.740974	433.745126
61.700000	0.300000	9.740974	417.221566
61.700000	0.400000	9.740974	397.797294
61.700000	0.500000	9.740974	378.689081
61.700000	0.600000	10.001000	363.929705
61.700000	0.700000	10.001000	355.805943
61.700000	0.800000	10.001000	348.889055
61.700000	0.900000	10.001000	342.938613
61.700000	1.000000	10.001000	337.751370
61.800000	0.000000	23.774377	1557.969281
61.800000	0.100000	9.944994	579.525358
61.800000	0.200000	9.660966	480.400727
61.800000	0.300000	9.944994	433.021099
61.800000	0.400000	9.944994	405.648139
61.800000	0.500000	9.944994	387.084147
61.800000	0.600000	9.992999	374.570480
61.800000	0.700000	9.992999	364.663350
61.800000	0.800000	9.992999	356.255708
61.800000	0.900000	9.992999	348.889326
61.800000	1.000000	10.001000	342.467476
61.900000	0.000000	9.564956	1827.363095
61.900000	0.100000	26.390639	622.375668
61.900000	0.200000	9.944994	437.240050
61.900000	0.300000	9.944994	397.852804
61.900000	0.400000	9.944994	380.475988
61.900000	0.500000	9.944994	369.730740
61.900000	0.600000	9.944994	361.245850
61.900000	0.700000	9.944994	353.642629
61.900000	0.800000	9.944994	346.469082
61.900000	0.900000	9.944994	339.579756
61.900000	1.000000	9.944994	332.932643
62.000000	0.000000	6.300630	1429.943785
62.000000	0.100000	40.832083	587.520181
62.000000	0.200000	40.832083	422.593944
62.000000	0.300000	9.944994	393.185759
62.000000	0.400000	9.944994	378.751998
62.000000	0.500000	9.944994	366.960814
62.000000	0.600000	9.944994	356.778340
62.000000	0.700000	9.944994	347.756743
62.000000	0.800000	9.944994	339.636458
62.000000	0.900000	9.944994	332.236387
62.000000	1.000000	9.944994	325.418212
62.100000	0.000000	28.058806	2152.577516
62.100000	0.100000	35.167517	766.182693
62.100000	0.200000	35.175518	541.129346
62.100000	0.300000	35.175518	432.102409
62.100000	0.400000	35.731573	363.008498
62.100000	0.500000	9.920992	333.203319
62.100000	0.600000	9.944994	326.851878
62.100000	0.700000	9.944994	321.455507
62.100000	0.800000	9.944994	316.479957
62.100000	0.900000	9.944994	311.740148
62.100000	1.000000	9.944994	307.151815
62.200000	0.000000	27.582758	1723.972704
62.200000	0.100000	29.334933	670.788793
62.200000	0.200000	29.094909	462.812889
62.200000	0.300000	29.582958	368.835720
62.200000	0.400000	35.991599	332.369477
62.200000	0.500000	35.991599	311.934014
62.200000	0.600000	9.944994	298.935438
62.200000	0.700000	9.944994	297.153777
62.200000	0.800000	9.944994	295.196358
62.200000	0.900000	9.944994	292.854107
62.200000	1.000000	9.944994	290.126660
62.300000	0.000000	34.659466	1511.093968
62.300000	0.100000	43.548355	573.943800
62.300000	0.200000	43.548355	452.880029
62.300000	0.300000	43.548355	386.760803
62.300000	0.400000	36.007601	352.204019
62.300000	0.500000	36.007601	329.730861
62.300000	0.600000	9.944994	317.717529
62.300000	0.700000	9.944994	308.365463
62.300000	0.800000	9.944994	300.103897
62.300000	0.900000	9.944994	292.814660
62.300000	1.000000	9.944994	286.342642
62.400000	0.000000	39.063906	1413.531907
62.400000	0.100000	10.085009	572.132526
62.400000	0.200000	10.085009	462.533335
62.400000	0.300000	10.093009	406.051755
62.400000	0.400000	10.093009	370.656328
62.400000	0.500000	10.117012	346.189563
62.400000	0.600000	10.117012	328.627770
62.400000	0.700000	10.117012	315.293603
62.400000	0.800000	10.117012	304.849571
62.400000	0.900000	10.117012	296.431744
62.400000	1.000000	10.117012	289.465485
62.500000	0.000000	52.385239	1483.056663
62.500000	0.100000	57.193719	662.706855
62.500000	0.200000	57.345735	474.100948
62.500000	0.300000	57.345735	381.147007
62.500000	0.400000	57.345735	322.316647
62.500000	0.500000	10.093009	304.988106
62.500000	0.600000	10.117012	300.733633
62.500000	0.700000	10.117012	296.149687
62.500000	0.800000	10.117012	291.481136
62.500000	0.900000	10.117012	286.873740
62.500000	1.000000	10.117012	282.397809
62.600000	0.000000	0.672067	1530.388948
62.600000	0.100000	0.856086	626.656505
62.600000	0.200000	51.025103	410.490816
62.600000	0.300000	7.116712	343.814421
62.600000	0.400000	7.116712	307.069782
62.600000	0.500000	7.116712	279.766081
62.600000	0.600000	10.085009	278.099197
62.600000	0.700000	10.085009	275.684573
62.600000	0.800000	10.117012	272.940292
62.600000	0.900000	10.117012	270.529526
62.600000	1.000000	10.117012	267.791474
62.700000	0.000000	29.406941	1578.018590
62.700000	0.100000	42.460246	670.479217
62.700000	0.200000	42.460246	456.946650
62.700000	0.300000	44.080408	371.701143
62.700000	0.400000	44.080408	323.353750
62.700000	0.500000	10.117012	295.359589
62.700000	0.600000	10.117012	284.462174
62.700000	0.700000	10.117012	275.684012
62.700000	0.800000	10.117012	268.509699
62.700000	0.900000	10.117012	262.545896
62.700000	1.000000	10.117012	257.489549
62.800000	0.000000	59.353935	1405.423232
62.800000	0.100000	48.784878	622.005988
62.800000	0.200000	48.784878	477.396634
62.800000	0.300000	48.784878	399.148813
62.800000	0.400000	48.784878	349.873514
62.800000	0.500000	48.784878	314.521488
62.800000	0.600000	48.784878	287.063162
62.800000	0.700000	48.784878	264.762050
62.800000	0.800000	48.784878	246.162124
62.800000	0.900000	10.209021	235.920574
62.800000	1.000000	10.117012	230.210293
62.900000	0.000000	18.117812	1785.501829
62.900000	0.100000	36.935694	549.178421
62.900000	0.200000	2.520252	425.032908
62.900000	0.300000	2.520252	372.593545
62.900000	0.400000	2.520252	331.019445
62.900000	0.500000	2.520252	298.741665
62.900000	0.600000	2.520252	273.025310
62.900000	0.700000	2.520252	251.961789
62.900000	0.800000	10.209021	239.968940
62.900000	0.900000	10.209021	235.192142
62.900000	1.000000	10.209021	231.110635
63.000000	0.000000	56.909691	1232.069984
63.000000	0.100000	9.960996	545.636076
63.000000	0.200000	2.736274	396.903811
63.000000	0.300000	2.736274	348.765403
63.000000	0.400000	2.784278	314.406269
63.000000	0.500000	2.784278	287.132943
63.000000	0.600000	2.784278	264.431350
63.000000	0.700000	2.784278	245.249986
63.000000	0.800000	50.433043	231.420497
63.000000	0.900000	10.209021	229.437096
63.000000	1.000000	10.209021	228.734925
63.100000	0.000000	33.499350	1617.759718
63.100000	0.100000	33.507351	587.355865
63.100000	0.200000	10.177018	437.856981
63.100000	0.300000	10.177018	392.071462
63.100000	0.400000	10.177018	356.588514
63.100000	0.500000	10.177018	328.644195
63.100000	0.600000	10.177018	306.248382
63.100000	0.700000	10.193019	288.704481
63.100000	0.800000	10.193019	274.768227
63.100000	0.900000	10.209021	263.617489
63.100000	1.000000	10.209021	254.729240
63.200000	0.000000	31.623162	1588.319338
63.200000	0.100000	24.414441	604.781136
63.200000	0.200000	27.278728	446.201858
63.200000	0.300000	10.249025	369.395751
63.200000	0.400000	13.409341	339.844202
63.200000	0.500000	13.409341	317.473621
63.200000	0.600000	13.409341	298.620938
63.200000	0.700000	13.409341	282.277337
63.200000	0.800000	10.209021	267.941354
63.200000	0.900000	10.209021	259.319062
63.200000	1.000000	10.209021	251.867990
63.300000	0.000000	2.612261	1330.538781
63.300000	0.100000	2.652265	638.798428
63.300000	0.200000	2.652265	445.024704
63.300000	0.300000	13.125313	370.977092
63.300000	0.400000	13.125313	344.330955
63.300000	0.500000	13.125313	320.421042
63.300000	0.600000	13.125313	298.704547
63.300000	0.700000	13.125313	279.160191
63.300000	0.800000	13.125313	261.726437
63.300000	0.900000	13.125313	246.255760
63.300000	1.000000	10.209021	238.400067
63.400000	0.000000	51.377138	1403.934195
63.400000	0.100000	7.120712	638.234746
63.400000	0.200000	7.120712	485.670858
63.400000	0.300000	10.209021	396.652106
63.400000	0.400000	10.209021	348.323396
63.400000	0.500000	10.209021	314.617729
63.400000	0.600000	10.209021	290.084302
63.400000	0.700000	10.209021	271.626960
63.400000	0.800000	10.209021	257.356015
63.400000	0.900000	10.209021	246.047320
63.400000	1.000000	10.209021	236.877757
63.500000	0.000000	27.854785	1679.534629
63.500000	0.100000	6.076608	689.654783
63.500000	0.200000	6.076608	487.212865
63.500000	0.300000	7.856786	395.423164
63.500000	0.400000	7.848785	341.302516
63.500000	0.500000	7.848785	301.890845
63.500000	0.600000	7.848785	271.301093
63.500000	0.700000	14.053405	249.289071
63.500000	0.800000	9.920992	235.516225
63.500000	0.900000	9.920992	228.858197
63.500000	1.000000	9.944994	222.672354
63.600000	0.000000	42.716272	1615.627892
63.600000	0.100000	55.765577	576.781815
63.600000	0.200000	55.929593	390.832386
63.600000	0.300000	9.488949	355.169576
63.600000	0.400000	9.488949	323.188577
63.600000	0.500000	9.944994	302.874118
63.600000	0.600000	9.944994	286.508150
63.600000	0.700000	9.944994	272.583128
63.600000	0.800000	9.944994	260.588680
63.600000	0.900000	9.944994	250.129019
63.600000	1.000000	9.944994	240.913440
63.700000	0.000000	36.187619	1563.180288
63.700000	0.100000	6.956696	590.333833
63.700000	0.200000	7.104710	457.587649
63.700000	0.300000	9.828983	413.021819
63.700000	0.400000	9.828983	378.961342
63.700000	0.500000	9.828983	350.369128
63.700000	0.600000	9.828983	326.575157
63.700000	0.700000	9.828983	306.646679
63.700000	0.800000	9.828983	289.742760
63.700000	0.900000	9.828983	275.203059
63.700000	1.000000	9.828983	262.531002
63.800000	0.000000	4.548455	1527.421583
63.800000	0.100000	16.649665	603.729603
63.800000	0.200000	16.649665	449.286081
63.800000	0.300000	16.649665	366.874479
63.800000	0.400000	9.884988	329.819353
63.800000	0.500000	9.884988	315.133859
63.800000	0.600000	9.868987	301.571509
63.800000	0.700000	9.868987	288.891203
63.800000	0.800000	9.868987	276.857591
63.800000	0.900000	9.828983	266.207769
63.800000	1.000000	9.828983	256.571146
63.900000	0.000000	5.192519	1515.407020
63.900000	0.100000	49.292929	623.727262
63.900000	0.200000	49.300930	497.851313
63.900000	0.300000	49.300930	417.150392
63.900000	0.400000	49.300930	361.821383
63.900000	0.500000	49.300930	320.871840
63.900000	0.600000	9.884988	297.390719
63.900000	0.700000	9.884988	283.506634
63.900000	0.800000	9.884988	271.539713
63.900000	0.900000	9.884988	260.978121
63.900000	1.000000	9.884988	251.502800
64.000000	0.000000	55.685569	1718.886530
64.000000	0.100000	55.709571	629.951772
64.000000	0.200000	36.231623	435.423234
64.000000	0.300000	42.032203	382.325240
64.000000	0.400000	42.032203	340.492352
64.000000	0.500000	42.080208	304.985262
64.000000	0.600000	42.080208	277.451555
64.000000	0.700000	9.884988	263.926333
64.000000	0.800000	9.884988	253.457690
64.000000	0.900000	9.884988	244.297588
64.000000	1.000000	9.884988	236.241469
64.100000	0.000000	14.309431	1485.896264
64.100000	0.100000	35.663566	684.443940
64.100000	0.200000	35.663566	478.217744
64.100000	0.300000	35.663566	384.798891
64.100000	0.400000	35.663566	331.441159
64.100000	0.500000	37.359736	297.333784
64.100000	0.600000	37.359736	274.080866
64.100000	0.700000	37.359736	255.852545
64.100000	0.800000	37.359736	241.369821
64.100000	0.900000	37.359736	229.674462
64.100000	1.000000	37.359736	220.051919
64.200000	0.000000	27.666767	1586.880493
64.200000	0.100000	28.398840	658.387180
64.200000	0.200000	11.069107	473.443728
64.200000	0.300000	11.817182	381.986281
64.200000	0.400000	11.817182	326.518233
64.200000	0.500000	11.817182	287.937285
64.200000	0.600000	31.499150	261.428868
64.200000	0.700000	31.499150	242.477050
64.200000	0.800000	49.456946	228.735444
64.200000	0.900000	49.456946	219.249366
64.200000	1.000000	49.456946	210.804983
64.300000	0.000000	55.513551	1248.323347
64.300000	0.100000	34.375438	582.264501
64.300000	0.200000	34.375438	443.449487
64.300000	0.300000	34.375438	364.813937
64.300000	0.400000	34.383438	314.331021
64.300000	0.500000	49.480948	280.065865
64.300000	0.600000	49.480948	264.009917
64.300000	0.700000	49.480948	250.325850
64.300000	0.800000	49.480948	238.333304
64.300000	0.900000	49.480948	227.641850
64.300000	1.000000	49.480948	218.010275
64.400000	0.000000	59.441944	1867.224222
64.400000	0.100000	9.520952	612.920752
64.400000	0.200000	9.520952	466.281856
64.400000	0.300000	9.892989	388.505717
64.400000	0.400000	9.884988	341.802243
64.400000	0.500000	9.884988	308.833818
64.400000	0.600000	9.884988	284.044486
64.400000	0.700000	9.884988	264.602126
64.400000	0.800000	9.884988	248.903639
64.400000	0.900000	9.884988	235.964906
64.400000	1.000000	9.884988	225.134108
64.500000	0.000000	1.308131	1447.348572
64.500000	0.100000	8.384838	555.319716
64.500000	0.200000	31.859186	412.753715
64.500000	0.300000	31.859186	345.678118
64.500000	0.400000	37.439744	318.286837
64.500000	0.500000	37.439744	296.083033
64.500000	0.600000	37.439744	277.023098
64.500000	0.700000	37.439744	260.711778
64.500000	0.800000	37.439744	246.715553
64.500000	0.900000	37.439744	234.627851
64.500000	1.000000	37.439744	224.101369
64.600000	0.000000	29.038904	1519.436270
64.600000	0.100000	5.408541	590.857494
64.600000	0.200000	12.165217	428.754814
64.600000	0.300000	12.157216	362.274066
64.600000	0.400000	12.157216	318.167524
64.600000	0.500000	12.157216	286.112527
64.600000	0.600000	12.157216	261.465647
64.600000	0.700000	37.439744	244.345953
64.600000	0.800000	37.439744	232.897012
64.600000	0.900000	37.439744	222.907141
64.600000	1.000000	37.439744	214.044890
64.700000	0.000000	15.041504	1239.545791
64.700000	0.100000	4.284428	588.751240
64.700000	0.200000	4.284428	413.207360
64.700000	0.300000	4.284428	318.329822
64.700000	0.400000	12.089209	281.223013
64.700000	0.500000	12.089209	261.189281
64.700000	0.600000	12.081208	245.510199
64.700000	0.700000	12.081208	232.504605
64.700000	0.800000	12.081208	221.353504
64.700000	0.900000	12.081208	211.554679
64.700000	1.000000	12.081208	202.787821
64.800000	0.000000	51.181118	1563.049532
64.800000	0.100000	0.772077	568.323319
64.800000	0.200000	0.772077	417.305592
64.800000	0.300000	36.787679	338.908894
64.800000	0.400000	36.787679	298.056240
64.800000	0.500000	36.787679	268.446880
64.800000	0.600000	36.787679	246.066788
64.800000	0.700000	36.787679	228.502736
64.800000	0.800000	36.787679	214.260425
64.800000	0.900000	12.089209	203.939244
64.800000	1.000000	12.089209	197.430330
64.900000	0.000000	18.361836	1430.356169
64.900000	0.100000	19.085909	550.742460
64.900000	0.200000	20.518052	382.284569
64.900000	0.300000	12.021202	328.180476
64.900000	0.400000	27.422742	305.930235
64.900000	0.500000	27.422742	285.228058
64.900000	0.600000	27.422742	266.014003
64.900000	0.700000	27.422742	248.688980
64.900000	0.800000	27.422742	233.327279
64.900000	0.900000	27.422742	219.815298
64.900000	1.000000	27.422742	207.958904
65.000000	0.000000	12.133213	1625.346162
65.000000	0.100000	11.869187	573.861067
65.000000	0.200000	23.074307	430.665385
65.000000	0.300000	23.082308	375.673932
65.000000	0.400000	23.082308	332.524306
65.000000	0.500000	23.082308	298.290057
65.000000	0.600000	23.082308	270.784928
65.000000	0.700000	23.082308	248.301872
65.000000	0.800000	23.082308	229.609482
65.000000	0.900000	27.454745	215.536140
65.000000	1.000000	27.454745	205.522355
65.100000	0.000000	58.693869	1273.815275
65.100000	0.100000	43.544354	504.153194
65.100000	0.200000	22.354235	408.418005
65.100000	0.300000	22.354235	350.893167
65.100000	0.400000	22.354235	308.801391
65.100000	0.500000	23.098310	284.033838
65.100000	0.600000	23.098310	264.313623
65.100000	0.700000	23.098310	247.166435
65.100000	0.800000	23.098310	232.099970
65.100000	0.900000	23.098310	218.802562
65.100000	1.000000	24.342434	207.469651
65.200000	0.000000	58.265827	1506.992481
65.200000	0.100000	17.501750	572.474739
65.200000	0.200000	17.525753	423.875385
65.200000	0.300000	22.578258	343.261493
65.200000	0.400000	23.822382	305.654982
65.200000	0.500000	23.822382	281.011863
65.200000	0.600000	24.374437	262.897435
65.200000	0.700000	24.374437	249.030444
65.200000	0.800000	24.374437	237.149178
65.200000	0.900000	24.374437	226.852899
65.200000	1.000000	24.374437	217.827341
65.300000	0.000000	19.665967	1665.917175
65.300000	0.100000	30.355036	601.062299
65.300000	0.200000	39.627963	468.828606
65.300000	0.300000	39.627963	386.549652
65.300000	0.400000	39.627963	330.516605
65.300000	0.500000	39.627963	290.614790
65.300000	0.600000	3.576358	265.214908
65.300000	0.700000	3.576358	245.329310
65.300000	0.800000	23.946395	229.088484
65.300000	0.900000	23.946395	216.252163
65.300000	1.000000	23.946395	204.766887
65.400000	0.000000	44.096410	1765.385232
65.400000	0.100000	58.493849	655.364390
65.400000	0.200000	16.857686	433.808308
65.400000	0.300000	16.857686	362.991636
65.400000	0.400000	16.957696	315.417948
65.400000	0.500000	30.235024	286.804080
65.400000	0.600000	30.235024	267.665811
65.400000	0.700000	30.327033	250.738143
65.400000	0.800000	30.327033	236.864154
65.400000	0.900000	30.327033	224.667076
65.400000	1.000000	30.327033	213.866850
65.500000	0.000000	14.981498	2045.986978
65.500000	0.100000	15.661566	667.907253
65.500000	0.200000	35.859586	467.181341
65.500000	0.300000	35.859586	374.144939
65.500000	0.400000	29.670967	334.257427
65.500000	0.500000	29.914991	310.055254
65.500000	0.600000	29.914991	288.012211
65.500000	0.700000	29.914991	267.501752
65.500000	0.800000	29.914991	248.910379
65.500000	0.900000	30.259026	235.737438
65.500000	1.000000	30.275028	224.530159
65.600000	0.000000	4.376438	1417.891466
65.600000	0.100000	23.926393	610.697603
65.600000	0.200000	29.710971	480.291892
65.600000	0.300000	29.710971	407.328204
65.600000	0.400000	30.283028	357.141617
65.600000	0.500000	30.283028	325.377731
65.600000	0.600000	30.283028	301.210354
65.600000	0.700000	30.283028	281.955234
65.600000	0.800000	30.283028	265.956513
65.600000	0.900000	30.291029	252.311894
65.600000	1.000000	30.291029	240.636948
65.700000	0.000000	3.848385	1367.652851
65.700000	0.100000	58.709871	536.213965
65.700000	0.200000	35.559556	448.842769
65.700000	0.300000	35.559556	377.280268
65.700000	0.400000	58.717872	324.292735
65.700000	0.500000	30.291029	299.147626
65.700000	0.600000	30.291029	286.602071
65.700000	0.700000	30.291029	274.421851
65.700000	0.800000	30.291029	262.881556
65.700000	0.900000	30.291029	252.081411
65.700000	1.000000	30.291029	242.027679
65.800000	0.000000	1.064106	1539.790195
65.800000	0.100000	4.232423	561.200595
65.800000	0.200000	4.232423	406.533025
65.800000	0.300000	6.292629	368.305053
65.800000	0.400000	6.292629	342.095157
65.800000	0.500000	6.292629	315.346311
65.800000	0.600000	6.292629	290.423540
65.800000	0.700000	6.308631	268.594160
65.800000	0.800000	6.308631	249.804988
65.800000	0.900000	6.308631	233.259783
65.800000	1.000000	30.307031	223.716331
65.900000	0.000000	54.565457	1342.847672
65.900000	0.100000	26.734673	621.655260
65.900000	0.200000	26.810681	504.796763
65.900000	0.300000	26.810681	432.383205
65.900000	0.400000	6.264626	379.461660
65.900000	0.500000	6.264626	345.809756
65.900000	0.600000	6.264626	316.482824
65.900000	0.700000	6.264626	290.979979
65.900000	0.800000	6.264626	268.807965
65.900000	0.900000	6.264626	249.495938
65.900000	1.000000	6.272627	232.945204
66.000000	0.000000	12.489249	1733.223619
66.000000	0.100000	25.806581	744.910966
66.000000	0.200000	25.806581	524.588927
66.000000	0.300000	26.646665	422.797621
66.000000	0.400000	27.222722	361.999463
66.000000	0.500000	27.222722	320.232235
66.000000	0.600000	6.280628	291.810483
66.000000	0.700000	6.280628	271.505400
66.000000	0.800000	6.280628	253.732755
66.000000	0.900000	6.280628	238.114049
66.000000	1.000000	27.790779	225.501175
66.100000	0.000000	25.082508	1966.668396
66.100000	0.100000	20.982098	701.921678
66.100000	0.200000	20.974097	513.196549
66.100000	0.300000	21.034103	420.036256
66.100000	0.400000	21.034103	362.363427
66.100000	0.500000	21.034103	319.208910
66.100000	0.600000	22.094209	291.555415
66.100000	0.700000	22.094209	271.174125
66.100000	0.800000	30.651065	255.065477
66.100000	0.900000	30.651065	246.353462
66.100000	1.000000	30.651065	237.986958
66.200000	0.000000	8.136814	1870.443109
66.200000	0.100000	19.813981	723.310742
66.200000	0.200000	30.659066	532.579537
66.200000	0.300000	30.659066	445.425032
66.200000	0.400000	30.659066	388.342473
66.200000	0.500000	30.659066	348.792709
66.200000	0.600000	30.659066	319.953672
66.200000	0.700000	30.659066	297.917608
66.200000	0.800000	30.659066	280.355874
66.200000	0.900000	30.659066	265.843139
66.200000	1.000000	30.659066	253.485069
66.300000	0.000000	9.032903	1537.325159
66.300000	0.100000	28.730873	556.925501
66.300000	0.200000	28.790879	417.830437
66.300000	0.300000	44.916492	343.877642
66.300000	0.400000	45.520552	323.000377
66.300000	0.500000	45.520552	306.737492
66.300000	0.600000	45.520552	292.148320
66.300000	0.700000	45.520552	278.849906
66.300000	0.800000	45.520552	266.586525
66.300000	0.900000	45.520552	255.202499
66.300000	1.000000	45.520552	244.599337
66.400000	0.000000	10.345035	1467.841361
66.400000	0.100000	11.685169	675.422056
66.400000	0.200000	15.669567	522.063291
66.400000	0.300000	15.669567	440.468414
66.400000	0.400000	45.528553	395.256015
66.400000	0.500000	45.528553	361.871024
66.400000	0.600000	45.528553	333.807095
66.400000	0.700000	45.596560	310.661378
66.400000	0.800000	45.596560	291.982326
66.400000	0.900000	45.596560	275.942519
66.400000	1.000000	45.596560	262.031676
66.500000	0.000000	51.305131	1927.419383
66.500000	0.100000	50.869087	535.836541
66.500000	0.200000	45.560556	454.048253
66.500000	0.300000	45.552555	399.732535
66.500000	0.400000	45.552555	359.879475
66.500000	0.500000	15.633563	335.700420
66.500000	0.600000	15.633563	316.806043
66.500000	0.700000	15.633563	299.237630
66.500000	0.800000	15.633563	283.074630
66.500000	0.900000	15.633563	268.313860
66.500000	1.000000	15.625563	254.959461
66.600000	0.000000	26.090609	1809.667858
66.600000	0.100000	30.767077	623.508907
66.600000	0.200000	30.639064	451.315920
66.600000	0.300000	30.639064	373.082453
66.600000	0.400000	15.589559	340.072915
66.600000	0.500000	15.589559	319.977349
66.600000	0.600000	15.589559	301.777628
66.600000	0.700000	15.589559	285.300502
66.600000	0.800000	15.589559	270.308110
66.600000	0.900000	15.589559	256.608915
66.600000	1.000000	15.589559	244.057021
66.700000	0.000000	53.525353	1503.640783
66.700000	0.100000	35.495550	613.984604
66.700000	0.200000	35.735574	473.221402
66.700000	0.300000	35.735574	401.403539
66.700000	0.400000	35.735574	354.361845
66.700000	0.500000	35.735574	320.545231
66.700000	0.600000	35.735574	294.524619
66.700000	0.700000	35.735574	273.530183
66.700000	0.800000	35.735574	256.048775
66.700000	0.900000	35.735574	241.183131
66.700000	1.000000	35.735574	228.354019
66.800000	0.000000	2.216222	1299.132241
66.800000	0.100000	26.198620	577.211084
66.800000	0.200000	26.198620	461.806616
66.800000	0.300000	26.258626	386.654197
66.800000	0.400000	26.258626	336.402081
66.800000	0.500000	26.258626	300.099229
66.800000	0.600000	26.258626	272.502044
66.800000	0.700000	35.743574	253.998507
66.800000	0.800000	35.743574	240.447882
66.800000	0.900000	35.743574	228.533098
66.800000	1.000000	35.743574	217.987769
66.900000	0.000000	55.665567	1483.296331
66.900000	0.100000	14.345435	559.160532
66.900000	0.200000	14.345435	467.752927
66.900000	0.300000	14.345435	397.595862
66.900000	0.400000	14.345435	348.795988
66.900000	0.500000	14.509451	314.086278
66.900000	0.600000	14.509451	291.538362
66.900000	0.700000	14.517452	272.881871
66.900000	0.800000	14.517452	257.359751
66.900000	0.900000	14.517452	243.761553
66.900000	1.000000	14.517452	231.642930
67.000000	0.000000	23.802380	1471.081730
67.000000	0.100000	57.633763	545.640519
67.000000	0.200000	35.235524	394.963039
67.000000	0.300000	14.517452	350.826295
67.000000	0.400000	14.525453	324.977391
67.000000	0.500000	14.525453	305.422073
67.000000	0.600000	14.525453	288.416091
67.000000	0.700000	14.525453	273.269076
67.000000	0.800000	14.525453	259.543019
67.000000	0.900000	14.525453	246.967681
67.000000	1.000000	14.533453	235.652452
67.100000	0.000000	58.153815	1535.930708
67.100000	0.100000	34.931493	529.753992
67.100000	0.200000	30.291029	399.953557
67.100000	0.300000	30.291029	368.886867
67.100000	0.400000	30.291029	339.965531
67.100000	0.500000	30.291029	314.080147
67.100000	0.600000	30.291029	291.553718
67.100000	0.700000	14.541454	273.005445
67.100000	0.800000	14.541454	261.615314
67.100000	0.900000	14.541454	250.500451
67.100000	1.000000	14.541454	239.864506
67.200000	0.000000	47.752775	1606.313443
67.200000	0.100000	48.540854	679.738991
67.200000	0.200000	14.445445	452.646663
67.200000	0.300000	14.549455	384.892046
67.200000	0.400000	14.549455	342.512916
67.200000	0.500000	14.549455	311.758108
67.200000	0.600000	14.541454	287.911992
67.200000	0.700000	14.541454	269.094889
67.200000	0.800000	14.541454	253.421122
67.200000	0.900000	14.541454	240.024355
67.200000	1.000000	14.541454	228.336913
67.300000	0.000000	14.437444	1449.497101
67.300000	0.100000	6.308631	577.931225
67.300000	0.200000	7.340734	427.882291
67.300000	0.300000	0.072007	362.813479
67.300000	0.400000	22.382238	326.083478
67.300000	0.500000	22.382238	305.365621
67.300000	0.600000	22.382238	288.279781
67.300000	0.700000	22.382238	273.323062
67.300000	0.800000	22.382238	259.861158
67.300000	0.900000	22.382238	247.583403
67.300000	1.000000	22.382238	236.311257
67.400000	0.000000	36.203620	1842.667467
67.400000	0.100000	36.195620	684.946041
67.400000	0.200000	36.195620	473.224708
67.400000	0.300000	22.494249	381.594968
67.400000	0.400000	22.494249	356.557313
67.400000	0.500000	22.494249	333.057210
67.400000	0.600000	22.494249	311.847170
67.400000	0.700000	22.494249	292.958792
67.400000	0.800000	22.494249	276.201224
67.400000	0.900000	22.494249	261.326143
67.400000	1.000000	22.494249	248.086399
67.500000	0.000000	49.304930	1397.488853
67.500000	0.100000	20.674067	594.207530
67.500000	0.200000	22.362236	469.542761
67.500000	0.300000	22.362236	409.964370
67.500000	0.400000	22.362236	365.439964
67.500000	0.500000	22.362236	330.770942
67.500000	0.600000	22.362236	302.849446
67.500000	0.700000	22.354235	280.698593
67.500000	0.800000	22.354235	262.612203
67.500000	0.900000	22.354235	246.884310
67.500000	1.000000	22.354235	233.037501
67.600000	0.000000	50.413041	1432.507897
67.600000	0.100000	29.930993	575.628112
67.600000	0.200000	29.922992	447.419214
67.600000	0.300000	29.922992	367.012936
67.600000	0.400000	29.930993	315.592844
67.600000	0.500000	29.930993	280.909435
67.600000	0.600000	22.682268	259.108967
67.600000	0.700000	22.682268	246.179025
67.600000	0.800000	22.682268	233.781723
67.600000	0.900000	22.682268	222.094989
67.600000	1.000000	22.682268	211.215211
67.700000	0.000000	13.229323	1763.360622
67.700000	0.100000	14.913491	663.863065
67.700000	0.200000	33.947395	462.774942
67.700000	0.300000	33.947395	383.149629
67.700000	0.400000	33.955396	336.119804
67.700000	0.500000	33.955396	301.516664
67.700000	0.600000	33.955396	274.193868
67.700000	0.700000	33.955396	251.908163
67.700000	0.800000	33.955396	233.335286
67.700000	0.900000	33.955396	217.613867
67.700000	1.000000	33.955396	204.141653
67.800000	0.000000	0.084008	1399.964076
67.800000	0.100000	17.501750	550.612185
67.800000	0.200000	17.501750	438.737479
67.800000	0.300000	17.501750	361.461586
67.800000	0.400000	17.501750	306.576213
67.800000	0.500000	17.501750	266.127258
67.800000	0.600000	33.971397	248.474053
67.800000	0.700000	33.971397	232.903215
67.800000	0.800000	33.971397	218.875822
67.800000	0.900000	33.971397	206.295379
67.800000	1.000000	33.971397	195.027894
67.900000	0.000000	10.397040	1126.147319
67.900000	0.100000	11.841184	504.974247
67.900000	0.200000	23.934393	389.587880
67.900000	0.300000	23.934393	335.694102
67.900000	0.400000	23.934393	295.206123
67.900000	0.500000	23.934393	264.339764
67.900000	0.600000	7.932793	242.361178
67.900000	0.700000	7.932793	225.153909
67.900000	0.800000	7.932793	210.221656
67.900000	0.900000	7.932793	197.145107
67.900000	1.000000	7.940794	185.760824
68.000000	0.000000	2.192219	1597.786622
68.000000	0.100000	3.060306	573.298303
68.000000	0.200000	23.334333	430.340799
68.000000	0.300000	24.378438	367.076771
68.000000	0.400000	24.378438	320.860447
68.000000	0.500000	24.378438	284.123288
68.000000	0.600000	24.378438	255.047282
68.000000	0.700000	25.710571	235.685500
68.000000	0.800000	25.710571	220.312998
68.000000	0.900000	26.018602	207.603504
68.000000	1.000000	26.018602	197.085589
68.100000	0.000000	58.729873	1382.542823
68.100000	0.100000	47.216722	515.364446
68.100000	0.200000	47.208721	386.487778
68.100000	0.300000	48.156816	319.935686
68.100000	0.400000	48.156816	277.368533
68.100000	0.500000	8.676868	253.955770
68.100000	0.600000	8.676868	239.445203
68.100000	0.700000	25.718572	227.677456
68.100000	0.800000	25.718572	217.444505
68.100000	0.900000	25.718572	207.816903
68.100000	1.000000	25.718572	198.836308
68.200000	0.000000	3.012301	1658.025906
68.200000	0.100000	3.708371	562.726035
68.200000	0.200000	3.700370	410.786735
68.200000	0.300000	3.700370	335.420478
68.200000	0.400000	3.700370	286.607063
68.200000	0.500000	35.379538	262.766994
68.200000	0.600000	35.379538	246.744532
68.200000	0.700000	35.379538	233.133912
68.200000	0.800000	35.379538	221.299503
68.200000	0.900000	35.379538	210.836076
68.200000	1.000000	35.379538	201.466688
68.300000	0.000000	27.538754	1405.324185
68.300000	0.100000	34.655466	553.102709
68.300000	0.200000	9.576958	431.551677
68.300000	0.300000	9.576958	369.492601
68.300000	0.400000	9.576958	323.853672
68.300000	0.500000	9.576958	290.524662
68.300000	0.600000	35.387539	271.187234
68.300000	0.700000	35.387539	255.084119
68.300000	0.800000	35.387539	240.989066
68.300000	0.900000	35.387539	228.478597
68.300000	1.000000	35.387539	217.273243
68.400000	0.000000	11.385139	1176.858242
68.400000	0.100000	34.563456	592.700971
68.400000	0.200000	34.563456	474.035017
68.400000	0.300000	34.555456	410.806575
68.400000	0.400000	34.555456	366.743559
68.400000	0.500000	34.555456	331.956738
68.400000	0.600000	34.555456	303.297854
68.400000	0.700000	34.555456	279.089838
68.400000	0.800000	34.555456	258.341407
68.400000	0.900000	34.555456	240.394028
68.400000	1.000000	34.555456	224.767221
68.500000	0.000000	57.249725	1239.657446
68.500000	0.100000	34.571457	572.976776
68.500000	0.200000	34.571457	484.444952
68.500000	0.300000	34.571457	420.225527
68.500000	0.400000	34.571457	373.537539
68.500000	0.500000	34.571457	337.191394
68.500000	0.600000	34.571457	307.584888
68.500000	0.700000	34.571457	282.793458
68.500000	0.800000	34.571457	261.674496
68.500000	0.900000	34.571457	243.480236
68.500000	1.000000	34.571457	227.680199
68.600000	0.000000	35.063506	1510.885250
68.600000	0.100000	35.275528	543.373852
68.600000	0.200000	35.223522	391.756952
68.600000	0.300000	35.223522	337.311522
68.600000	0.400000	35.135514	307.544255
68.600000	0.500000	35.135514	283.649344
68.600000	0.600000	35.135514	262.802874
68.600000	0.700000	35.135514	244.382135
68.600000	0.800000	35.507551	228.519816
68.600000	0.900000	0.100010	218.068983
68.600000	1.000000	0.100010	208.796317
68.700000	0.000000	49.868987	1473.520351
68.700000	0.100000	0.108011	562.868596
68.700000	0.200000	0.108011	425.416928
68.700000	0.300000	0.108011	361.800261
68.700000	0.400000	0.108011	320.467834
68.700000	0.500000	0.108011	290.295600
68.700000	0.600000	0.108011	266.998779
68.700000	0.700000	0.108011	248.273925
68.700000	0.800000	0.108011	232.733632
68.700000	0.900000	0.108011	219.504307
68.700000	1.000000	0.108011	208.018567
68.800000	0.000000	56.261626	1346.184361
68.800000	0.100000	20.810081	529.708559
68.800000	0.200000	20.810081	397.764709
68.800000	0.300000	20.810081	328.045342
68.800000	0.400000	5.024502	285.789957
68.800000	0.500000	5.148515	272.591710
68.800000	0.600000	5.148515	261.899382
68.800000	0.700000	5.148515	250.921856
68.800000	0.800000	5.148515	240.114189
68.800000	0.900000	5.148515	229.716539
68.800000	1.000000	5.148515	219.840256
68.900000	0.000000	56.353635	1313.499006
68.900000	0.100000	49.980998	615.732708
68.900000	0.200000	5.156516	483.257777
68.900000	0.300000	5.156516	418.575854
68.900000	0.400000	5.156516	374.546096
68.900000	0.500000	5.156516	342.187405
68.900000	0.600000	5.156516	316.658995
68.900000	0.700000	5.156516	295.451329
68.900000	0.800000	5.156516	277.215168
68.900000	0.900000	5.156516	261.182152
68.900000	1.000000	5.156516	246.884518
69.000000	0.000000	8.484848	1447.167508
69.000000	0.100000	8.912891	670.430175
69.000000	0.200000	8.912891	485.707167
69.000000	0.300000	5.128513	424.013301
69.000000	0.400000	5.128513	386.191568
69.000000	0.500000	5.128513	355.479708
69.000000	0.600000	5.164516	329.222153
69.000000	0.700000	5.164516	306.215758
69.000000	0.800000	5.164516	285.759360
69.000000	0.900000	5.164516	267.496211
69.000000	1.000000	5.164516	251.153206
69.100000	0.000000	40.388039	1243.961872
69.100000	0.100000	57.785779	592.421716
69.100000	0.200000	5.180518	446.864435
69.100000	0.300000	5.180518	412.806021
69.100000	0.400000	5.180518	377.938284
69.100000	0.500000	5.180518	345.214998
69.100000	0.600000	5.180518	316.072677
69.100000	0.700000	5.172517	291.963282
69.100000	0.800000	5.172517	271.368560
69.100000	0.900000	8.892889	254.066767
69.100000	1.000000	8.892889	243.110263
69.200000	0.000000	6.068607	1303.013922
69.200000	0.100000	39.735974	582.950027
69.200000	0.200000	4.900490	503.521895
69.200000	0.300000	4.900490	443.462990
69.200000	0.400000	4.900490	393.121542
69.200000	0.500000	4.900490	352.611226
69.200000	0.600000	4.900490	319.954321
69.200000	0.700000	4.900490	293.240735
69.200000	0.800000	4.900490	271.019932
69.200000	0.900000	4.900490	252.249817
69.200000	1.000000	4.900490	236.183463
69.300000	0.000000	4.232423	1457.486730
69.300000	0.100000	33.403340	532.134961
69.300000	0.200000	36.499650	408.628656
69.300000	0.300000	12.345235	344.673921
69.300000	0.400000	4.908491	314.563566
69.300000	0.500000	4.908491	292.750875
69.300000	0.600000	4.908491	275.010066
69.300000	0.700000	4.908491	259.718738
69.300000	0.800000	4.908491	246.145555
69.300000	0.900000	4.908491	233.920663
69.300000	1.000000	4.908491	222.829888
69.400000	0.000000	11.249125	1454.418639
69.400000	0.100000	16.861686	599.127168
69.400000	0.200000	20.102010	421.728091
69.400000	0.300000	20.102010	356.671955
69.400000	0.400000	20.102010	311.813832
69.400000	0.500000	45.492549	281.857215
69.400000	0.600000	45.492549	258.940273
69.400000	0.700000	45.492549	240.434117
69.400000	0.800000	2.856286	227.878208
69.400000	0.900000	2.856286	220.429735
69.400000	1.000000	2.892289	213.509929
69.500000	0.000000	46.244624	1487.920026
69.500000	0.100000	18.945895	551.993752
69.500000	0.200000	18.945895	423.509125
69.500000	0.300000	49.300930	355.788545
69.500000	0.400000	49.300930	317.373166
69.500000	0.500000	50.253025	289.459888
69.500000	0.600000	50.253025	268.622144
69.500000	0.700000	2.856286	253.568190
69.500000	0.800000	2.856286	242.455347
69.500000	0.900000	2.856286	232.671408
69.500000	1.000000	2.856286	223.902775
69.600000	0.000000	50.709071	1864.085641
69.600000	0.100000	6.204620	610.987589
69.600000	0.200000	6.212621	439.022679
69.600000	0.300000	46.444644	366.431406
69.600000	0.400000	46.452645	323.836325
69.600000	0.500000	46.452645	295.002757
69.600000	0.600000	46.452645	271.890148
69.600000	0.700000	46.452645	252.612925
69.600000	0.800000	2.856286	238.546241
69.600000	0.900000	2.856286	229.751907
69.600000	1.000000	2.856286	221.448354
69.700000	0.000000	26.134613	1457.944656
69.700000	0.100000	0.548055	733.879872
69.700000	0.200000	0.512051	513.600860
69.700000	0.300000	46.468647	421.763168
69.700000	0.400000	46.468647	361.187687
69.700000	0.500000	46.468647	314.866629
69.700000	0.600000	46.460646	281.499374
69.700000	0.700000	48.772877	256.114832
69.700000	0.800000	2.864286	237.167844
69.700000	0.900000	2.864286	226.572299
69.700000	1.000000	2.864286	217.607430
69.800000	0.000000	54.441444	1361.695939
69.800000	0.100000	54.749475	535.478484
69.800000	0.200000	48.408841	436.372930
69.800000	0.300000	48.408841	385.405620
69.800000	0.400000	48.688869	343.985276
69.800000	0.500000	48.960896	308.736046
69.800000	0.600000	48.960896	279.738338
69.800000	0.700000	50.665067	255.854942
69.800000	0.800000	50.637064	240.632081
69.800000	0.900000	50.637064	227.581260
69.800000	1.000000	50.637064	215.830414
69.900000	0.000000	36.515652	1692.207772
69.900000	0.100000	44.836484	601.110203
69.900000	0.200000	50.645065	458.977242
69.900000	0.300000	50.645065	408.187251
69.900000	0.400000	50.645065	361.992929
69.900000	0.500000	50.645065	323.794848
69.900000	0.600000	50.645065	292.974760
69.900000	0.700000	50.645065	268.006072
69.900000	0.800000	50.645065	247.485715
69.900000	0.900000	50.645065	230.334084
69.900000	1.000000	50.645065	215.763597
70.000000	0.000000	7.380738	1694.208594
70.000000	0.100000	9.872987	667.122336
70.000000	0.200000	10.509051	435.180313
70.000000	0.300000	29.794979	357.570826
70.000000	0.400000	29.794979	307.008454
70.000000	0.500000	33.239324	270.778256
70.000000	0.600000	32.671267	253.111517
70.000000	0.700000	32.671267	243.110461
70.000000	0.800000	32.671267	234.265914
70.000000	0.900000	32.671267	226.277108
70.000000	1.000000	32.671267	218.938517
