50.000000	0.000000	17.913791	91091.846008
50.000000	0.100000	19.381938	31343.165509
50.000000	0.200000	21.862186	21979.425570
50.000000	0.300000	21.882188	18675.214294
50.000000	0.400000	22.142214	16874.214830
50.000000	0.500000	22.142214	15583.594595
50.000000	0.600000	22.142214	14556.941013
50.000000	0.700000	22.142214	13713.169834
50.000000	0.800000	22.142214	13002.390200
50.000000	0.900000	22.142214	12390.605230
50.000000	1.000000	22.142214	11854.102421
50.100000	0.000000	29.634963	61092.870818
50.100000	0.100000	52.609261	26628.157468
50.100000	0.200000	33.767377	20233.891169
50.100000	0.300000	52.153215	17209.028393
50.100000	0.400000	52.153215	15704.961988
50.100000	0.500000	21.994199	14788.405511
50.100000	0.600000	21.994199	14088.701890
50.100000	0.700000	21.994199	13429.660268
50.100000	0.800000	21.994199	12811.855874
50.100000	0.900000	21.994199	12236.443412
50.100000	1.000000	22.142214	11703.456426
50.200000	0.000000	34.451445	78159.788379
50.200000	0.100000	21.526153	31470.173703
50.200000	0.200000	21.526153	24774.507551
50.200000	0.300000	21.994199	20927.820445
50.200000	0.400000	21.994199	18469.007342
50.200000	0.500000	21.994199	16635.256549
50.200000	0.600000	21.994199	15228.051804
50.200000	0.700000	21.994199	14117.783084
50.200000	0.800000	21.994199	13217.188538
50.200000	0.900000	21.994199	12467.267670
50.200000	1.000000	21.994199	11827.921360
50.300000	0.000000	52.105211	89219.942732
50.300000	0.100000	51.769177	32416.408435
50.300000	0.200000	51.789179	23355.097298
50.300000	0.300000	23.710371	20692.032416
50.300000	0.400000	23.710371	18963.642508
50.300000	0.500000	23.710371	17467.552111
50.300000	0.600000	23.710371	16166.430204
50.300000	0.700000	23.710371	15032.946857
50.300000	0.800000	23.710371	14041.789458
50.300000	0.900000	23.710371	13170.257338
50.300000	1.000000	23.710371	12399.009936
50.400000	0.000000	32.195220	86987.228177
50.400000	0.100000	46.460646	29918.130927
50.400000	0.200000	23.702370	22085.331839
50.400000	0.300000	23.702370	19768.495129
50.400000	0.400000	23.702370	17946.615439
50.400000	0.500000	23.702370	16448.926331
50.400000	0.600000	23.702370	15182.367960
50.400000	0.700000	23.702370	14091.764905
50.400000	0.800000	23.790379	13294.242866
50.400000	0.900000	23.790379	12589.634277
50.400000	1.000000	23.790379	11944.182897
50.500000	0.000000	9.136914	76548.497373
50.500000	0.100000	7.940794	29424.431277
50.500000	0.200000	34.331433	20824.293948
50.500000	0.300000	57.805781	17518.389505
50.500000	0.400000	57.805781	15748.420805
50.500000	0.500000	57.805781	14268.949289
50.500000	0.600000	23.722372	13391.750136
50.500000	0.700000	23.722372	12739.502347
50.500000	0.800000	23.722372	12125.301249
50.500000	0.900000	23.722372	11547.208281
50.500000	1.000000	23.722372	11003.742071
50.600000	0.000000	6.148615	85843.986110
50.600000	0.100000	55.625563	33166.475320
50.600000	0.200000	57.729773	25745.592976
50.600000	0.300000	57.729773	21537.370816
50.600000	0.400000	57.729773	18672.396844
50.600000	0.500000	57.729773	16566.715492
50.600000	0.600000	57.729773	14950.245284
50.600000	0.700000	57.837784	13687.430093
50.600000	0.800000	57.837784	12763.078000
50.600000	0.900000	57.837784	11990.299734
50.600000	1.000000	57.837784	11332.170749
50.700000	0.000000	57.401740	80977.612732
50.700000	0.100000	57.381738	28723.450916
50.700000	0.200000	35.663566	20791.103955
50.700000	0.300000	35.663566	17291.650510
50.700000	0.400000	50.225023	15548.604507
50.700000	0.500000	50.225023	14246.622804
50.700000	0.600000	50.225023	13144.348852
50.700000	0.700000	50.225023	12193.583837
50.700000	0.800000	57.769777	11661.649343
50.700000	0.900000	57.769777	11269.803987
50.700000	1.000000	57.769777	10867.918092
50.800000	0.000000	33.543354	71600.528980
50.800000	0.100000	33.011301	32656.763593
50.800000	0.200000	33.011301	22441.486816
50.800000	0.300000	49.468947	17887.534542
50.800000	0.400000	50.237024	16188.555300
50.800000	0.500000	50.237024	14896.453590
50.800000	0.600000	50.237024	13780.458179
50.800000	0.700000	50.237024	12803.952133
50.800000	0.800000	50.237024	11944.522948
50.800000	0.900000	50.257026	11196.058845
50.800000	1.000000	57.769777	10631.730550
50.900000	0.000000	46.820682	73531.133518
50.900000	0.100000	49.344934	31417.906817
50.900000	0.200000	49.324932	22144.451409
50.900000	0.300000	57.477748	18047.029402
50.900000	0.400000	57.477748	16180.058781
50.900000	0.500000	57.477748	14770.416357
50.900000	0.600000	57.477748	13640.781530
50.900000	0.700000	57.477748	12701.096205
50.900000	0.800000	57.477748	11898.394050
50.900000	0.900000	57.477748	11199.270170
50.900000	1.000000	57.477748	10581.609988
51.000000	0.000000	31.807181	78759.036417
51.000000	0.100000	35.355536	29794.006162
51.000000	0.200000	35.315532	21439.868984
51.000000	0.300000	38.471847	18285.503886
51.000000	0.400000	38.627863	16203.325613
51.000000	0.500000	38.627863	14765.412244
51.000000	0.600000	38.627863	13588.473070
51.000000	0.700000	38.627863	12611.691323
51.000000	0.800000	38.627863	11787.942303
51.000000	0.900000	38.627863	11082.334671
51.000000	1.000000	38.627863	10469.639909
51.100000	0.000000	36.135614	66767.818864
51.100000	0.100000	6.492649	27348.446149
51.100000	0.200000	42.916292	20644.982383
51.100000	0.300000	41.140114	18017.496039
51.100000	0.400000	41.140114	16559.841445
51.100000	0.500000	41.140114	15273.028100
51.100000	0.600000	41.140114	14147.768262
51.100000	0.700000	41.140114	13169.130795
51.100000	0.800000	41.140114	12318.599606
51.100000	0.900000	41.140114	11577.428294
51.100000	1.000000	41.140114	10928.576471
51.200000	0.000000	42.056206	88011.632489
51.200000	0.100000	40.556056	32372.501392
51.200000	0.200000	41.152115	25132.167519
51.200000	0.300000	41.152115	20782.927962
51.200000	0.400000	42.432243	17743.497927
51.200000	0.500000	42.432243	15756.345559
51.200000	0.600000	42.432243	14171.182818
51.200000	0.700000	42.432243	12879.088555
51.200000	0.800000	41.112111	11884.529663
51.200000	0.900000	41.112111	11117.195479
51.200000	1.000000	24.350435	10636.873051
51.300000	0.000000	56.673667	71834.897212
51.300000	0.100000	56.673667	33063.047234
51.300000	0.200000	58.077808	23922.931278
51.300000	0.300000	58.077808	19387.555881
51.300000	0.400000	58.057806	16599.906974
51.300000	0.500000	24.350435	15074.774839
51.300000	0.600000	24.350435	14205.531053
51.300000	0.700000	24.350435	13474.443803
51.300000	0.800000	24.350435	12841.787577
51.300000	0.900000	24.350435	12284.359199
51.300000	1.000000	24.350435	11787.509603
51.400000	0.000000	34.671467	67878.891040
51.400000	0.100000	24.350435	28955.410282
51.400000	0.200000	24.350435	21987.146898
51.400000	0.300000	24.350435	18683.684033
51.400000	0.400000	24.350435	16661.708341
51.400000	0.500000	24.350435	15238.367168
51.400000	0.600000	24.350435	14154.861157
51.400000	0.700000	24.350435	13290.154238
51.400000	0.800000	24.350435	12577.901915
51.400000	0.900000	24.350435	11977.307978
51.400000	1.000000	24.350435	11461.268982
51.500000	0.000000	13.213321	69556.030974
51.500000	0.100000	2.536254	24558.412613
51.500000	0.200000	9.508951	18020.884497
51.500000	0.300000	9.508951	15638.895893
51.500000	0.400000	9.508951	14013.773297
51.500000	0.500000	9.508951	12743.378755
51.500000	0.600000	9.508951	11690.972076
51.500000	0.700000	24.362436	11251.784793
51.500000	0.800000	24.362436	10910.676940
51.500000	0.900000	24.362436	10575.956363
51.500000	1.000000	24.362436	10252.492486
51.600000	0.000000	46.176618	82275.321640
51.600000	0.100000	59.857986	30881.398681
51.600000	0.200000	50.973097	21643.225103
51.600000	0.300000	50.973097	18406.982230
51.600000	0.400000	50.973097	16151.174020
51.600000	0.500000	50.973097	14409.725521
51.600000	0.600000	50.973097	13011.610441
51.600000	0.700000	50.973097	11863.495341
51.600000	0.800000	51.641164	10956.344926
51.600000	0.900000	51.641164	10308.700006
51.600000	1.000000	51.641164	9736.719809
51.700000	0.000000	30.899090	77129.120185
51.700000	0.100000	50.097010	30806.455443
51.700000	0.200000	50.937094	21682.542968
51.700000	0.300000	50.937094	17802.759119
51.700000	0.400000	18.609861	15752.431209
51.700000	0.500000	18.609861	14607.549625
51.700000	0.600000	18.609861	13561.429809
51.700000	0.700000	18.609861	12632.937896
51.700000	0.800000	18.609861	11814.751199
51.700000	0.900000	18.609861	11093.116358
51.700000	1.000000	17.461746	10487.697442
51.800000	0.000000	17.077708	82665.392816
51.800000	0.100000	17.289729	37970.898383
51.800000	0.200000	17.289729	29119.114999
51.800000	0.300000	17.289729	24432.673239
51.800000	0.400000	17.289729	21263.916072
51.800000	0.500000	17.289729	18911.135983
51.800000	0.600000	17.289729	17076.761298
51.800000	0.700000	17.289729	15601.468314
51.800000	0.800000	17.289729	14388.162571
51.800000	0.900000	17.289729	13372.683814
51.800000	1.000000	17.289729	12510.284269
51.900000	0.000000	54.489449	84168.093702
51.900000	0.100000	17.465747	30239.633250
51.900000	0.200000	17.465747	23667.792918
51.900000	0.300000	17.281728	20950.703710
51.900000	0.400000	17.281728	19025.419495
51.900000	0.500000	17.281728	17469.550871
51.900000	0.600000	17.281728	16150.939992
51.900000	0.700000	17.281728	15011.837130
51.900000	0.800000	17.281728	14018.889615
51.900000	0.900000	17.281728	13148.499726
51.900000	1.000000	17.281728	12382.032397
52.000000	0.000000	21.274127	70917.425164
52.000000	0.100000	49.164916	29743.229353
52.000000	0.200000	49.164916	21792.540467
52.000000	0.300000	25.082508	18475.170874
52.000000	0.400000	25.082508	16261.817610
52.000000	0.500000	25.082508	14583.140580
52.000000	0.600000	17.929793	13467.776959
52.000000	0.700000	17.929793	12703.803236
52.000000	0.800000	18.373837	12145.857127
52.000000	0.900000	18.373837	11639.555870
52.000000	1.000000	18.373837	11169.095128
52.100000	0.000000	29.842984	71370.010805
52.100000	0.100000	0.040004	31528.372872
52.100000	0.200000	3.044304	23721.939586
52.100000	0.300000	4.196420	19419.035861
52.100000	0.400000	4.196420	17317.500864
52.100000	0.500000	4.196420	15670.504717
52.100000	0.600000	4.436444	14396.515774
52.100000	0.700000	4.436444	13382.937303
52.100000	0.800000	4.436444	12536.737578
52.100000	0.900000	4.436444	11819.654252
52.100000	1.000000	4.436444	11203.579507
52.200000	0.000000	0.396040	78192.976388
52.200000	0.100000	1.316132	36247.308628
52.200000	0.200000	1.268127	24458.225604
52.200000	0.300000	1.296130	18881.377661
52.200000	0.400000	8.748875	16384.729003
52.200000	0.500000	8.748875	14828.135837
52.200000	0.600000	8.748875	13625.553720
52.200000	0.700000	8.748875	12664.259947
52.200000	0.800000	8.748875	11873.046214
52.200000	0.900000	8.748875	11205.883747
52.200000	1.000000	8.748875	10632.079490
52.300000	0.000000	6.724672	70493.558432
52.300000	0.100000	25.502550	26530.554946
52.300000	0.200000	25.502550	20764.043712
52.300000	0.300000	25.502550	17445.859539
52.300000	0.400000	25.502550	15312.722127
52.300000	0.500000	25.502550	13760.918497
52.300000	0.600000	25.502550	12547.395273
52.300000	0.700000	25.502550	11559.533924
52.300000	0.800000	6.684668	10750.500189
52.300000	0.900000	6.684668	10176.996320
52.300000	1.000000	6.684668	9678.157314
52.400000	0.000000	2.424242	83808.398275
52.400000	0.100000	17.241724	31583.079544
52.400000	0.200000	17.785779	21713.360714
52.400000	0.300000	58.049805	17238.587828
52.400000	0.400000	58.049805	14906.913898
52.400000	0.500000	52.137214	13437.021852
52.400000	0.600000	52.137214	12806.759843
52.400000	0.700000	52.157216	12221.012682
52.400000	0.800000	52.157216	11789.727726
52.400000	0.900000	52.157216	11374.619259
52.400000	1.000000	52.157216	10977.912322
52.500000	0.000000	31.699170	71228.096268
52.500000	0.100000	42.784278	26632.279085
52.500000	0.200000	52.157216	19905.383516
52.500000	0.300000	52.157216	18433.055767
52.500000	0.400000	52.157216	17157.822081
52.500000	0.500000	52.157216	15994.250853
52.500000	0.600000	52.157216	14954.121358
52.500000	0.700000	52.157216	14033.968863
52.500000	0.800000	52.157216	13221.552530
52.500000	0.900000	52.157216	12502.649659
52.500000	1.000000	52.177218	11876.043527
52.600000	0.000000	37.559756	65673.782455
52.600000	0.100000	47.816782	31017.810866
52.600000	0.200000	52.169217	22945.155796
52.600000	0.300000	52.169217	19699.355329
52.600000	0.400000	52.169217	17546.259719
52.600000	0.500000	52.149215	16015.078942
52.600000	0.600000	52.149215	14874.266365
52.600000	0.700000	52.149215	13914.763510
52.600000	0.800000	52.149215	13087.932229
52.600000	0.900000	52.149215	12363.258605
52.600000	1.000000	52.149215	11720.248721
52.700000	0.000000	58.753875	67971.656033
52.700000	0.100000	59.369937	37854.448471
52.700000	0.200000	59.369937	28837.655396
52.700000	0.300000	59.369937	23563.954310
52.700000	0.400000	59.369937	20091.487114
52.700000	0.500000	59.369937	17626.982682
52.700000	0.600000	59.369937	15774.422396
52.700000	0.700000	59.369937	14321.998160
52.700000	0.800000	59.445945	13174.687963
52.700000	0.900000	59.445945	12240.709100
52.700000	1.000000	59.445945	11457.025276
52.800000	0.000000	59.285929	68160.332076
52.800000	0.100000	4.412441	28185.596733
52.800000	0.200000	4.412441	20242.460745
52.800000	0.300000	59.429943	17457.461273
52.800000	0.400000	59.437944	16073.888341
52.800000	0.500000	59.437944	15010.508148
52.800000	0.600000	59.437944	14000.231084
52.800000	0.700000	59.437944	13085.140917
52.800000	0.800000	59.437944	12274.876145
52.800000	0.900000	59.437944	11564.407947
52.800000	1.000000	59.437944	10943.157710
52.900000	0.000000	5.316532	67202.080142
52.900000	0.100000	24.786479	29926.581372
52.900000	0.200000	25.494549	22751.222444
52.900000	0.300000	25.494549	19463.256555
52.900000	0.400000	25.202520	17355.335144
52.900000	0.500000	25.202520	15867.975829
52.900000	0.600000	25.222522	14822.124246
52.900000	0.700000	25.222522	13968.910527
52.900000	0.800000	25.222522	13238.794014
52.900000	0.900000	25.222522	12603.916251
52.900000	1.000000	25.222522	12044.770992
53.000000	0.000000	0.040004	70693.731953
53.000000	0.100000	24.358436	32238.873129
53.000000	0.200000	24.442444	26012.285007
53.000000	0.300000	25.054505	22067.806898
53.000000	0.400000	25.110511	19563.035557
53.000000	0.500000	25.222522	17916.107309
53.000000	0.600000	25.222522	16654.746109
53.000000	0.700000	25.222522	15605.858498
53.000000	0.800000	25.222522	14712.134175
53.000000	0.900000	25.222522	13935.500861
53.000000	1.000000	25.222522	13250.236664
53.100000	0.000000	49.472947	77061.234062
53.100000	0.100000	59.313931	33760.843829
53.100000	0.200000	59.313931	23897.781704
53.100000	0.300000	24.798480	18752.435625
53.100000	0.400000	24.798480	17542.713381
53.100000	0.500000	24.798480	16397.354685
53.100000	0.600000	24.798480	15340.895056
53.100000	0.700000	25.214521	14710.313605
53.100000	0.800000	25.214521	14204.111810
53.100000	0.900000	25.214521	13690.063404
53.100000	1.000000	25.214521	13182.408396
53.200000	0.000000	59.937994	62039.631941
53.200000	0.100000	26.882688	24082.037711
53.200000	0.200000	24.810481	19191.228316
53.200000	0.300000	24.810481	18458.367835
53.200000	0.400000	25.130513	17516.663283
53.200000	0.500000	25.130513	16679.020939
53.200000	0.600000	25.130513	15816.052875
53.200000	0.700000	25.130513	14994.054795
53.200000	0.800000	25.130513	14232.125550
53.200000	0.900000	25.130513	13532.385078
53.200000	1.000000	25.214521	12936.218266
53.300000	0.000000	2.760276	86349.660081
53.300000	0.100000	20.358036	39322.042280
53.300000	0.200000	21.146115	28232.853142
53.300000	0.300000	24.870487	24157.927426
53.300000	0.400000	24.870487	21148.387791
53.300000	0.500000	24.870487	18833.772165
53.300000	0.600000	24.870487	17024.778580
53.300000	0.700000	24.870487	15578.437333
53.300000	0.800000	25.094509	14402.627924
53.300000	0.900000	25.094509	13510.457386
53.300000	1.000000	25.094509	12746.193390
53.400000	0.000000	59.837984	81481.382709
53.400000	0.100000	24.854485	25791.623345
53.400000	0.200000	24.854485	22963.409886
53.400000	0.300000	24.854485	20633.109584
53.400000	0.400000	24.854485	18728.453048
53.400000	0.500000	24.854485	17162.312792
53.400000	0.600000	24.854485	15863.897292
53.400000	0.700000	24.854485	14778.083059
53.400000	0.800000	24.854485	13861.993707
53.400000	0.900000	24.854485	13082.161563
53.400000	1.000000	24.854485	12412.321945
53.500000	0.000000	45.736574	77646.632650
53.500000	0.100000	47.408741	29646.964649
53.500000	0.200000	54.597460	20191.367915
53.500000	0.300000	56.185619	16494.514938
53.500000	0.400000	17.081708	14927.107012
53.500000	0.500000	17.081708	13896.087413
53.500000	0.600000	17.081708	12976.938467
53.500000	0.700000	24.854485	12303.255296
53.500000	0.800000	24.854485	11952.503217
53.500000	0.900000	24.854485	11591.511839
53.500000	1.000000	24.854485	11235.397811
53.600000	0.000000	57.929793	75703.809634
53.600000	0.100000	56.113611	31007.737472
53.600000	0.200000	56.141614	22746.824829
53.600000	0.300000	41.948195	19281.686458
53.600000	0.400000	41.948195	16934.536932
53.600000	0.500000	41.948195	15066.622959
53.600000	0.600000	41.948195	13579.260330
53.600000	0.700000	41.948195	12378.220782
53.600000	0.800000	17.073707	11481.583750
53.600000	0.900000	17.073707	10769.270116
53.600000	1.000000	17.073707	10150.793830
53.700000	0.000000	3.176318	83144.964806
53.700000	0.100000	0.512051	31764.972046
53.700000	0.200000	42.836284	24626.804548
53.700000	0.300000	42.836284	21071.910361
53.700000	0.400000	42.836284	18353.789511
53.700000	0.500000	42.836284	16218.822269
53.700000	0.600000	42.836284	14503.353143
53.700000	0.700000	43.684368	13412.990827
53.700000	0.800000	43.684368	12506.638634
53.700000	0.900000	43.684368	11715.974347
53.700000	1.000000	43.684368	11022.079826
53.800000	0.000000	53.421342	75991.790327
53.800000	0.100000	33.691369	30461.904615
53.800000	0.200000	26.066607	22090.606594
53.800000	0.300000	26.066607	20020.369529
53.800000	0.400000	26.318632	17937.399328
53.800000	0.500000	26.318632	16416.659550
53.800000	0.600000	26.318632	15097.350330
53.800000	0.700000	26.318632	13969.292065
53.800000	0.800000	26.318632	13002.479068
53.800000	0.900000	26.318632	12167.294212
53.800000	1.000000	26.318632	11439.071950
53.900000	0.000000	51.181118	51648.110857
53.900000	0.100000	59.621962	26289.627936
53.900000	0.200000	59.621962	21073.706485
53.900000	0.300000	26.246625	18407.798961
53.900000	0.400000	26.246625	17012.558278
53.900000	0.500000	26.246625	15717.046927
53.900000	0.600000	26.254625	14553.825090
53.900000	0.700000	26.254625	13577.776631
53.900000	0.800000	26.254625	12694.793181
53.900000	0.900000	26.254625	11901.394838
53.900000	1.000000	26.254625	11189.447810
54.000000	0.000000	24.714471	80643.566048
54.000000	0.100000	35.255526	29832.216523
54.000000	0.200000	31.667167	22740.959100
54.000000	0.300000	31.667167	19037.551330
54.000000	0.400000	31.843184	16584.801531
54.000000	0.500000	31.907191	14978.367837
54.000000	0.600000	31.907191	13717.909649
54.000000	0.700000	31.907191	12698.124339
54.000000	0.800000	31.907191	11856.079171
54.000000	0.900000	26.646665	11208.888208
54.000000	1.000000	26.646665	10754.418402
54.100000	0.000000	41.792179	72299.425669
54.100000	0.100000	59.989999	30098.336445
54.100000	0.200000	59.989999	22083.364082
54.100000	0.300000	59.989999	17707.614246
54.100000	0.400000	9.564956	15285.600763
54.100000	0.500000	9.564956	14081.054305
54.100000	0.600000	9.564956	13054.044662
54.100000	0.700000	9.564956	12168.428909
54.100000	0.800000	31.899190	11472.053966
54.100000	0.900000	31.899190	10997.405525
54.100000	1.000000	31.899190	10551.008154
54.200000	0.000000	24.310431	73040.078930
54.200000	0.100000	24.310431	26966.695802
54.200000	0.200000	34.439444	19152.692099
54.200000	0.300000	35.399540	16368.587900
54.200000	0.400000	35.399540	14539.832725
54.200000	0.500000	38.435844	13478.041992
54.200000	0.600000	38.435844	12617.531946
54.200000	0.700000	38.435844	11822.102089
54.200000	0.800000	38.435844	11102.758709
54.200000	0.900000	26.646665	10683.433092
54.200000	1.000000	26.646665	10367.353359
54.300000	0.000000	25.326533	66342.469092
54.300000	0.100000	52.149215	27390.573916
54.300000	0.200000	52.149215	20901.144670
54.300000	0.300000	55.529553	17177.904341
54.300000	0.400000	55.401540	15043.491138
54.300000	0.500000	55.401540	13352.156572
54.300000	0.600000	26.646665	12559.506197
54.300000	0.700000	26.646665	12033.948468
54.300000	0.800000	26.646665	11531.010771
54.300000	0.900000	26.646665	11055.572682
54.300000	1.000000	26.646665	10610.500365
54.400000	0.000000	8.492849	96517.834502
54.400000	0.100000	26.462646	34267.642953
54.400000	0.200000	26.490649	24699.458657
54.400000	0.300000	26.490649	20057.203050
54.400000	0.400000	26.482648	17523.625221
54.400000	0.500000	26.482648	15635.801682
54.400000	0.600000	26.666667	14319.317908
54.400000	0.700000	26.666667	13279.920222
54.400000	0.800000	26.666667	12420.789304
54.400000	0.900000	26.666667	11698.845116
54.400000	1.000000	26.666667	11082.873184
54.500000	0.000000	14.889489	90684.475547
54.500000	0.100000	21.322132	33007.037150
54.500000	0.200000	23.762376	24351.602015
54.500000	0.300000	24.074407	19585.647193
54.500000	0.400000	24.074407	16516.298295
54.500000	0.500000	26.714671	14808.968576
54.500000	0.600000	26.714671	13673.846317
54.500000	0.700000	26.714671	12722.834923
54.500000	0.800000	26.714671	11919.532978
54.500000	0.900000	26.714671	11234.027909
54.500000	1.000000	14.429443	10744.853989
54.600000	0.000000	38.055806	85544.677917
54.600000	0.100000	39.823982	34404.301019
54.600000	0.200000	38.743874	24676.736980
54.600000	0.300000	38.743874	20286.927146
54.600000	0.400000	38.743874	17453.911894
54.600000	0.500000	38.743874	15443.109049
54.600000	0.600000	14.137414	13995.981917
54.600000	0.700000	14.137414	13203.589110
54.600000	0.800000	14.137414	12473.984051
54.600000	0.900000	14.129413	11831.261973
54.600000	1.000000	14.129413	11263.914724
54.700000	0.000000	10.969097	91099.639505
54.700000	0.100000	11.233123	31681.914722
54.700000	0.200000	14.129413	23001.602888
54.700000	0.300000	14.129413	20299.095407
54.700000	0.400000	14.129413	18337.414605
54.700000	0.500000	14.129413	16783.034951
54.700000	0.600000	14.129413	15500.113259
54.700000	0.700000	14.129413	14413.607451
54.700000	0.800000	14.129413	13476.448539
54.700000	0.900000	14.129413	12657.051462
54.700000	1.000000	14.129413	11933.102679
54.800000	0.000000	51.305131	67617.442774
54.800000	0.100000	36.467647	29080.983636
54.800000	0.200000	36.467647	23090.299360
54.800000	0.300000	36.467647	19121.727809
54.800000	0.400000	14.205421	17701.413000
54.800000	0.500000	14.205421	16492.880835
54.800000	0.600000	14.205421	15307.406079
54.800000	0.700000	14.205421	14217.070365
54.800000	0.800000	14.205421	13238.421555
54.800000	0.900000	14.205421	12367.903254
54.800000	1.000000	14.205421	11595.193208
54.900000	0.000000	22.354235	68898.556647
54.900000	0.100000	13.861386	31427.499697
54.900000	0.200000	13.861386	25277.678560
54.900000	0.300000	13.861386	21355.138582
54.900000	0.400000	13.861386	18476.890253
54.900000	0.500000	14.225423	16387.653557
54.900000	0.600000	14.225423	14830.147415
54.900000	0.700000	14.225423	13556.275267
54.900000	0.800000	14.225423	12496.747356
54.900000	0.900000	15.437544	11657.339701
54.900000	1.000000	15.437544	11096.803368
55.000000	0.000000	12.765277	72538.914258
55.000000	0.100000	13.993399	28111.394257
55.000000	0.200000	13.965397	21342.235641
55.000000	0.300000	13.965397	18019.993174
55.000000	0.400000	13.773377	15916.132650
55.000000	0.500000	14.765477	14396.874100
55.000000	0.600000	14.765477	13315.089021
55.000000	0.700000	14.765477	12370.469678
55.000000	0.800000	15.437544	11552.487112
55.000000	0.900000	15.437544	10993.063572
55.000000	1.000000	15.437544	10490.564752
55.100000	0.000000	39.555956	71263.226193
55.100000	0.100000	23.630363	28915.458550
55.100000	0.200000	23.766377	21976.800012
55.100000	0.300000	23.766377	17600.719363
55.100000	0.400000	21.278128	15488.585138
55.100000	0.500000	21.278128	14286.789569
55.100000	0.600000	21.278128	13332.952205
55.100000	0.700000	21.278128	12524.628203
55.100000	0.800000	21.278128	11817.047682
55.100000	0.900000	21.278128	11187.233561
55.100000	1.000000	21.278128	10621.330842
55.200000	0.000000	29.054905	86702.381357
55.200000	0.100000	46.392639	31896.052576
55.200000	0.200000	20.174017	23270.744922
55.200000	0.300000	20.174017	19667.532227
55.200000	0.400000	21.270127	17445.124220
55.200000	0.500000	21.270127	15876.263420
55.200000	0.600000	21.270127	14592.055779
55.200000	0.700000	21.270127	13513.868737
55.200000	0.800000	21.270127	12593.031567
55.200000	0.900000	21.270127	11796.643196
55.200000	1.000000	21.270127	11101.048100
55.300000	0.000000	24.042404	83227.790760
55.300000	0.100000	26.746675	32237.522820
55.300000	0.200000	26.682668	24052.352920
55.300000	0.300000	26.826683	20067.993864
55.300000	0.400000	26.826683	17754.141274
55.300000	0.500000	26.826683	16002.074821
55.300000	0.600000	26.826683	14631.724939
55.300000	0.700000	26.826683	13529.754838
55.300000	0.800000	26.826683	12620.980945
55.300000	0.900000	26.826683	11854.752970
55.300000	1.000000	26.826683	11196.478633
55.400000	0.000000	53.609361	89614.871493
55.400000	0.100000	7.596760	31198.916576
55.400000	0.200000	7.596760	23564.674377
55.400000	0.300000	7.596760	19520.066053
55.400000	0.400000	7.596760	16960.780657
55.400000	0.500000	7.596760	15161.586469
55.400000	0.600000	7.596760	13803.485281
55.400000	0.700000	7.596760	12725.746412
55.400000	0.800000	26.682668	12075.286928
55.400000	0.900000	26.854685	11584.074295
55.400000	1.000000	26.854685	11119.474271
55.500000	0.000000	0.168017	84158.787078
55.500000	0.100000	4.024402	38179.893553
55.500000	0.200000	4.024402	26554.225358
55.500000	0.300000	4.024402	21133.975459
55.500000	0.400000	4.024402	17932.128776
55.500000	0.500000	4.024402	15747.075749
55.500000	0.600000	4.024402	14123.624043
55.500000	0.700000	26.846685	13371.797133
55.500000	0.800000	26.846685	12780.689428
55.500000	0.900000	26.846685	12231.406120
55.500000	1.000000	26.846685	11720.135619
55.600000	0.000000	30.911091	69709.553832
55.600000	0.100000	42.376238	30551.395932
55.600000	0.200000	42.376238	22256.394784
55.600000	0.300000	15.625563	18587.380372
55.600000	0.400000	15.625563	16729.757986
55.600000	0.500000	15.625563	15309.440360
55.600000	0.600000	15.625563	14166.621591
55.600000	0.700000	26.838684	13306.495075
55.600000	0.800000	26.838684	12589.903145
55.600000	0.900000	26.838684	11949.250354
55.600000	1.000000	26.846685	11410.423562
55.700000	0.000000	0.028003	82573.853086
55.700000	0.100000	0.116012	25567.099671
55.700000	0.200000	41.620162	19959.351875
55.700000	0.300000	26.830683	16883.816358
55.700000	0.400000	26.830683	15165.499702
55.700000	0.500000	26.830683	13948.861156
55.700000	0.600000	26.830683	13018.618550
55.700000	0.700000	26.830683	12262.949252
55.700000	0.800000	26.830683	11622.496393
55.700000	0.900000	26.830683	11064.168503
55.700000	1.000000	15.697570	10589.590711
55.800000	0.000000	57.013701	69204.380565
55.800000	0.100000	53.161316	26414.729094
55.800000	0.200000	53.529353	19797.241477
55.800000	0.300000	15.661566	16899.278072
55.800000	0.400000	15.617562	15244.063546
55.800000	0.500000	15.617562	14096.332512
55.800000	0.600000	15.617562	13169.979198
55.800000	0.700000	15.617562	12392.746531
55.800000	0.800000	15.617562	11721.001860
55.800000	0.900000	15.617562	11128.382503
55.800000	1.000000	15.617562	10598.236605
55.900000	0.000000	4.408441	75868.800218
55.900000	0.100000	15.897590	28057.843513
55.900000	0.200000	15.897590	22324.131225
55.900000	0.300000	15.601560	18980.511078
55.900000	0.400000	15.601560	16686.958587
55.900000	0.500000	15.717572	14891.802819
55.900000	0.600000	15.717572	13499.158448
55.900000	0.700000	1.600160	12410.629079
55.900000	0.800000	1.600160	11732.906409
55.900000	0.900000	1.600160	11126.724720
55.900000	1.000000	1.600160	10582.624939
56.000000	0.000000	32.635264	62113.854233
56.000000	0.100000	37.387739	27726.525716
56.000000	0.200000	37.387739	22001.774873
56.000000	0.300000	37.423742	18637.575335
56.000000	0.400000	37.423742	16355.028915
56.000000	0.500000	37.423742	14641.028855
56.000000	0.600000	1.592159	13574.606398
56.000000	0.700000	1.736174	12740.275509
56.000000	0.800000	1.736174	12051.948695
56.000000	0.900000	1.736174	11458.440155
56.000000	1.000000	1.736174	10936.977038
56.100000	0.000000	4.128413	93351.129738
56.100000	0.100000	23.710371	35214.920823
56.100000	0.200000	29.850985	24397.719426
56.100000	0.300000	34.271427	19487.205749
56.100000	0.400000	34.271427	17241.436003
56.100000	0.500000	34.271427	15620.183715
56.100000	0.600000	34.271427	14392.445432
56.100000	0.700000	34.271427	13422.658533
56.100000	0.800000	34.271427	12628.782316
56.100000	0.900000	34.271427	11959.647644
56.100000	1.000000	34.271427	11382.325685
56.200000	0.000000	7.896790	68231.666379
56.200000	0.100000	7.816782	31616.750011
56.200000	0.200000	7.816782	23929.512736
56.200000	0.300000	7.816782	19801.954893
56.200000	0.400000	7.816782	17091.775095
56.200000	0.500000	7.816782	15193.560513
56.200000	0.600000	34.227423	13962.016795
56.200000	0.700000	34.227423	13412.293401
56.200000	0.800000	34.227423	12868.416532
56.200000	0.900000	34.227423	12344.411280
56.200000	1.000000	34.227423	11847.078424
56.300000	0.000000	29.978998	80149.391202
56.300000	0.100000	33.319332	32143.199423
56.300000	0.200000	24.582458	23087.442832
56.300000	0.300000	24.618462	19010.603913
56.300000	0.400000	34.219422	17048.157789
56.300000	0.500000	34.219422	15879.496228
56.300000	0.600000	34.219422	14933.968096
56.300000	0.700000	34.219422	14139.015261
56.300000	0.800000	34.219422	13449.419672
56.300000	0.900000	34.219422	12837.606385
56.300000	1.000000	34.219422	12286.440247
56.400000	0.000000	50.217022	81502.502558
56.400000	0.100000	58.337834	31309.257832
56.400000	0.200000	27.966797	23330.883159
56.400000	0.300000	27.966797	20119.413135
56.400000	0.400000	27.966797	17808.433310
56.400000	0.500000	28.002800	16035.076892
56.400000	0.600000	34.211421	14821.232915
56.400000	0.700000	34.211421	13901.106565
56.400000	0.800000	34.211421	13106.495586
56.400000	0.900000	34.211421	12413.423311
56.400000	1.000000	34.211421	11802.766633
56.500000	0.000000	42.644264	95038.806644
56.500000	0.100000	27.986799	32299.418500
56.500000	0.200000	27.986799	25284.132168
56.500000	0.300000	27.986799	21761.799700
56.500000	0.400000	27.986799	19177.367249
56.500000	0.500000	27.986799	17123.809589
56.500000	0.600000	28.022802	15482.588289
56.500000	0.700000	28.022802	14144.091147
56.500000	0.800000	28.022802	13013.935572
56.500000	0.900000	28.022802	12050.844480
56.500000	1.000000	28.022802	11222.741893
56.600000	0.000000	20.534053	84069.780830
56.600000	0.100000	20.922092	32819.574143
56.600000	0.200000	21.010101	23911.452553
56.600000	0.300000	52.709271	19775.445015
56.600000	0.400000	23.686369	17192.212734
56.600000	0.500000	23.686369	15603.037802
56.600000	0.600000	23.686369	14385.634295
56.600000	0.700000	23.686369	13418.447838
56.600000	0.800000	23.686369	12623.870923
56.600000	0.900000	23.686369	11952.449376
56.600000	1.000000	23.686369	11372.199728
56.700000	0.000000	12.249225	59087.055518
56.700000	0.100000	0.932093	29355.110426
56.700000	0.200000	0.940094	22649.349088
56.700000	0.300000	0.940094	18587.973762
56.700000	0.400000	0.940094	15800.152255
56.700000	0.500000	23.510351	14029.199311
56.700000	0.600000	23.686369	13642.193114
56.700000	0.700000	23.686369	13195.507444
56.700000	0.800000	23.686369	12710.841398
56.700000	0.900000	23.686369	12215.258768
56.700000	1.000000	23.686369	11726.431577
56.800000	0.000000	29.790979	72135.679730
56.800000	0.100000	47.632763	27591.379359
56.800000	0.200000	23.502350	22913.135791
56.800000	0.300000	23.450345	20296.783910
56.800000	0.400000	23.450345	18200.767745
56.800000	0.500000	23.450345	16523.670585
56.800000	0.600000	23.450345	15158.755387
56.800000	0.700000	23.670367	14077.344885
56.800000	0.800000	23.670367	13206.313318
56.800000	0.900000	23.670367	12458.472771
56.800000	1.000000	23.670367	11806.147746
56.900000	0.000000	59.781978	58212.844255
56.900000	0.100000	2.964296	28236.569657
56.900000	0.200000	2.964296	23815.910798
56.900000	0.300000	2.964296	20825.436463
56.900000	0.400000	6.888689	18768.802911
56.900000	0.500000	6.888689	17198.003943
56.900000	0.600000	6.888689	15824.810603
56.900000	0.700000	6.888689	14624.427272
56.900000	0.800000	6.888689	13574.554538
56.900000	0.900000	6.888689	12654.576370
56.900000	1.000000	6.888689	11845.896588
57.000000	0.000000	57.917792	92241.542811
57.000000	0.100000	1.048105	37538.957505
57.000000	0.200000	6.724672	27141.453102
57.000000	0.300000	7.540754	22496.546253
57.000000	0.400000	7.540754	19470.573013
57.000000	0.500000	7.540754	17325.499255
57.000000	0.600000	7.540754	15704.147688
57.000000	0.700000	7.540754	14411.359626
57.000000	0.800000	7.540754	13339.282038
57.000000	0.900000	7.540754	12425.501943
57.000000	1.000000	7.540754	11631.662223
57.100000	0.000000	36.671667	67132.508229
57.100000	0.100000	26.370637	27459.663530
57.100000	0.200000	26.370637	22160.195950
57.100000	0.300000	26.414641	18788.203562
57.100000	0.400000	26.414641	16490.863521
57.100000	0.500000	7.612761	15093.562922
57.100000	0.600000	7.972797	14126.315208
57.100000	0.700000	8.068807	13364.605883
57.100000	0.800000	8.068807	12700.274870
57.100000	0.900000	8.068807	12093.655329
57.100000	1.000000	8.068807	11541.879131
57.200000	0.000000	56.121612	83891.035268
57.200000	0.100000	57.013701	34422.011191
57.200000	0.200000	59.469947	25274.516535
57.200000	0.300000	51.477148	20788.874332
57.200000	0.400000	51.477148	18279.481995
57.200000	0.500000	51.469147	16452.486838
57.200000	0.600000	51.469147	15025.738646
57.200000	0.700000	51.469147	13845.860290
57.200000	0.800000	51.469147	12853.318115
57.200000	0.900000	51.469147	12006.322005
57.200000	1.000000	51.469147	11274.694288
57.300000	0.000000	48.672867	86067.066511
57.300000	0.100000	59.909991	31036.069700
57.300000	0.200000	59.909991	23474.367436
57.300000	0.300000	59.909991	19553.931252
57.300000	0.400000	59.909991	16882.419697
57.300000	0.500000	59.909991	14853.616861
57.300000	0.600000	51.557156	13401.221283
57.300000	0.700000	51.557156	12701.062352
57.300000	0.800000	51.557156	12020.785992
57.300000	0.900000	51.557156	11386.064721
57.300000	1.000000	52.029203	10808.162229
57.400000	0.000000	24.362436	80488.300530
57.400000	0.100000	48.292829	32616.475869
57.400000	0.200000	48.736874	23180.700299
57.400000	0.300000	50.593059	18513.498886
57.400000	0.400000	50.593059	15955.060247
57.400000	0.500000	33.303330	14420.959100
57.400000	0.600000	33.303330	13376.090238
57.400000	0.700000	33.303330	12512.260781
57.400000	0.800000	33.311331	11837.190337
57.400000	0.900000	33.311331	11244.726344
57.400000	1.000000	33.311331	10719.460107
57.500000	0.000000	0.276028	79069.854114
57.500000	0.100000	0.484048	33783.454058
57.500000	0.200000	0.588059	23823.743048
57.500000	0.300000	29.602960	19476.246975
57.500000	0.400000	29.602960	16921.064650
57.500000	0.500000	57.941794	15281.367917
57.500000	0.600000	57.941794	14045.292598
57.500000	0.700000	57.941794	13001.788212
57.500000	0.800000	57.941794	12117.778017
57.500000	0.900000	57.941794	11363.312790
57.500000	1.000000	33.303330	10830.359012
57.600000	0.000000	56.129613	64125.599633
57.600000	0.100000	53.317332	26614.495206
57.600000	0.200000	56.337634	21908.436894
57.600000	0.300000	56.337634	18789.505181
57.600000	0.400000	36.287629	16645.978906
57.600000	0.500000	36.331633	15118.004319
57.600000	0.600000	36.331633	13861.425689
57.600000	0.700000	36.331633	12795.430678
57.600000	0.800000	36.331633	11887.268200
57.600000	0.900000	36.331633	11109.533064
57.600000	1.000000	59.113911	10475.380818
57.700000	0.000000	3.828383	95825.393509
57.700000	0.100000	56.913691	37044.552495
57.700000	0.200000	58.057806	25671.767157
57.700000	0.300000	58.057806	20195.948965
57.700000	0.400000	58.057806	16972.877081
57.700000	0.500000	58.101810	14888.686699
57.700000	0.600000	59.105911	13465.194720
57.700000	0.700000	59.149915	12551.319486
57.700000	0.800000	59.149915	11849.393170
57.700000	0.900000	22.614261	11272.221902
57.700000	1.000000	22.614261	10764.013015
57.800000	0.000000	29.962996	72257.838612
57.800000	0.100000	14.385439	28527.048143
57.800000	0.200000	14.393439	22293.663724
57.800000	0.300000	14.393439	19340.112253
57.800000	0.400000	14.609461	17444.323374
57.800000	0.500000	14.609461	15894.791365
57.800000	0.600000	14.609461	14573.934107
57.800000	0.700000	31.463146	13564.942974
57.800000	0.800000	31.463146	12743.369101
57.800000	0.900000	31.463146	11993.756296
57.800000	1.000000	31.575158	11346.399732
57.900000	0.000000	36.043604	68965.562380
57.900000	0.100000	27.870787	28562.530090
57.900000	0.200000	31.463146	24462.089564
57.900000	0.300000	31.455146	21296.573577
57.900000	0.400000	31.455146	18869.067587
57.900000	0.500000	31.455146	16926.081508
57.900000	0.600000	31.559156	15410.211065
57.900000	0.700000	31.559156	14171.483076
57.900000	0.800000	32.095210	13245.557438
57.900000	0.900000	32.095210	12498.764417
57.900000	1.000000	32.095210	11846.434651
58.000000	0.000000	1.924192	93806.931280
58.000000	0.100000	11.993199	32195.541680
58.000000	0.200000	32.019202	25911.503997
58.000000	0.300000	32.019202	22198.228030
58.000000	0.400000	32.019202	19259.111111
58.000000	0.500000	32.019202	16968.986017
58.000000	0.600000	32.087209	15360.083503
58.000000	0.700000	32.087209	14148.507946
58.000000	0.800000	32.087209	13153.795105
58.000000	0.900000	32.087209	12322.600583
58.000000	1.000000	32.087209	11617.353045
58.100000	0.000000	58.297830	81811.279526
58.100000	0.100000	10.069007	30276.648922
58.100000	0.200000	34.031403	23382.488111
58.100000	0.300000	34.031403	20230.184490
58.100000	0.400000	34.031403	17963.053644
58.100000	0.500000	34.091409	16235.881341
58.100000	0.600000	34.195420	14923.502011
58.100000	0.700000	34.195420	13920.983224
58.100000	0.800000	34.195420	13065.137391
58.100000	0.900000	34.195420	12321.583117
58.100000	1.000000	34.323432	11731.898423
58.200000	0.000000	16.229623	72176.857044
58.200000	0.100000	16.109611	28935.212377
58.200000	0.200000	18.781878	21028.860797
58.200000	0.300000	40.312031	17650.406012
58.200000	0.400000	34.127413	16238.087704
58.200000	0.500000	34.127413	15211.874040
58.200000	0.600000	34.127413	14287.237976
58.200000	0.700000	34.127413	13451.865642
58.200000	0.800000	34.127413	12695.873813
58.200000	0.900000	34.127413	12010.642477
58.200000	1.000000	34.127413	11388.559552
58.300000	0.000000	12.881288	74427.896481
58.300000	0.100000	13.945395	28119.621657
58.300000	0.200000	39.791979	21799.167058
58.300000	0.300000	39.799980	18774.398544
58.300000	0.400000	39.799980	16635.119416
58.300000	0.500000	39.799980	15022.416193
58.300000	0.600000	39.799980	13759.877775
58.300000	0.700000	39.799980	12741.091804
58.300000	0.800000	39.799980	11899.274269
58.300000	0.900000	33.323332	11265.553629
58.300000	1.000000	33.323332	10751.048828
58.400000	0.000000	15.133513	74395.852190
58.400000	0.100000	13.949395	29212.513269
58.400000	0.200000	13.905391	20714.515977
58.400000	0.300000	8.780878	17104.023341
58.400000	0.400000	39.263926	15654.142566
58.400000	0.500000	39.263926	14689.660319
58.400000	0.600000	39.263926	13797.311320
58.400000	0.700000	39.263926	12971.230609
58.400000	0.800000	39.263926	12210.820189
58.400000	0.900000	39.775978	11608.694093
58.400000	1.000000	39.775978	11072.650384
58.500000	0.000000	20.898090	88132.857484
58.500000	0.100000	50.821082	33711.476308
58.500000	0.200000	50.821082	25748.284755
58.500000	0.300000	39.247925	21190.738185
58.500000	0.400000	39.247925	19376.261727
58.500000	0.500000	39.247925	17797.841405
58.500000	0.600000	39.247925	16405.350944
58.500000	0.700000	39.247925	15185.011681
58.500000	0.800000	39.247925	14117.994781
58.500000	0.900000	39.247925	13182.910311
58.500000	1.000000	39.247925	12359.584484
58.600000	0.000000	1.032103	77937.476565
58.600000	0.100000	39.267927	28837.585983
58.600000	0.200000	39.147915	24701.836310
58.600000	0.300000	39.155916	22039.259057
58.600000	0.400000	39.283928	19845.968083
58.600000	0.500000	39.283928	18164.106955
58.600000	0.600000	39.283928	16780.528809
58.600000	0.700000	39.283928	15618.383624
58.600000	0.800000	39.283928	14623.221164
58.600000	0.900000	39.283928	13758.028383
58.600000	1.000000	39.283928	12997.132903
58.700000	0.000000	55.173517	65214.631168
58.700000	0.100000	26.570657	27679.082896
58.700000	0.200000	26.570657	20830.897069
58.700000	0.300000	26.578658	17257.154883
58.700000	0.400000	39.275928	15781.055485
58.700000	0.500000	39.275928	15177.766095
58.700000	0.600000	39.275928	14545.161633
58.700000	0.700000	39.275928	13912.629583
58.700000	0.800000	39.275928	13299.490220
58.700000	0.900000	39.275928	12716.341272
58.700000	1.000000	39.275928	12168.067606
58.800000	0.000000	0.376038	70981.205878
58.800000	0.100000	39.931993	28935.690808
58.800000	0.200000	39.939994	20932.650074
58.800000	0.300000	38.919892	17243.098225
58.800000	0.400000	38.919892	15176.985544
58.800000	0.500000	38.919892	13756.735810
58.800000	0.600000	39.131913	12761.897279
58.800000	0.700000	12.469247	12012.155571
58.800000	0.800000	12.469247	11394.282821
58.800000	0.900000	39.275928	10926.250122
58.800000	1.000000	39.275928	10548.997464
58.900000	0.000000	54.317432	80468.263450
58.900000	0.100000	55.489549	26799.897136
58.900000	0.200000	58.161816	19150.762338
58.900000	0.300000	58.161816	16363.416853
58.900000	0.400000	58.161816	14627.096645
58.900000	0.500000	58.153815	13348.586210
58.900000	0.600000	58.153815	12307.324482
58.900000	0.700000	58.153815	11413.366165
58.900000	0.800000	57.969797	10794.065538
58.900000	0.900000	57.961796	10418.184899
58.900000	1.000000	57.961796	10107.997141
59.000000	0.000000	27.494749	69801.633015
59.000000	0.100000	55.613561	28214.909556
59.000000	0.200000	55.681568	23369.475252
59.000000	0.300000	57.969797	20040.393186
59.000000	0.400000	57.961796	17966.830190
59.000000	0.500000	57.961796	16389.557467
59.000000	0.600000	57.961796	15097.498836
59.000000	0.700000	57.961796	14021.805476
59.000000	0.800000	57.953795	13158.079457
59.000000	0.900000	57.953795	12418.997280
59.000000	1.000000	57.953795	11773.269632
59.100000	0.000000	25.606561	73395.265182
59.100000	0.100000	24.694469	29671.569528
59.100000	0.200000	57.853785	22104.564663
59.100000	0.300000	57.853785	19785.370797
59.100000	0.400000	57.861786	18180.703367
59.100000	0.500000	57.861786	16802.054412
59.100000	0.600000	57.861786	15599.008315
59.100000	0.700000	57.861786	14549.415363
59.100000	0.800000	57.861786	13630.827327
59.100000	0.900000	57.861786	12822.416141
59.100000	1.000000	57.869787	12108.497825
59.200000	0.000000	25.514551	69206.409768
59.200000	0.100000	40.344034	28474.718735
59.200000	0.200000	40.352035	22226.777551
59.200000	0.300000	40.352035	18639.589137
59.200000	0.400000	57.769777	16588.116404
59.200000	0.500000	57.853785	15591.616724
59.200000	0.600000	57.853785	14762.364177
59.200000	0.700000	57.853785	13985.314782
59.200000	0.800000	57.853785	13267.597133
59.200000	0.900000	57.853785	12607.251048
59.200000	1.000000	57.853785	11999.960520
59.300000	0.000000	33.255326	79654.769127
59.300000	0.100000	33.743374	34374.809363
59.300000	0.200000	38.415842	24268.837695
59.300000	0.300000	38.415842	19628.278429
59.300000	0.400000	38.415842	16414.806968
59.300000	0.500000	57.737774	14667.673396
59.300000	0.600000	57.737774	13710.228558
59.300000	0.700000	57.737774	12845.444887
59.300000	0.800000	57.761776	12063.011843
59.300000	0.900000	57.761776	11423.225987
59.300000	1.000000	58.065807	10863.609141
59.400000	0.000000	8.924892	81519.059066
59.400000	0.100000	9.008901	34213.540974
59.400000	0.200000	9.968997	23002.511787
59.400000	0.300000	9.968997	18222.639660
59.400000	0.400000	9.968997	15676.772121
59.400000	0.500000	9.816982	14115.137087
59.400000	0.600000	9.816982	13016.215052
59.400000	0.700000	10.281028	12249.901242
59.400000	0.800000	10.281028	11611.601838
59.400000	0.900000	10.281028	11049.036689
59.400000	1.000000	10.281028	10542.837215
59.500000	0.000000	14.901490	73542.514079
59.500000	0.100000	29.806981	29563.001930
59.500000	0.200000	29.806981	20959.269741
59.500000	0.300000	10.265027	17405.883089
59.500000	0.400000	10.265027	15832.701650
59.500000	0.500000	10.265027	14635.666106
59.500000	0.600000	10.265027	13633.748693
59.500000	0.700000	10.265027	12763.216209
59.500000	0.800000	10.265027	11995.585060
59.500000	0.900000	10.265027	11313.750662
59.500000	1.000000	10.265027	10704.972978
59.600000	0.000000	10.285029	82691.581384
59.600000	0.100000	33.783378	34208.595943
59.600000	0.200000	34.043404	25060.718791
59.600000	0.300000	34.043404	20290.227019
59.600000	0.400000	34.043404	17223.884615
59.600000	0.500000	10.553055	15104.375057
59.600000	0.600000	10.553055	13976.687386
59.600000	0.700000	10.553055	13038.201455
59.600000	0.800000	10.553055	12238.239532
59.600000	0.900000	10.553055	11544.054350
59.600000	1.000000	10.553055	10933.289820
59.700000	0.000000	8.172817	66268.514730
59.700000	0.100000	29.374937	27223.958048
59.700000	0.200000	33.795380	23078.405604
59.700000	0.300000	33.795380	19588.933484
59.700000	0.400000	47.404740	17282.488008
59.700000	0.500000	47.404740	15454.396266
59.700000	0.600000	47.396740	13959.204277
59.700000	0.700000	36.467647	13005.447164
59.700000	0.800000	36.467647	12315.127493
59.700000	0.900000	36.467647	11689.963536
59.700000	1.000000	36.467647	11124.401122
59.800000	0.000000	47.108711	71496.186677
59.800000	0.100000	47.056706	32094.506461
59.800000	0.200000	47.056706	23849.214274
59.800000	0.300000	48.536854	19613.853169
59.800000	0.400000	48.536854	17320.659515
59.800000	0.500000	48.536854	15637.454513
59.800000	0.600000	48.536854	14329.166218
59.800000	0.700000	48.536854	13272.027918
59.800000	0.800000	48.536854	12393.161228
59.800000	0.900000	48.536854	11646.283129
59.800000	1.000000	48.536854	11000.477865
59.900000	0.000000	20.638064	77960.162206
59.900000	0.100000	24.310431	36690.406003
59.900000	0.200000	24.418442	25282.175625
59.900000	0.300000	24.426443	19771.187981
59.900000	0.400000	28.634863	16674.022634
59.900000	0.500000	48.596860	15037.196502
59.900000	0.600000	48.596860	14004.626324
59.900000	0.700000	48.596860	13124.090003
59.900000	0.800000	48.596860	12351.826769
59.900000	0.900000	48.596860	11665.426609
59.900000	1.000000	48.680868	11053.758450
60.000000	0.000000	21.630163	80329.318475
60.000000	0.100000	27.178718	30095.205108
60.000000	0.200000	27.302730	21921.554030
60.000000	0.300000	27.302730	18622.870781
60.000000	0.400000	27.310731	16372.498237
60.000000	0.500000	27.310731	14711.565085
60.000000	0.600000	48.664866	13363.186759
60.000000	0.700000	48.664866	12483.973232
60.000000	0.800000	48.664866	11756.409715
60.000000	0.900000	48.664866	11135.545362
60.000000	1.000000	48.664866	10594.105959
60.100000	0.000000	53.645365	62546.301909
60.100000	0.100000	54.317432	29174.212784
60.100000	0.200000	30.167017	21891.055692
60.100000	0.300000	30.167017	18305.580164
60.100000	0.400000	30.175018	15950.006522
60.100000	0.500000	30.175018	14287.866007
60.100000	0.600000	30.175018	13010.370651
60.100000	0.700000	30.183018	12006.260274
60.100000	0.800000	30.183018	11174.023820
60.100000	0.900000	30.183018	10465.039065
60.100000	1.000000	36.763676	9876.918394
60.200000	0.000000	34.559456	85572.548652
60.200000	0.100000	36.311631	30023.327427
60.200000	0.200000	52.045205	22952.761810
60.200000	0.300000	52.045205	18797.092816
60.200000	0.400000	52.045205	15829.177650
60.200000	0.500000	36.763676	13838.253116
60.200000	0.600000	36.763676	13172.970044
60.200000	0.700000	36.763676	12531.864874
60.200000	0.800000	36.763676	11943.600581
60.200000	0.900000	36.763676	11414.123112
60.200000	1.000000	36.763676	10940.250358
60.300000	0.000000	49.040904	67758.240174
60.300000	0.100000	46.968697	31566.932402
60.300000	0.200000	46.968697	21802.243702
60.300000	0.300000	53.145315	18171.581810
60.300000	0.400000	36.739674	16502.517802
60.300000	0.500000	36.739674	15176.403172
60.300000	0.600000	36.739674	14087.027876
60.300000	0.700000	36.739674	13176.953913
60.300000	0.800000	36.747675	12405.053432
60.300000	0.900000	36.747675	11758.354034
60.300000	1.000000	36.747675	11191.364971
60.400000	0.000000	2.088209	76457.085236
60.400000	0.100000	10.497050	30103.612249
60.400000	0.200000	58.917892	22364.784614
60.400000	0.300000	58.917892	18947.942228
60.400000	0.400000	58.917892	16522.557582
60.400000	0.500000	58.917892	14640.156360
60.400000	0.600000	58.917892	13130.595441
60.400000	0.700000	36.799680	12348.890512
60.400000	0.800000	36.799680	11714.836462
60.400000	0.900000	29.442944	11176.668300
60.400000	1.000000	29.442944	10728.958124
60.500000	0.000000	34.371437	65119.467380
60.500000	0.100000	1.004100	24126.792790
60.500000	0.200000	1.624162	19259.352278
60.500000	0.300000	1.640164	16661.379304
60.500000	0.400000	53.065307	15184.428683
60.500000	0.500000	3.864386	14132.305682
60.500000	0.600000	3.864386	13162.903383
60.500000	0.700000	53.065307	12388.101349
60.500000	0.800000	4.740474	11984.611645
60.500000	0.900000	4.740474	11596.226912
60.500000	1.000000	4.740474	11221.169536
60.600000	0.000000	0.228023	85240.618082
60.600000	0.100000	4.436444	34959.908314
60.600000	0.200000	4.740474	24952.219099
60.600000	0.300000	4.740474	21064.854295
60.600000	0.400000	4.740474	18600.374532
60.600000	0.500000	4.740474	16838.519612
60.600000	0.600000	4.740474	15495.884662
60.600000	0.700000	4.740474	14429.002152
60.600000	0.800000	4.740474	13554.611485
60.600000	0.900000	4.740474	12820.082654
60.600000	1.000000	4.740474	12190.255120
60.700000	0.000000	1.020102	78211.479562
60.700000	0.100000	1.332133	30953.312029
60.700000	0.200000	29.322932	25016.960140
60.700000	0.300000	29.470947	21209.470630
60.700000	0.400000	29.486949	18622.724428
60.700000	0.500000	29.494949	16725.993585
60.700000	0.600000	29.494949	15265.877244
60.700000	0.700000	29.494949	14092.106130
60.700000	0.800000	29.494949	13130.902152
60.700000	0.900000	29.494949	12328.916890
60.700000	1.000000	29.494949	11647.788682
60.800000	0.000000	55.241524	84125.382791
60.800000	0.100000	12.157216	31059.134427
60.800000	0.200000	46.896690	23832.464019
60.800000	0.300000	47.028703	20772.545484
60.800000	0.400000	47.340734	18494.839574
60.800000	0.500000	47.340734	16803.931039
60.800000	0.600000	47.340734	15438.218725
60.800000	0.700000	47.340734	14311.766306
60.800000	0.800000	47.340734	13362.861100
60.800000	0.900000	47.340734	12548.990783
60.800000	1.000000	47.340734	11840.639852
60.900000	0.000000	19.053905	79798.354539
60.900000	0.100000	19.069907	37152.672372
60.900000	0.200000	19.185919	24509.417789
60.900000	0.300000	19.185919	18993.929684
60.900000	0.400000	4.768477	17027.525116
60.900000	0.500000	4.768477	15764.703099
60.900000	0.600000	4.768477	14712.402863
60.900000	0.700000	4.768477	13804.920340
60.900000	0.800000	4.768477	13007.427981
60.900000	0.900000	4.768477	12298.086519
60.900000	1.000000	4.768477	11661.587030
61.000000	0.000000	59.793979	57772.161555
61.000000	0.100000	4.752475	26488.387359
61.000000	0.200000	4.752475	20978.062178
61.000000	0.300000	4.752475	18262.940895
61.000000	0.400000	4.752475	16483.417051
61.000000	0.500000	4.752475	15092.943378
61.000000	0.600000	5.040504	13983.767199
61.000000	0.700000	5.040504	13126.160511
61.000000	0.800000	5.040504	12369.827801
61.000000	0.900000	5.040504	11696.735402
61.000000	1.000000	5.040504	11093.611861
61.100000	0.000000	25.402540	64418.898065
61.100000	0.100000	5.024502	27826.672916
61.100000	0.200000	5.008501	21280.722605
61.100000	0.300000	5.008501	18049.163550
61.100000	0.400000	5.148515	16210.595317
61.100000	0.500000	5.148515	15015.115306
61.100000	0.600000	5.148515	14052.458325
61.100000	0.700000	5.148515	13224.829646
61.100000	0.800000	5.148515	12489.955452
61.100000	0.900000	5.148515	11827.761957
61.100000	1.000000	5.148515	11227.196662
61.200000	0.000000	3.076308	68615.266017
61.200000	0.100000	3.116312	28388.640300
61.200000	0.200000	5.132513	21122.037457
61.200000	0.300000	5.132513	18346.849817
61.200000	0.400000	5.132513	16376.253106
61.200000	0.500000	5.132513	14845.620705
61.200000	0.600000	5.132513	13600.228388
61.200000	0.700000	5.148515	12566.094282
61.200000	0.800000	5.148515	11735.198423
61.200000	0.900000	5.148515	11027.267620
61.200000	1.000000	5.148515	10417.532293
61.300000	0.000000	25.810581	60282.997742
61.300000	0.100000	38.767877	28583.887513
61.300000	0.200000	5.740574	22441.231618
61.300000	0.300000	5.740574	19249.022430
61.300000	0.400000	5.740574	16922.892775
61.300000	0.500000	5.740574	15150.810230
61.300000	0.600000	5.740574	13744.642601
61.300000	0.700000	5.740574	12594.957476
61.300000	0.800000	5.740574	11634.475228
61.300000	0.900000	5.740574	10818.858774
61.300000	1.000000	5.740574	10117.135655
61.400000	0.000000	49.680968	72826.275343
61.400000	0.100000	17.553755	37520.507854
61.400000	0.200000	17.553755	28261.252998
61.400000	0.300000	17.553755	22760.809043
61.400000	0.400000	17.553755	19186.798530
61.400000	0.500000	17.553755	16680.674539
61.400000	0.600000	17.545755	14827.586767
61.400000	0.700000	17.545755	13403.029644
61.400000	0.800000	17.545755	12263.122657
61.400000	0.900000	17.545755	11328.722261
61.400000	1.000000	17.545755	10548.023020
61.500000	0.000000	0.488049	83279.874960
61.500000	0.100000	21.530153	29543.971151
61.500000	0.200000	15.801580	23048.272693
61.500000	0.300000	15.801580	19450.461213
61.500000	0.400000	17.393739	17150.390747
61.500000	0.500000	17.393739	15662.549184
61.500000	0.600000	17.457746	14464.990315
61.500000	0.700000	17.457746	13404.991792
61.500000	0.800000	17.457746	12468.177541
61.500000	0.900000	17.457746	11644.037550
61.500000	1.000000	17.457746	10919.588506
61.600000	0.000000	46.816682	89861.674112
61.600000	0.100000	56.093609	34051.795156
61.600000	0.200000	56.101610	23406.639199
61.600000	0.300000	56.101610	18740.275760
61.600000	0.400000	16.997700	16507.302702
61.600000	0.500000	16.997700	15160.676013
61.600000	0.600000	16.997700	13992.353610
61.600000	0.700000	16.997700	12968.880473
61.600000	0.800000	16.997700	12065.896041
61.600000	0.900000	16.997700	11265.468640
61.600000	1.000000	17.337734	10662.325448
61.700000	0.000000	59.937994	73031.951322
61.700000	0.100000	51.193119	23367.772308
61.700000	0.200000	53.421342	18590.627414
61.700000	0.300000	17.185719	16419.484335
61.700000	0.400000	17.185719	15282.543036
61.700000	0.500000	17.185719	14417.355268
61.700000	0.600000	17.185719	13692.552563
61.700000	0.700000	17.185719	13055.950002
61.700000	0.800000	17.185719	12484.020657
61.700000	0.900000	17.185719	11964.275250
61.700000	1.000000	17.185719	11488.947412
61.800000	0.000000	23.774377	77900.559302
61.800000	0.100000	25.230523	28266.114831
61.800000	0.200000	31.347135	19222.365617
61.800000	0.300000	51.193119	16753.950301
61.800000	0.400000	1.028103	15257.187338
61.800000	0.500000	1.028103	14246.106445
61.800000	0.600000	1.028103	13343.980814
61.800000	0.700000	17.185719	12692.931467
61.800000	0.800000	17.185719	12254.941525
61.800000	0.900000	17.185719	11834.253204
61.800000	1.000000	17.185719	11434.112191
61.900000	0.000000	20.326033	85052.850549
61.900000	0.100000	26.390639	31117.348418
61.900000	0.200000	26.390639	21820.575435
61.900000	0.300000	16.557656	17325.619931
61.900000	0.400000	51.193119	15622.719247
61.900000	0.500000	1.248125	14744.074333
61.900000	0.600000	1.248125	14011.006368
61.900000	0.700000	1.248125	13361.799761
61.900000	0.800000	1.248125	12770.440240
61.900000	0.900000	1.248125	12224.243452
61.900000	1.000000	1.248125	11716.253823
62.000000	0.000000	29.106911	68619.261273
62.000000	0.100000	40.832083	29376.009276
62.000000	0.200000	40.832083	21129.697532
62.000000	0.300000	49.928993	18068.625263
62.000000	0.400000	51.317132	16322.454713
62.000000	0.500000	1.248125	14915.103814
62.000000	0.600000	1.248125	14173.969645
62.000000	0.700000	1.248125	13516.774031
62.000000	0.800000	1.248125	12917.447854
62.000000	0.900000	1.248125	12364.189277
62.000000	1.000000	1.248125	11850.367291
62.100000	0.000000	28.058806	107628.783864
62.100000	0.100000	35.167517	38309.125524
62.100000	0.200000	35.175518	27056.456701
62.100000	0.300000	35.175518	21605.108621
62.100000	0.400000	35.731573	18150.421127
62.100000	0.500000	35.731573	15998.738020
62.100000	0.600000	35.731573	14378.788392
62.100000	0.700000	35.731573	13102.969559
62.100000	0.800000	35.731573	12064.638908
62.100000	0.900000	1.200120	11412.997819
62.100000	1.000000	1.200120	10935.072033
62.200000	0.000000	27.582758	86198.253009
62.200000	0.100000	29.334933	33539.326420
62.200000	0.200000	29.094909	23140.665348
62.200000	0.300000	29.582958	18441.993149
62.200000	0.400000	35.991599	16618.469078
62.200000	0.500000	35.991599	15596.696006
62.200000	0.600000	36.007601	14709.203440
62.200000	0.700000	36.007601	13911.876169
62.200000	0.800000	36.007601	13190.099766
62.200000	0.900000	36.007601	12537.771660
62.200000	1.000000	36.007601	11948.224736
62.300000	0.000000	34.659466	75554.693803
62.300000	0.100000	43.548355	28697.190186
62.300000	0.200000	43.548355	22644.001648
62.300000	0.300000	43.548355	19338.040329
62.300000	0.400000	36.007601	17610.199414
62.300000	0.500000	36.007601	16486.541519
62.300000	0.600000	36.007601	15534.583008
62.300000	0.700000	36.007601	14695.994610
62.300000	0.800000	36.007601	13943.346614
62.300000	0.900000	36.007601	13261.134055
62.300000	1.000000	36.007601	12639.212706
62.400000	0.000000	39.063906	70676.595775
62.400000	0.100000	35.487549	28475.949569
62.400000	0.200000	35.487549	21087.513596
62.400000	0.300000	36.007601	18077.310034
62.400000	0.400000	36.007601	16403.808390
62.400000	0.500000	36.007601	15228.390536
62.400000	0.600000	36.007601	14309.951013
62.400000	0.700000	36.007601	13543.779711
62.400000	0.800000	36.007601	12879.656764
62.400000	0.900000	36.007601	12290.616164
62.400000	1.000000	36.007601	11760.478138
62.500000	0.000000	52.385239	74152.833128
62.500000	0.100000	57.193719	33135.342730
62.500000	0.200000	57.345735	23705.047402
62.500000	0.300000	57.345735	19057.350354
62.500000	0.400000	57.345735	16115.832325
62.500000	0.500000	58.001800	14103.176579
62.500000	0.600000	58.001800	12690.182840
62.500000	0.700000	58.001800	11616.021022
62.500000	0.800000	7.228723	10900.088881
62.500000	0.900000	7.228723	10375.010183
62.500000	1.000000	7.228723	9884.427134
62.600000	0.000000	0.672067	72690.664133
62.600000	0.100000	0.856086	29876.087986
62.600000	0.200000	51.025103	20524.540779
62.600000	0.300000	7.116712	16715.463527
62.600000	0.400000	7.116712	15129.571512
62.600000	0.500000	7.116712	13882.233758
62.600000	0.600000	7.116712	12859.048856
62.600000	0.700000	7.116712	11994.790046
62.600000	0.800000	7.116712	11250.071003
62.600000	0.900000	7.116712	10599.206045
62.600000	1.000000	7.116712	10024.210720
62.700000	0.000000	29.406941	78900.727881
62.700000	0.100000	42.460246	33523.961262
62.700000	0.200000	42.460246	22847.332936
62.700000	0.300000	44.080408	18585.057178
62.700000	0.400000	44.080408	16167.687533
62.700000	0.500000	44.080408	14437.044245
62.700000	0.600000	44.080408	13123.060575
62.700000	0.700000	44.080408	12090.363489
62.700000	0.800000	44.080408	11255.942032
62.700000	0.900000	44.080408	10564.811407
62.700000	1.000000	44.080408	9979.494074
62.800000	0.000000	59.353935	70271.161623
62.800000	0.100000	48.784878	31100.299397
62.800000	0.200000	48.784878	23869.831706
62.800000	0.300000	48.784878	19957.440668
62.800000	0.400000	48.784878	17493.675712
62.800000	0.500000	48.784878	15726.074408
62.800000	0.600000	48.784878	14353.158116
62.800000	0.700000	48.784878	13238.102537
62.800000	0.800000	48.784878	12308.106237
62.800000	0.900000	48.784878	11518.442252
62.800000	1.000000	48.784878	10838.701229
62.900000	0.000000	18.117812	89170.734997
62.900000	0.100000	36.935694	27458.926945
62.900000	0.200000	2.520252	21051.013919
62.900000	0.300000	2.520252	18534.845443
62.900000	0.400000	2.520252	16508.460606
62.900000	0.500000	2.520252	14917.983549
62.900000	0.600000	2.520252	13642.659335
62.900000	0.700000	2.520252	12594.217826
62.900000	0.800000	2.520252	11713.764789
62.900000	0.900000	2.520252	10961.558639
62.900000	1.000000	2.520252	10309.883642
63.000000	0.000000	56.909691	61603.499221
63.000000	0.100000	12.565257	26458.318228
63.000000	0.200000	2.784278	20282.337432
63.000000	0.300000	2.784278	17676.164910
63.000000	0.400000	2.784278	15848.250790
63.000000	0.500000	2.784278	14419.789954
63.000000	0.600000	2.784278	13252.824608
63.000000	0.700000	2.784278	12278.015696
63.000000	0.800000	50.433043	11571.024844
63.000000	0.900000	50.433043	11024.811791
63.000000	1.000000	50.433043	10527.152677
63.100000	0.000000	33.499350	80887.974198
63.100000	0.100000	7.480748	30473.243525
63.100000	0.200000	7.916792	22358.335617
63.100000	0.300000	8.012801	17679.373186
63.100000	0.400000	11.877188	15217.958177
63.100000	0.500000	13.313331	13858.090111
63.100000	0.600000	13.313331	12918.092054
63.100000	0.700000	13.353335	12125.840590
63.100000	0.800000	13.353335	11505.565385
63.100000	0.900000	13.353335	10956.180341
63.100000	1.000000	13.353335	10464.741802
63.200000	0.000000	31.623162	79415.953671
63.200000	0.100000	24.414441	30238.333911
63.200000	0.200000	27.278728	22310.240343
63.200000	0.300000	27.278728	18011.430850
63.200000	0.400000	13.353335	16287.496709
63.200000	0.500000	13.353335	15047.585344
63.200000	0.600000	13.409341	14077.599714
63.200000	0.700000	13.409341	13250.585897
63.200000	0.800000	13.409341	12523.759061
63.200000	0.900000	13.409341	11878.392170
63.200000	1.000000	13.409341	11301.513440
63.300000	0.000000	2.652265	68372.963851
63.300000	0.100000	2.652265	32901.525470
63.300000	0.200000	2.652265	22697.916404
63.300000	0.300000	2.652265	17854.551877
63.300000	0.400000	13.165317	16478.166904
63.300000	0.500000	13.165317	15307.908806
63.300000	0.600000	13.165317	14234.602745
63.300000	0.700000	13.165317	13259.522959
63.300000	0.800000	13.165317	12382.474192
63.300000	0.900000	13.165317	11598.653814
63.300000	1.000000	13.409341	10979.551876
63.400000	0.000000	51.377138	70196.709748
63.400000	0.100000	51.913191	30818.261356
63.400000	0.200000	7.120712	22618.393101
63.400000	0.300000	7.120712	18148.853571
63.400000	0.400000	13.285329	15671.448534
63.400000	0.500000	13.253325	13972.584087
63.400000	0.600000	13.253325	12685.165255
63.400000	0.700000	10.281028	11723.965062
63.400000	0.800000	10.281028	10976.479064
63.400000	0.900000	10.313031	10371.516728
63.400000	1.000000	10.313031	9854.801199
63.500000	0.000000	27.854785	83976.829361
63.500000	0.100000	6.076608	33992.984124
63.500000	0.200000	6.044604	24060.653254
63.500000	0.300000	6.044604	19064.244613
63.500000	0.400000	14.589459	16656.106440
63.500000	0.500000	14.589459	14947.883900
63.500000	0.600000	14.589459	13647.682800
63.500000	0.700000	14.589459	12625.157813
63.500000	0.800000	14.589459	11798.182676
63.500000	0.900000	14.589459	11113.565954
63.500000	1.000000	14.589459	10535.686282
63.600000	0.000000	42.716272	80781.394460
63.600000	0.100000	55.765577	28839.090734
63.600000	0.200000	55.929593	19541.619278
63.600000	0.300000	28.766877	16606.415836
63.600000	0.400000	28.814881	15208.974891
63.600000	0.500000	28.814881	14166.220726
63.600000	0.600000	28.814881	13238.397147
63.600000	0.700000	28.838884	12466.530284
63.600000	0.800000	28.838884	11807.859706
63.600000	0.900000	28.838884	11217.697334
63.600000	1.000000	28.838884	10688.379649
63.700000	0.000000	36.187619	78159.018729
63.700000	0.100000	7.104710	30552.476555
63.700000	0.200000	7.104710	23763.424456
63.700000	0.300000	7.104710	19362.666760
63.700000	0.400000	28.846885	17117.832001
63.700000	0.500000	9.828983	15557.126840
63.700000	0.600000	9.828983	14285.661030
63.700000	0.700000	9.828983	13233.809375
63.700000	0.800000	28.846885	12353.242468
63.700000	0.900000	28.846885	11621.171003
63.700000	1.000000	28.846885	10992.291901
63.800000	0.000000	4.548455	77038.981025
63.800000	0.100000	16.649665	30295.607965
63.800000	0.200000	16.649665	22584.258177
63.800000	0.300000	16.649665	18465.424307
63.800000	0.400000	16.649665	15678.867859
63.800000	0.500000	9.884988	14164.494837
63.800000	0.600000	9.884988	13378.339659
63.800000	0.700000	9.884988	12657.779415
63.800000	0.800000	9.884988	11997.931685
63.800000	0.900000	9.884988	11395.575686
63.800000	1.000000	9.884988	10847.178527
63.900000	0.000000	5.192519	75769.293936
63.900000	0.100000	49.292929	31186.363095
63.900000	0.200000	49.300930	24892.565685
63.900000	0.300000	49.300930	20857.519618
63.900000	0.400000	49.300930	18091.069150
63.900000	0.500000	49.300930	16043.592020
63.900000	0.600000	49.300930	14448.551431
63.900000	0.700000	49.300930	13165.165848
63.900000	0.800000	49.300930	12109.476094
63.900000	0.900000	10.521052	11528.240510
63.900000	1.000000	10.521052	11086.382125
64.000000	0.000000	55.685569	85944.326513
64.000000	0.100000	55.709571	31497.588591
64.000000	0.200000	36.231623	21771.158151
64.000000	0.300000	42.032203	19116.262033
64.000000	0.400000	42.032203	17024.617607
64.000000	0.500000	42.080208	15249.263078
64.000000	0.600000	42.080208	13872.577761
64.000000	0.700000	42.080208	12744.067947
64.000000	0.800000	42.080208	11814.248334
64.000000	0.900000	10.529053	11058.475981
64.000000	1.000000	10.529053	10643.389630
64.100000	0.000000	14.005401	74294.715913
64.100000	0.100000	35.663566	34222.196912
64.100000	0.200000	35.663566	23910.887149
64.100000	0.300000	35.663566	19239.944498
64.100000	0.400000	35.663566	16572.057920
64.100000	0.500000	37.359736	14866.692419
64.100000	0.600000	37.359736	13704.046533
64.100000	0.700000	37.359736	12792.630490
64.100000	0.800000	37.359736	12068.494277
64.100000	0.900000	37.359736	11483.726321
64.100000	1.000000	37.359736	11002.599134
64.200000	0.000000	27.666767	79344.329053
64.200000	0.100000	28.398840	32919.479920
64.200000	0.200000	28.398840	23037.431426
64.200000	0.300000	31.491149	18592.411190
64.200000	0.400000	31.499150	16045.236098
64.200000	0.500000	31.499150	14317.857426
64.200000	0.600000	31.499150	13071.460084
64.200000	0.700000	31.499150	12123.871970
64.200000	0.800000	49.456946	11436.772193
64.200000	0.900000	49.456946	10962.468295
64.200000	1.000000	49.456946	10540.249138
64.300000	0.000000	55.513551	62416.167351
64.300000	0.100000	34.375438	29113.229627
64.300000	0.200000	34.375438	22172.474422
64.300000	0.300000	34.375438	18240.694548
64.300000	0.400000	34.383438	15716.546953
64.300000	0.500000	49.480948	14003.293246
64.300000	0.600000	49.480948	13200.495851
64.300000	0.700000	49.480948	12516.292485
64.300000	0.800000	49.480948	11916.665180
64.300000	0.900000	49.480948	11382.092515
64.300000	1.000000	49.480948	10900.513759
64.400000	0.000000	59.441944	93361.211076
64.400000	0.100000	31.795180	30354.887160
64.400000	0.200000	31.803180	21691.920877
64.400000	0.300000	49.412941	18260.013139
64.400000	0.400000	49.496950	16235.275145
64.400000	0.500000	49.496950	14772.138054
64.400000	0.600000	49.496950	13618.652089
64.400000	0.700000	49.496950	12685.392640
64.400000	0.800000	49.496950	11913.869866
64.400000	0.900000	49.496950	11263.696674
64.400000	1.000000	49.496950	10706.141958
64.500000	0.000000	1.308131	73045.535066
64.500000	0.100000	8.276828	28126.247576
64.500000	0.200000	31.859186	20637.700827
64.500000	0.300000	31.859186	17283.919441
64.500000	0.400000	37.439744	15914.342756
64.500000	0.500000	37.439744	14804.152562
64.500000	0.600000	37.439744	13851.155834
64.500000	0.700000	37.439744	13035.589851
64.500000	0.800000	37.439744	12335.778636
64.500000	0.900000	37.439744	11731.393576
64.500000	1.000000	37.439744	11205.069478
64.600000	0.000000	29.038904	75971.791141
64.600000	0.100000	5.408541	28818.437844
64.600000	0.200000	12.041204	21557.027575
64.600000	0.300000	12.041204	18285.549525
64.600000	0.400000	12.033203	16078.133786
64.600000	0.500000	12.033203	14479.667058
64.600000	0.600000	12.033203	13231.490433
64.600000	0.700000	37.439744	12217.298821
64.600000	0.800000	37.439744	11644.851757
64.600000	0.900000	37.439744	11145.358220
64.600000	1.000000	37.439744	10702.245624
64.700000	0.000000	2.544254	63289.087972
64.700000	0.100000	4.284428	29798.683225
64.700000	0.200000	4.284428	20855.758425
64.700000	0.300000	4.284428	16041.271927
64.700000	0.400000	12.089209	14052.210452
64.700000	0.500000	12.089209	13052.968904
64.700000	0.600000	12.081208	12253.176620
64.700000	0.700000	12.081208	11592.728525
64.700000	0.800000	12.081208	11022.374594
64.700000	0.900000	12.081208	10518.468187
64.700000	1.000000	12.081208	10065.840625
64.800000	0.000000	51.181118	78152.476618
64.800000	0.100000	0.772077	28218.280551
64.800000	0.200000	0.772077	20722.363740
64.800000	0.300000	36.787679	16945.445042
64.800000	0.400000	36.787679	14902.812279
64.800000	0.500000	36.787679	13422.344290
64.800000	0.600000	36.787679	12303.339702
64.800000	0.700000	36.787679	11425.137134
64.800000	0.800000	36.787679	10713.021577
64.800000	0.900000	12.089209	10130.572038
64.800000	1.000000	12.089209	9801.808756
64.900000	0.000000	18.361836	71551.198537
64.900000	0.100000	18.361836	27543.443651
64.900000	0.200000	20.418042	19106.691222
64.900000	0.300000	27.422742	16374.901632
64.900000	0.400000	27.422742	15296.558238
64.900000	0.500000	27.422742	14261.442807
64.900000	0.600000	27.422742	13300.735009
64.900000	0.700000	27.422742	12434.479492
64.900000	0.800000	27.422742	11666.390342
64.900000	0.900000	27.422742	10990.787363
64.900000	1.000000	27.422742	10397.963793
65.000000	0.000000	12.225223	81646.944032
65.000000	0.100000	11.869187	28491.006879
65.000000	0.200000	23.074307	21536.924945
65.000000	0.300000	23.082308	18786.837725
65.000000	0.400000	23.082308	16629.428837
65.000000	0.500000	23.082308	14917.776782
65.000000	0.600000	23.082308	13542.566426
65.000000	0.700000	23.082308	12418.446680
65.000000	0.800000	23.082308	11483.848961
65.000000	0.900000	27.454745	10776.786969
65.000000	1.000000	27.454745	10276.100351
65.100000	0.000000	58.693869	63690.763735
65.100000	0.100000	43.544354	25207.659758
65.100000	0.200000	22.354235	20417.644535
65.100000	0.300000	22.354235	17541.444573
65.100000	0.400000	22.354235	15436.925314
65.100000	0.500000	23.098310	14204.299434
65.100000	0.600000	23.098310	13218.257989
65.100000	0.700000	23.098310	12360.865740
65.100000	0.800000	23.098310	11607.510078
65.100000	0.900000	23.098310	10942.608850
65.100000	1.000000	24.342434	10370.955019
65.200000	0.000000	58.265827	75349.624039
65.200000	0.100000	17.501750	28708.174872
65.200000	0.200000	17.525753	21268.506932
65.200000	0.300000	22.578258	17158.681622
65.200000	0.400000	23.822382	15282.178616
65.200000	0.500000	23.822382	14049.994645
65.200000	0.600000	24.374437	13142.976408
65.200000	0.700000	24.374437	12449.571351
65.200000	0.800000	24.374437	11855.463608
65.200000	0.900000	24.374437	11340.613755
65.200000	1.000000	24.374437	10889.306383
65.300000	0.000000	19.665967	83304.431751
65.300000	0.100000	30.355036	30053.123851
65.300000	0.200000	39.627963	23441.431236
65.300000	0.300000	39.627963	19327.483544
65.300000	0.400000	39.627963	16525.831190
65.300000	0.500000	39.627963	14530.740390
65.300000	0.600000	3.576358	13236.612011
65.300000	0.700000	3.576358	12253.404355
65.300000	0.800000	23.946395	11453.820940
65.300000	0.900000	23.946395	10812.013368
65.300000	1.000000	23.946395	10237.758161
65.400000	0.000000	44.096410	88269.261581
65.400000	0.100000	58.493849	32768.219494
65.400000	0.200000	16.857686	21689.976340
65.400000	0.300000	16.857686	18151.447849
65.400000	0.400000	16.957696	15769.079347
65.400000	0.500000	30.235024	14340.223234
65.400000	0.600000	30.235024	13383.306645
65.400000	0.700000	30.327033	12536.892295
65.400000	0.800000	30.327033	11843.194937
65.400000	0.900000	30.327033	11233.342634
65.400000	1.000000	30.327033	10693.332631
65.500000	0.000000	14.981498	102266.702757
65.500000	0.100000	15.661566	33360.567249
65.500000	0.200000	35.859586	23359.066804
65.500000	0.300000	35.859586	18707.246694
65.500000	0.400000	29.670967	16712.848247
65.500000	0.500000	29.914991	15502.741851
65.500000	0.600000	29.914991	14400.590868
65.500000	0.700000	29.914991	13375.068785
65.500000	0.800000	29.914991	12445.500777
65.500000	0.900000	30.259026	11786.860185
65.500000	1.000000	30.275028	11226.489388
65.600000	0.000000	4.376438	72247.582734
65.600000	0.100000	23.926393	30537.208618
65.600000	0.200000	29.710971	24014.525250
65.600000	0.300000	29.710971	20366.340676
65.600000	0.400000	30.283028	17857.045591
65.600000	0.500000	30.283028	16268.853607
65.600000	0.600000	30.283028	15060.486952
65.600000	0.700000	30.283028	14097.732990
65.600000	0.800000	30.283028	13297.798760
65.600000	0.900000	30.291029	12615.565681
65.600000	1.000000	30.291029	12031.819469
65.700000	0.000000	5.932593	68443.084687
65.700000	0.100000	58.709871	26810.698232
65.700000	0.200000	35.559556	22442.132512
65.700000	0.300000	35.559556	18864.008152
65.700000	0.400000	58.717872	16214.636747
65.700000	0.500000	30.291029	14957.363445
65.700000	0.600000	30.291029	14330.085462
65.700000	0.700000	30.291029	13721.074161
65.700000	0.800000	30.291029	13144.059265
65.700000	0.900000	30.291029	12604.052008
65.700000	1.000000	30.291029	12101.365500
65.800000	0.000000	1.064106	78194.277422
65.800000	0.100000	4.232423	28474.506868
65.800000	0.200000	4.232423	20552.518387
65.800000	0.300000	6.292629	18731.009235
65.800000	0.400000	6.292629	17328.816677
65.800000	0.500000	6.292629	15924.189653
65.800000	0.600000	6.292629	14630.431441
65.800000	0.700000	6.292629	13480.391650
65.800000	0.800000	6.308631	12524.633661
65.800000	0.900000	6.308631	11686.468555
65.800000	1.000000	30.307031	11185.794958
65.900000	0.000000	54.565457	67142.383603
65.900000	0.100000	26.734673	31082.343235
65.900000	0.200000	26.810681	25240.139894
65.900000	0.300000	26.810681	21619.436001
65.900000	0.400000	6.264626	18985.226981
65.900000	0.500000	6.264626	17299.998306
65.900000	0.600000	6.264626	15830.664274
65.900000	0.700000	6.264626	14553.185942
65.900000	0.800000	6.264626	13442.976411
65.900000	0.900000	6.264626	12476.336998
65.900000	1.000000	6.272627	11647.738199
66.000000	0.000000	12.489249	86624.156760
66.000000	0.100000	25.806581	37245.229658
66.000000	0.200000	25.806581	26229.100839
66.000000	0.300000	26.646665	21139.927751
66.000000	0.400000	27.222722	18100.043432
66.000000	0.500000	27.222722	16011.685590
66.000000	0.600000	6.280628	14586.889961
66.000000	0.700000	6.280628	13578.765074
66.000000	0.800000	6.280628	12692.306279
66.000000	0.900000	6.280628	11911.404445
66.000000	1.000000	27.790779	11274.907217
66.100000	0.000000	25.082508	98334.141043
66.100000	0.100000	20.982098	35102.079789
66.100000	0.200000	20.974097	25665.734658
66.100000	0.300000	21.034103	20995.352050
66.100000	0.400000	21.034103	18112.229931
66.100000	0.500000	21.034103	15954.774061
66.100000	0.600000	22.094209	14579.506134
66.100000	0.700000	22.094209	13560.224634
66.100000	0.800000	30.651065	12753.234998
66.100000	0.900000	30.651065	12317.632956
66.100000	1.000000	30.651065	11899.306705
66.200000	0.000000	8.136814	92502.273865
66.200000	0.100000	19.813981	36166.408289
66.200000	0.200000	30.659066	26628.953210
66.200000	0.300000	30.659066	22271.223347
66.200000	0.400000	30.659066	19417.091683
66.200000	0.500000	30.659066	17439.600541
66.200000	0.600000	30.659066	15997.646390
66.200000	0.700000	30.659066	14895.841380
66.200000	0.800000	30.659066	14017.753213
66.200000	0.900000	30.659066	13292.115318
66.200000	1.000000	30.659066	12674.210820
66.300000	0.000000	9.032903	77983.663382
66.300000	0.100000	28.730873	27846.322936
66.300000	0.200000	28.790879	20891.364157
66.300000	0.300000	44.916492	17193.882101
66.300000	0.400000	45.520552	16150.018858
66.300000	0.500000	45.520552	15336.874619
66.300000	0.600000	45.520552	14607.415992
66.300000	0.700000	45.520552	13942.495320
66.300000	0.800000	45.520552	13329.326264
66.300000	0.900000	45.520552	12760.124944
66.300000	1.000000	45.520552	12229.966822
66.400000	0.000000	10.345035	73203.072678
66.400000	0.100000	11.685169	33202.186133
66.400000	0.200000	15.669567	26157.033829
66.400000	0.300000	15.669567	22081.820036
66.400000	0.400000	45.528553	19762.800744
66.400000	0.500000	45.528553	18093.551218
66.400000	0.600000	45.528553	16690.354752
66.400000	0.700000	45.596560	15533.068891
66.400000	0.800000	45.596560	14599.116299
66.400000	0.900000	45.596560	13797.125967
66.400000	1.000000	45.596560	13101.583792
66.500000	0.000000	51.305131	96370.969142
66.500000	0.100000	50.869087	26791.827065
66.500000	0.200000	45.560556	22702.412621
66.500000	0.300000	45.552555	19986.626717
66.500000	0.400000	45.552555	17993.973727
66.500000	0.500000	15.641564	16707.131401
66.500000	0.600000	15.633563	15764.652108
66.500000	0.700000	15.633563	14889.121343
66.500000	0.800000	15.633563	14082.977267
66.500000	0.900000	15.633563	13346.361781
66.500000	1.000000	15.625563	12678.218131
66.600000	0.000000	26.090609	90483.503787
66.600000	0.100000	30.767077	31175.463110
66.600000	0.200000	30.639064	22565.800610
66.600000	0.300000	30.639064	18654.127911
66.600000	0.400000	15.589559	17017.135605
66.600000	0.500000	15.589559	16013.910258
66.600000	0.600000	15.589559	15105.203106
66.600000	0.700000	15.589559	14282.383945
66.600000	0.800000	15.589559	13533.595459
66.600000	0.900000	15.589559	12849.296824
66.600000	1.000000	15.589559	12222.225057
66.700000	0.000000	53.525353	75182.039161
66.700000	0.100000	35.495550	30699.232462
66.700000	0.200000	35.735574	23661.067365
66.700000	0.300000	35.735574	20070.174681
66.700000	0.400000	35.735574	17718.090289
66.700000	0.500000	35.735574	16027.259804
66.700000	0.600000	35.735574	14726.229377
66.700000	0.700000	35.735574	13676.507673
66.700000	0.800000	35.735574	12802.437324
66.700000	0.900000	35.735574	12059.155138
66.700000	1.000000	35.735574	11417.699594
66.800000	0.000000	2.208221	66355.396870
66.800000	0.100000	26.198620	28860.718228
66.800000	0.200000	26.198620	23090.437797
66.800000	0.300000	26.258626	19332.616368
66.800000	0.400000	26.258626	16820.066794
66.800000	0.500000	26.258626	15004.965731
66.800000	0.600000	26.258626	13625.137728
66.800000	0.700000	35.743574	12699.924602
66.800000	0.800000	35.743574	12022.393275
66.800000	0.900000	35.743574	11426.654032
66.800000	1.000000	35.743574	10899.387539
66.900000	0.000000	55.665567	74164.816538
66.900000	0.100000	14.001400	28024.219073
66.900000	0.200000	14.345435	23244.175952
66.900000	0.300000	14.345435	19733.300389
66.900000	0.400000	14.345435	17294.393520
66.900000	0.500000	14.345435	15516.005032
66.900000	0.600000	14.509451	14355.655093
66.900000	0.700000	14.517452	13445.180237
66.900000	0.800000	14.517452	12673.235233
66.900000	0.900000	14.517452	11996.484492
66.900000	1.000000	14.517452	11392.927025
67.000000	0.000000	23.802380	73553.120895
67.000000	0.100000	57.633763	27282.025957
67.000000	0.200000	35.235524	19748.154870
67.000000	0.300000	14.517452	17388.505517
67.000000	0.400000	14.525453	16080.064781
67.000000	0.500000	14.525453	15097.912044
67.000000	0.600000	14.525453	14244.751829
67.000000	0.700000	14.525453	13485.531020
67.000000	0.800000	14.525453	12797.963345
67.000000	0.900000	14.525453	12168.291792
67.000000	1.000000	14.533453	11607.339703
67.100000	0.000000	58.153815	76796.535401
67.100000	0.100000	34.931493	26487.698906
67.100000	0.200000	30.291029	19997.619612
67.100000	0.300000	30.291029	18444.287685
67.100000	0.400000	30.291029	16998.222815
67.100000	0.500000	30.291029	15703.955172
67.100000	0.600000	30.291029	14577.635151
67.100000	0.700000	30.291029	13608.898469
67.100000	0.800000	14.541454	12929.184398
67.100000	0.900000	14.541454	12370.476409
67.100000	1.000000	14.541454	11836.230642
67.200000	0.000000	47.752775	80315.672135
67.200000	0.100000	48.540854	33986.949574
67.200000	0.200000	14.445445	22726.512240
67.200000	0.300000	14.497450	19227.061835
67.200000	0.400000	14.497450	17052.584497
67.200000	0.500000	14.497450	15460.546896
67.200000	0.600000	14.549455	14249.266666
67.200000	0.700000	14.541454	13293.192730
67.200000	0.800000	14.541454	12507.935877
67.200000	0.900000	14.541454	11836.656542
67.200000	1.000000	14.541454	11250.993818
67.300000	0.000000	14.437444	72531.258810
67.300000	0.100000	6.308631	27925.437322
67.300000	0.200000	42.720272	21316.351282
67.300000	0.300000	0.072007	18134.213357
67.300000	0.400000	22.382238	16304.330615
67.300000	0.500000	22.382238	15268.370010
67.300000	0.600000	22.382238	14414.022412
67.300000	0.700000	22.382238	13666.142052
67.300000	0.800000	22.382238	12993.011781
67.300000	0.900000	22.382238	12379.096542
67.300000	1.000000	22.382238	11815.468060
67.400000	0.000000	36.203620	92133.373003
67.400000	0.100000	36.195620	34247.302181
67.400000	0.200000	36.195620	23661.235597
67.400000	0.300000	22.494249	19079.085617
67.400000	0.400000	22.494249	17827.463068
67.400000	0.500000	22.494249	16652.604162
67.400000	0.600000	22.494249	15592.196082
67.400000	0.700000	22.494249	14647.844614
67.400000	0.800000	22.494249	13810.019249
67.400000	0.900000	22.494249	13066.309658
67.400000	1.000000	22.494249	12404.361620
67.500000	0.000000	49.304930	69874.442625
67.500000	0.100000	20.674067	29708.802245
67.500000	0.200000	22.362236	23476.707535
67.500000	0.300000	22.362236	20497.845041
67.500000	0.400000	22.362236	18271.644933
67.500000	0.500000	22.362236	16538.207280
67.500000	0.600000	22.362236	15142.146405
67.500000	0.700000	22.354235	14034.608813
67.500000	0.800000	22.354235	13130.298032
67.500000	0.900000	22.354235	12343.910980
67.500000	1.000000	22.354235	11651.577075
67.600000	0.000000	50.413041	71625.394838
67.600000	0.100000	29.930993	28781.415809
67.600000	0.200000	29.922992	22370.978964
67.600000	0.300000	29.922992	18350.666464
67.600000	0.400000	29.930993	15779.656561
67.600000	0.500000	29.930993	14045.486531
67.600000	0.600000	22.682268	12954.738662
67.600000	0.700000	22.682268	12308.248122
67.600000	0.800000	22.682268	11688.389731
67.600000	0.900000	22.682268	11104.059105
67.600000	1.000000	22.682268	10560.075459
67.700000	0.000000	13.229323	88160.436478
67.700000	0.100000	14.913491	33188.374133
67.700000	0.200000	33.947395	23138.747026
67.700000	0.300000	33.947395	19157.481356
67.700000	0.400000	33.955396	16805.990174
67.700000	0.500000	33.955396	15075.833175
67.700000	0.600000	33.955396	13709.693391
67.700000	0.700000	33.955396	12595.408151
67.700000	0.800000	33.955396	11666.764282
67.700000	0.900000	33.955396	10880.693332
67.700000	1.000000	33.955396	10207.082647
67.800000	0.000000	0.040004	68985.671158
67.800000	0.100000	17.501750	27579.603203
67.800000	0.200000	17.501750	21985.887658
67.800000	0.300000	17.501750	18121.225705
67.800000	0.400000	17.501750	15376.585347
67.800000	0.500000	17.501750	13354.137271
67.800000	0.600000	33.971397	12423.703154
67.800000	0.700000	33.971397	11645.161191
67.800000	0.800000	33.971397	10943.791477
67.800000	0.900000	33.971397	10314.769263
67.800000	1.000000	33.971397	9751.394991
67.900000	0.000000	10.397040	56321.264834
67.900000	0.100000	11.841184	25163.670524
67.900000	0.200000	23.934393	19481.483059
67.900000	0.300000	23.934393	16786.822344
67.900000	0.400000	23.934393	14762.428333
67.900000	0.500000	23.934393	13219.096625
67.900000	0.600000	23.942394	12028.589158
67.900000	0.700000	23.942394	11120.657055
67.900000	0.800000	23.942394	10363.727720
67.900000	0.900000	23.942394	9725.798909
67.900000	1.000000	58.513851	9195.495198
68.000000	0.000000	2.192219	78469.164849
68.000000	0.100000	3.060306	28050.494366
68.000000	0.200000	23.334333	21519.637014
68.000000	0.300000	24.378438	18352.693221
68.000000	0.400000	24.378438	16041.853065
68.000000	0.500000	24.378438	14204.979881
68.000000	0.600000	24.378438	12751.169688
68.000000	0.700000	25.710571	11785.027156
68.000000	0.800000	25.710571	11016.409122
68.000000	0.900000	26.018602	10379.571676
68.000000	1.000000	26.018602	9853.673055
68.100000	0.000000	58.729873	69127.141150
68.100000	0.100000	47.216722	25768.222272
68.100000	0.200000	47.208721	19324.388859
68.100000	0.300000	48.156816	15996.784301
68.100000	0.400000	48.156816	13868.426665
68.100000	0.500000	30.791079	12693.251747
68.100000	0.600000	25.718572	11918.534919
68.100000	0.700000	25.718572	11384.687057
68.100000	0.800000	25.718572	10873.042055
68.100000	0.900000	25.718572	10391.664419
68.100000	1.000000	25.718572	9942.636970
68.200000	0.000000	3.012301	82599.405461
68.200000	0.100000	3.708371	27690.160014
68.200000	0.200000	3.076308	20397.391647
68.200000	0.300000	3.700370	16671.286214
68.200000	0.400000	3.700370	14280.400738
68.200000	0.500000	35.379538	13138.350905
68.200000	0.600000	35.379538	12337.227841
68.200000	0.700000	35.379538	11656.696861
68.200000	0.800000	35.379538	11064.976387
68.200000	0.900000	35.379538	10541.805076
68.200000	1.000000	35.379538	10073.335656
68.300000	0.000000	27.538754	70266.199677
68.300000	0.100000	34.655466	27655.135067
68.300000	0.200000	34.875488	20782.148957
68.300000	0.300000	34.875488	17584.654502
68.300000	0.400000	35.387539	15669.093367
68.300000	0.500000	35.387539	14502.922777
68.300000	0.600000	35.387539	13559.363391
68.300000	0.700000	35.387539	12754.207666
68.300000	0.800000	35.387539	12049.455052
68.300000	0.900000	35.387539	11423.931634
68.300000	1.000000	35.387539	10863.663923
68.400000	0.000000	11.341134	58392.956402
68.400000	0.100000	34.563456	29635.048819
68.400000	0.200000	34.563456	23701.751152
68.400000	0.300000	34.555456	20540.328429
68.400000	0.400000	34.555456	18337.177607
68.400000	0.500000	34.555456	16597.836550
68.400000	0.600000	34.555456	15164.892317
68.400000	0.700000	34.555456	13954.491488
68.400000	0.800000	34.555456	12917.069935
68.400000	0.900000	34.555456	12019.700972
68.400000	1.000000	34.555456	11238.360635
68.500000	0.000000	57.249725	61982.872295
68.500000	0.100000	34.571457	28648.839494
68.500000	0.200000	34.571457	24222.248389
68.500000	0.300000	34.571457	21011.277190
68.500000	0.400000	34.571457	18676.877820
68.500000	0.500000	34.571457	16859.570617
68.500000	0.600000	34.571457	15379.245290
68.500000	0.700000	34.571457	14139.673812
68.500000	0.800000	34.571457	13083.725719
68.500000	0.900000	34.571457	12174.012702
68.500000	1.000000	34.571457	11384.010837
68.600000	0.000000	35.063506	75544.262779
68.600000	0.100000	35.275528	27168.690083
68.600000	0.200000	35.223522	19587.849628
68.600000	0.300000	35.223522	16865.578000
68.600000	0.400000	35.135514	15377.209437
68.600000	0.500000	35.135514	14182.463981
68.600000	0.600000	35.135514	13140.140609
68.600000	0.700000	35.135514	12219.103693
68.600000	0.800000	35.507551	11425.987603
68.600000	0.900000	0.100010	10903.531030
68.600000	1.000000	0.100010	10439.846554
68.700000	0.000000	49.868987	73676.017556
68.700000	0.100000	0.108011	28601.817932
68.700000	0.200000	0.108011	21429.430235
68.700000	0.300000	0.108011	18145.340753
68.700000	0.400000	0.108011	16043.268292
68.700000	0.500000	0.108011	14522.069771
68.700000	0.600000	0.108011	13352.645327
68.700000	0.700000	0.108011	12414.707741
68.700000	0.800000	0.108011	11637.060874
68.700000	0.900000	0.108011	10975.357763
68.700000	1.000000	0.108011	10400.981843
68.800000	0.000000	56.261626	67309.218041
68.800000	0.100000	20.810081	26485.027602
68.800000	0.200000	20.810081	19887.666788
68.800000	0.300000	20.810081	16401.836952
68.800000	0.400000	20.810081	14201.097409
68.800000	0.500000	5.148515	13580.876556
68.800000	0.600000	5.148515	13066.186764
68.800000	0.700000	5.148515	12528.918209
68.800000	0.800000	5.148515	11995.373963
68.800000	0.900000	5.148515	11479.564066
68.800000	1.000000	5.148515	10988.197097
68.900000	0.000000	56.353635	65674.950302
68.900000	0.100000	49.980998	30786.635387
68.900000	0.200000	5.156516	24182.953640
68.900000	0.300000	5.156516	20941.007772
68.900000	0.400000	5.156516	18734.588075
68.900000	0.500000	5.156516	17113.677678
68.900000	0.600000	5.156516	15835.490827
68.900000	0.700000	5.156516	14774.063967
68.900000	0.800000	5.156516	13861.640052
68.900000	0.900000	5.156516	13059.625959
68.900000	1.000000	5.156516	12344.530140
69.000000	0.000000	52.017202	72096.744844
69.000000	0.100000	8.912891	31627.089946
69.000000	0.200000	3.128313	24148.300782
69.000000	0.300000	5.128513	21275.582888
69.000000	0.400000	5.128513	19366.928016
69.000000	0.500000	5.128513	17813.231845
69.000000	0.600000	5.164516	16482.776084
69.000000	0.700000	5.164516	15324.680487
69.000000	0.800000	5.164516	14296.787039
69.000000	0.900000	5.164516	13380.379598
69.000000	1.000000	5.164516	12561.167187
69.100000	0.000000	40.388039	62198.093588
69.100000	0.100000	57.785779	29621.085789
69.100000	0.200000	5.180518	21841.062043
69.100000	0.300000	5.180518	20375.529472
69.100000	0.400000	5.180518	18750.481946
69.100000	0.500000	5.180518	17177.242980
69.100000	0.600000	5.180518	15754.864112
69.100000	0.700000	5.172517	14571.383864
69.100000	0.800000	5.172517	13551.851908
69.100000	0.900000	5.172517	12662.255830
69.100000	1.000000	5.172517	11881.928143
69.200000	0.000000	6.068607	63768.564469
69.200000	0.100000	39.735974	29147.500997
69.200000	0.200000	4.900490	25032.743035
69.200000	0.300000	4.900490	22103.337468
69.200000	0.400000	4.900490	19617.691020
69.200000	0.500000	4.900490	17608.192326
69.200000	0.600000	4.900490	15984.202148
69.200000	0.700000	4.900490	14653.677090
69.200000	0.800000	4.900490	13545.750406
69.200000	0.900000	4.900490	12609.173877
69.200000	1.000000	4.900490	11807.070362
69.300000	0.000000	4.232423	72774.376927
69.300000	0.100000	33.403340	26606.740704
69.300000	0.200000	36.499650	20431.435316
69.300000	0.300000	4.908491	17331.905258
69.300000	0.400000	4.908491	15789.872635
69.300000	0.500000	4.908491	14672.768969
69.300000	0.600000	4.908491	13770.721150
69.300000	0.700000	4.908491	12997.667767
69.300000	0.800000	4.908491	12314.165243
69.300000	0.900000	4.908491	11700.120568
69.300000	1.000000	4.908491	11143.941709
69.400000	0.000000	0.248025	73217.022865
69.400000	0.100000	16.861686	29932.433139
69.400000	0.200000	20.102010	21092.798796
69.400000	0.300000	20.102010	17839.759799
69.400000	0.400000	20.102010	15596.523915
69.400000	0.500000	45.492549	14092.860754
69.400000	0.600000	45.492549	12947.013639
69.400000	0.700000	45.492549	12021.705869
69.400000	0.800000	2.856286	11394.234722
69.400000	0.900000	2.856286	11021.653453
69.400000	1.000000	2.892289	10675.554856
69.500000	0.000000	46.244624	74396.001304
69.500000	0.100000	18.945895	27606.002832
69.500000	0.200000	18.945895	21181.264786
69.500000	0.300000	49.300930	17789.427243
69.500000	0.400000	49.300930	15868.658309
69.500000	0.500000	50.253025	14472.994382
69.500000	0.600000	50.253025	13431.107193
69.500000	0.700000	2.856286	12677.186298
69.500000	0.800000	2.856286	12122.235109
69.500000	0.900000	2.856286	11633.335139
69.500000	1.000000	2.856286	11195.033251
69.600000	0.000000	50.709071	93204.282035
69.600000	0.100000	6.204620	30442.770979
69.600000	0.200000	6.212621	21899.706206
69.600000	0.300000	46.444644	18321.570291
69.600000	0.400000	46.452645	16191.816225
69.600000	0.500000	46.452645	14750.137833
69.600000	0.600000	46.452645	13594.507375
69.600000	0.700000	46.452645	12630.646236
69.600000	0.800000	2.856286	11927.289506
69.600000	0.900000	2.856286	11487.584318
69.600000	1.000000	2.856286	11072.412245
69.700000	0.000000	26.134613	72897.779955
69.700000	0.100000	0.548055	36611.274621
69.700000	0.200000	0.512051	25629.463386
69.700000	0.300000	46.468647	21088.158415
69.700000	0.400000	46.468647	18059.384335
69.700000	0.500000	46.468647	15743.331451
69.700000	0.600000	46.460646	14074.968714
69.700000	0.700000	48.772877	12805.741616
69.700000	0.800000	2.864286	11858.287821
69.700000	0.900000	2.864286	11328.593112
69.700000	1.000000	2.864286	10880.373276
69.800000	0.000000	54.441444	68084.796931
69.800000	0.100000	54.749475	26773.924208
69.800000	0.200000	48.408841	21818.646517
69.800000	0.300000	48.408841	19270.281004
69.800000	0.400000	48.688869	17199.263787
69.800000	0.500000	48.960896	15436.802301
69.800000	0.600000	48.960896	13986.916896
69.800000	0.700000	50.665067	12792.747122
69.800000	0.800000	50.637064	12031.604035
69.800000	0.900000	50.637064	11379.062979
69.800000	1.000000	50.637064	10791.520721
69.900000	0.000000	36.515652	84610.388592
69.900000	0.100000	44.836484	30055.510128
69.900000	0.200000	50.645065	22948.862097
69.900000	0.300000	50.645065	20409.362566
69.900000	0.400000	50.645065	18099.646455
69.900000	0.500000	50.645065	16189.742376
69.900000	0.600000	50.645065	14648.737993
69.900000	0.700000	50.645065	13400.303608
69.900000	0.800000	50.645065	12374.285749
69.900000	0.900000	50.645065	11516.704184
69.900000	1.000000	50.645065	10788.179831
70.000000	0.000000	7.380738	84159.241294
70.000000	0.100000	10.573057	33206.503871
70.000000	0.200000	10.573057	21769.117405
70.000000	0.300000	29.794979	17878.515211
70.000000	0.400000	29.794979	15350.394054
70.000000	0.500000	15.129513	13545.124566
70.000000	0.600000	32.671267	12655.574690
70.000000	0.700000	32.671267	12155.521865
70.000000	0.800000	32.671267	11713.294464
70.000000	0.900000	32.671267	11313.854132
70.000000	1.000000	32.671267	10946.924532
