50.000000	0.000000	0.252025	45.310404
50.000000	0.100000	9.992999	43.204494
50.000000	0.200000	9.992999	43.207423
50.000000	0.300000	9.992999	43.210126
50.000000	0.400000	9.992999	43.212604
50.000000	0.500000	9.992999	43.214856
50.000000	0.600000	9.992999	43.216883
50.000000	0.700000	9.992999	43.218684
50.000000	0.800000	9.992999	43.220259
50.000000	0.900000	9.992999	43.221609
50.000000	1.000000	9.992999	43.222733
50.100000	0.000000	9.532953	45.754721
50.100000	0.100000	9.772977	44.190219
50.100000	0.200000	9.992999	43.666830
50.100000	0.300000	9.992999	43.669572
50.100000	0.400000	9.992999	43.672081
50.100000	0.500000	9.992999	43.674358
50.100000	0.600000	9.992999	43.676402
50.100000	0.700000	9.992999	43.678214
50.100000	0.800000	9.992999	43.679793
50.100000	0.900000	9.992999	43.681140
50.100000	1.000000	9.992999	43.682254
50.200000	0.000000	9.752975	46.206722
50.200000	0.100000	9.812981	45.261194
50.200000	0.200000	9.872987	44.612268
50.200000	0.300000	9.932993	44.243497
50.200000	0.400000	9.992999	44.140737
50.200000	0.500000	9.992999	44.143039
50.200000	0.600000	9.992999	44.145100
50.200000	0.700000	9.992999	44.146922
50.200000	0.800000	9.992999	44.148505
50.200000	0.900000	9.992999	44.149848
50.200000	1.000000	9.992999	44.150951
50.300000	0.000000	9.832983	46.669627
50.300000	0.100000	9.872987	45.992049
50.300000	0.200000	9.892989	45.463427
50.300000	0.300000	9.912991	45.059373
50.300000	0.400000	9.952995	44.792986
50.300000	0.500000	9.972997	44.650897
50.300000	0.600000	9.992999	44.623262
50.300000	0.700000	9.992999	44.625094
50.300000	0.800000	9.992999	44.626679
50.300000	0.900000	9.992999	44.628016
50.300000	1.000000	9.992999	44.629107
50.400000	0.000000	1.728173	47.143853
50.400000	0.100000	9.892989	46.618385
50.400000	0.200000	9.912991	46.172965
50.400000	0.300000	9.932993	45.802651
50.400000	0.400000	9.932993	45.519498
50.400000	0.500000	9.952995	45.317240
50.400000	0.600000	9.972997	45.182756
50.400000	0.700000	9.992999	45.113024
50.400000	0.800000	9.992999	45.114610
50.400000	0.900000	9.992999	45.115942
50.400000	1.000000	9.992999	45.117018
50.500000	0.000000	0.992099	47.625222
50.500000	0.100000	9.912991	47.193693
50.500000	0.200000	9.912991	46.800841
50.500000	0.300000	9.932993	46.493959
50.500000	0.400000	9.932993	46.203539
50.500000	0.500000	9.952995	46.003236
50.500000	0.600000	9.952995	45.811722
50.500000	0.700000	9.972997	45.712459
50.500000	0.800000	9.972997	45.617676
50.500000	0.900000	9.992999	45.613931
50.500000	1.000000	9.992999	45.614991
50.600000	0.000000	1.652165	48.119770
50.600000	0.100000	9.932993	47.723181
50.600000	0.200000	9.932993	47.422504
50.600000	0.300000	9.932993	47.123454
50.600000	0.400000	9.952995	46.864752
50.600000	0.500000	9.952995	46.667836
50.600000	0.600000	9.952995	46.471483
50.600000	0.700000	9.972997	46.337049
50.600000	0.800000	9.972997	46.239902
50.600000	0.900000	9.972997	46.142693
50.600000	1.000000	9.992999	46.123349
50.700000	0.000000	5.672567	48.623615
50.700000	0.100000	9.932993	48.302315
50.700000	0.200000	9.932993	47.994791
50.700000	0.300000	9.952995	47.714348
50.700000	0.400000	9.952995	47.511991
50.700000	0.500000	9.952995	47.310219
50.700000	0.600000	9.952995	47.109030
50.700000	0.700000	9.972997	46.964164
50.700000	0.800000	9.972997	46.864603
50.700000	0.900000	9.972997	46.764977
50.700000	1.000000	9.972997	46.665289
50.800000	0.000000	5.464546	49.138528
50.800000	0.100000	9.932993	48.814724
50.800000	0.200000	9.952995	48.551247
50.800000	0.300000	9.952995	48.343412
50.800000	0.400000	9.952995	48.136181
50.800000	0.500000	9.952995	47.929556
50.800000	0.600000	9.952995	47.723536
50.800000	0.700000	9.972997	47.593855
50.800000	0.800000	9.972997	47.491824
50.800000	0.900000	9.972997	47.389728
50.800000	1.000000	9.972997	47.287568
50.900000	0.000000	9.500950	49.664790
50.900000	0.100000	9.952995	49.374664
50.900000	0.200000	9.952995	49.161311
50.900000	0.300000	9.952995	48.948585
50.900000	0.400000	9.952995	48.736486
50.900000	0.500000	9.952995	48.525013
50.900000	0.600000	9.972997	48.330664
50.900000	0.700000	9.972997	48.226176
50.900000	0.800000	9.972997	48.121619
50.900000	0.900000	9.972997	48.016996
50.900000	1.000000	9.972997	47.912307
51.000000	0.000000	3.580358	50.203003
51.000000	0.100000	9.952995	49.964896
51.000000	0.200000	9.952995	49.746635
51.000000	0.300000	9.952995	49.529023
51.000000	0.400000	9.952995	49.312059
51.000000	0.500000	9.952995	49.095742
51.000000	0.600000	9.972997	48.968255
51.000000	0.700000	9.972997	48.861184
51.000000	0.800000	9.972997	48.754043
51.000000	0.900000	9.972997	48.646834
51.000000	1.000000	9.972997	48.539559
51.100000	0.000000	9.952995	50.753363
51.100000	0.100000	9.952995	50.529528
51.100000	0.200000	9.952995	50.306363
51.100000	0.300000	9.952995	50.083869
51.100000	0.400000	9.952995	49.862045
51.100000	0.500000	9.972997	49.718301
51.100000	0.600000	9.972997	49.608659
51.100000	0.700000	9.972997	49.498944
51.100000	0.800000	9.972997	49.389157
51.100000	0.900000	9.972997	49.279301
51.100000	1.000000	9.972997	49.169377
51.200000	0.000000	4.728473	51.316335
51.200000	0.100000	9.952995	51.067694
51.200000	0.200000	9.952995	50.839630
51.200000	0.300000	9.952995	50.612259
51.200000	0.400000	9.972997	50.476565
51.200000	0.500000	9.972997	50.364294
51.200000	0.600000	9.972997	50.251946
51.200000	0.700000	9.972997	50.139523
51.200000	0.800000	9.972997	50.027027
51.200000	0.900000	9.972997	49.914459
51.200000	1.000000	9.972997	49.801822
51.300000	0.000000	8.120812	51.892337
51.300000	0.100000	9.952995	51.578518
51.300000	0.200000	9.972997	51.358196
51.300000	0.300000	9.972997	51.243317
51.300000	0.400000	9.972997	51.128355
51.300000	0.500000	9.972997	51.013314
51.300000	0.600000	9.972997	50.898193
51.300000	0.700000	9.972997	50.782995
51.300000	0.800000	9.972997	50.667722
51.300000	0.900000	9.972997	50.552376
51.300000	1.000000	9.972997	50.436958
51.400000	0.000000	9.748975	52.481891
51.400000	0.100000	9.972997	52.136469
51.400000	0.200000	9.972997	52.018841
51.400000	0.300000	9.972997	51.901127
51.400000	0.400000	9.972997	51.783328
51.400000	0.500000	9.972997	51.665446
51.400000	0.600000	9.972997	51.547482
51.400000	0.700000	9.972997	51.429440
51.400000	0.800000	9.972997	51.311320
51.400000	0.900000	9.972997	51.193124
51.400000	1.000000	9.972997	51.074855
51.500000	0.000000	3.652365	53.085404
51.500000	0.100000	9.972997	52.803442
51.500000	0.200000	9.972997	52.682909
51.500000	0.300000	9.972997	52.562287
51.500000	0.400000	9.972997	52.441577
51.500000	0.500000	9.972997	52.320781
51.500000	0.600000	9.972997	52.199902
51.500000	0.700000	9.972997	52.078941
51.500000	0.800000	9.972997	51.957900
51.500000	0.900000	9.972997	51.836782
51.500000	1.000000	9.972997	51.715587
51.600000	0.000000	0.060006	53.703322
51.600000	0.100000	9.972997	53.474023
51.600000	0.200000	9.972997	53.350508
51.600000	0.300000	9.972997	53.226901
51.600000	0.400000	9.972997	53.103203
51.600000	0.500000	9.972997	52.979418
51.600000	0.600000	9.972997	52.855546
51.600000	0.700000	9.972997	52.731590
51.600000	0.800000	9.972997	52.607551
51.600000	0.900000	9.972997	52.483433
51.600000	1.000000	9.972997	52.359236
51.700000	0.000000	1.288129	54.336447
51.700000	0.100000	9.972997	54.148329
51.700000	0.200000	9.972997	54.021753
51.700000	0.300000	9.972997	53.895082
51.700000	0.400000	9.972997	53.768317
51.700000	0.500000	9.972997	53.641461
51.700000	0.600000	9.972997	53.514516
51.700000	0.700000	9.972997	53.387484
51.700000	0.800000	9.972997	53.260367
51.700000	0.900000	9.972997	53.133167
51.700000	1.000000	9.972997	53.005887
51.800000	0.000000	3.100310	54.985044
51.800000	0.100000	9.972997	54.826490
51.800000	0.200000	9.972997	54.696769
51.800000	0.300000	9.972997	54.566950
51.800000	0.400000	9.972997	54.437033
51.800000	0.500000	9.972997	54.307023
51.800000	0.600000	9.972997	54.176920
51.800000	0.700000	9.972997	54.046727
51.800000	0.800000	9.972997	53.916447
51.800000	0.900000	9.972997	53.786081
51.800000	1.000000	9.972997	53.655632
51.900000	0.000000	3.672367	55.649758
51.900000	0.100000	9.972997	55.508643
51.900000	0.200000	9.972997	55.375689
51.900000	0.300000	9.972997	55.242633
51.900000	0.400000	9.972997	55.109477
51.900000	0.500000	9.972997	54.976223
51.900000	0.600000	9.972997	54.842874
51.900000	0.700000	9.972997	54.709431
51.900000	0.800000	9.972997	54.575898
51.900000	0.900000	9.972997	54.442277
51.900000	1.000000	9.972997	54.308570
52.000000	0.000000	1.444144	56.331225
52.000000	0.100000	9.972997	56.194932
52.000000	0.200000	9.972997	56.058653
52.000000	0.300000	9.972997	55.922268
52.000000	0.400000	9.972997	55.785780
52.000000	0.500000	9.972997	55.649190
52.000000	0.600000	9.972997	55.512501
52.000000	0.700000	9.972997	55.375715
52.000000	0.800000	9.972997	55.238836
52.000000	0.900000	9.972997	55.101866
52.000000	1.000000	9.972997	54.964806
52.100000	0.000000	8.168817	57.030041
52.100000	0.100000	9.972997	56.885515
52.100000	0.200000	9.972997	56.745814
52.100000	0.300000	9.972997	56.606003
52.100000	0.400000	9.972997	56.466084
52.100000	0.500000	9.972997	56.326060
52.100000	0.600000	9.972997	56.185933
52.100000	0.700000	9.972997	56.045706
52.100000	0.800000	9.972997	55.905382
52.100000	0.900000	9.972997	55.764964
52.100000	1.000000	9.972997	55.624453
52.200000	0.000000	7.616762	57.746930
52.200000	0.100000	9.972997	57.580556
52.200000	0.200000	9.972997	57.437331
52.200000	0.300000	9.972997	57.293992
52.200000	0.400000	9.972997	57.150540
52.200000	0.500000	9.972997	57.006979
52.200000	0.600000	9.972997	56.863311
52.200000	0.700000	9.972997	56.719540
52.200000	0.800000	9.972997	56.575668
52.200000	0.900000	9.972997	56.431698
52.200000	1.000000	9.972997	56.287632
52.300000	0.000000	9.628963	58.482549
52.300000	0.100000	9.972997	58.280235
52.300000	0.200000	9.972997	58.133378
52.300000	0.300000	9.972997	57.986402
52.300000	0.400000	9.972997	57.839309
52.300000	0.500000	9.972997	57.692103
52.300000	0.600000	9.972997	57.544786
52.300000	0.700000	9.972997	57.397361
52.300000	0.800000	9.972997	57.249832
52.300000	0.900000	9.972997	57.102200
52.300000	1.000000	9.972997	56.954469
52.400000	0.000000	7.024702	59.237664
52.400000	0.100000	9.972997	58.984739
52.400000	0.200000	9.972997	58.834137
52.400000	0.300000	9.972997	58.683411
52.400000	0.400000	9.972997	58.532563
52.400000	0.500000	9.972997	58.381598
52.400000	0.600000	9.972997	58.230517
52.400000	0.700000	9.972997	58.079324
52.400000	0.800000	9.972997	57.928022
52.400000	0.900000	9.972997	57.776614
52.400000	1.000000	9.972997	57.625103
52.500000	0.000000	8.420842	60.013033
52.500000	0.100000	9.972997	59.694270
52.500000	0.200000	9.972997	59.539804
52.500000	0.300000	9.972997	59.385208
52.500000	0.400000	9.972997	59.230485
52.500000	0.500000	9.972997	59.075640
52.500000	0.600000	9.972997	58.920674
52.500000	0.700000	9.972997	58.765592
52.500000	0.800000	9.972997	58.610397
52.500000	0.900000	9.972997	58.455091
52.500000	1.000000	9.992999	58.306912
52.600000	0.000000	9.440944	60.809449
52.600000	0.100000	9.972997	60.409043
52.600000	0.200000	9.972997	60.250586
52.600000	0.300000	9.972997	60.091994
52.600000	0.400000	9.972997	59.933270
52.600000	0.500000	9.972997	59.774418
52.600000	0.600000	9.972997	59.615441
52.600000	0.700000	9.972997	59.456342
52.600000	0.800000	9.972997	59.297125
52.600000	0.900000	9.972997	59.137793
52.600000	1.000000	9.992999	59.118692
52.700000	0.000000	6.984698	61.627914
52.700000	0.100000	9.944994	61.242510
52.700000	0.200000	9.972997	60.966707
52.700000	0.300000	9.972997	60.803986
52.700000	0.400000	9.972997	60.641127
52.700000	0.500000	9.972997	60.478133
52.700000	0.600000	9.972997	60.315010
52.700000	0.700000	9.972997	60.151759
52.700000	0.800000	9.972997	59.988385
52.700000	0.900000	9.992999	59.952542
52.700000	1.000000	9.992999	59.952425
52.800000	0.000000	3.420342	62.468513
52.800000	0.100000	9.944994	62.138324
52.800000	0.200000	9.944994	61.815611
52.800000	0.300000	9.972997	61.521411
52.800000	0.400000	9.972997	61.354275
52.800000	0.500000	9.972997	61.186999
52.800000	0.600000	9.972997	61.019587
52.800000	0.700000	9.972997	60.852043
52.800000	0.800000	9.992999	60.808896
52.800000	0.900000	9.992999	60.809261
52.800000	1.000000	9.992999	60.809022
52.900000	0.000000	8.224822	63.334305
52.900000	0.100000	9.944994	62.991454
52.900000	0.200000	9.944994	62.659734
52.900000	0.300000	9.944994	62.329142
52.900000	0.400000	9.972997	62.072952
52.900000	0.500000	9.972997	61.901244
52.900000	0.600000	9.972997	61.729393
52.900000	0.700000	9.992999	61.688671
52.900000	0.800000	9.992999	61.689559
52.900000	0.900000	9.992999	61.689818
52.900000	1.000000	9.992999	61.689447
53.000000	0.000000	8.416842	64.224248
53.000000	0.100000	9.944994	63.800091
53.000000	0.200000	9.944994	63.459335
53.000000	0.300000	9.944994	63.119753
53.000000	0.400000	9.972997	62.797410
53.000000	0.500000	9.972997	62.621110
53.000000	0.600000	9.992999	62.592835
53.000000	0.700000	9.992999	62.594292
53.000000	0.800000	9.992999	62.595091
53.000000	0.900000	9.992999	62.595234
53.000000	1.000000	9.992999	62.594719
53.100000	0.000000	1.640164	65.140125
53.100000	0.100000	9.916992	64.618729
53.100000	0.200000	9.944994	64.212573
53.100000	0.300000	9.944994	63.863969
53.100000	0.400000	9.972997	63.527915
53.100000	0.500000	9.992999	63.522407
53.100000	0.600000	9.992999	63.524482
53.100000	0.700000	9.992999	63.525870
53.100000	0.800000	9.992999	63.526571
53.100000	0.900000	9.992999	63.526587
53.100000	1.000000	9.992999	63.525917
53.200000	0.000000	0.528053	66.083126
53.200000	0.100000	9.916992	65.458286
53.200000	0.200000	9.916992	64.926031
53.200000	0.300000	9.944994	64.559913
53.200000	0.400000	9.992999	64.478463
53.200000	0.500000	9.992999	64.481209
53.200000	0.600000	9.992999	64.483237
53.200000	0.700000	9.992999	64.484548
53.200000	0.800000	9.992999	64.485142
53.200000	0.900000	9.992999	64.485019
53.200000	1.000000	9.992999	64.484180
53.300000	0.000000	3.144314	67.054428
53.300000	0.100000	9.888989	66.220950
53.300000	0.200000	9.916992	65.607938
53.300000	0.300000	9.992999	65.462139
53.300000	0.400000	9.992999	65.465614
53.300000	0.500000	9.992999	65.468339
53.300000	0.600000	9.992999	65.470314
53.300000	0.700000	9.992999	65.471539
53.300000	0.800000	9.992999	65.472014
53.300000	0.900000	9.992999	65.471741
53.300000	1.000000	9.992999	65.470718
53.400000	0.000000	4.608461	68.055254
53.400000	0.100000	9.860986	66.819880
53.400000	0.200000	9.992999	66.474635
53.400000	0.300000	9.992999	66.478903
53.400000	0.400000	9.992999	66.482386
53.400000	0.500000	9.992999	66.485084
53.400000	0.600000	9.992999	66.486998
53.400000	0.700000	9.992999	66.488128
53.400000	0.800000	9.992999	66.488473
53.400000	0.900000	9.992999	66.488034
53.400000	1.000000	9.992999	66.486812
53.500000	0.000000	5.104510	69.087048
53.500000	0.100000	9.992999	67.517221
53.500000	0.200000	9.992999	67.522351
53.500000	0.300000	9.992999	67.526660
53.500000	0.400000	9.992999	67.530146
53.500000	0.500000	9.992999	67.532812
53.500000	0.600000	9.992999	67.534655
53.500000	0.700000	9.992999	67.535678
53.500000	0.800000	9.992999	67.535880
53.500000	0.900000	9.992999	67.535262
53.500000	1.000000	9.992999	67.533823
53.600000	0.000000	0.580058	70.151236
53.600000	0.100000	9.992999	68.597307
53.600000	0.200000	9.992999	68.602514
53.600000	0.300000	9.992999	68.606861
53.600000	0.400000	9.992999	68.610346
53.600000	0.500000	9.992999	68.612971
53.600000	0.600000	9.992999	68.614736
53.600000	0.700000	9.992999	68.615640
53.600000	0.800000	9.992999	68.615684
53.600000	0.900000	9.992999	68.614870
53.600000	1.000000	9.992999	68.613196
53.700000	0.000000	1.212121	71.249345
53.700000	0.100000	9.880988	69.985200
53.700000	0.200000	9.992999	69.716670
53.700000	0.300000	9.992999	69.721051
53.700000	0.400000	9.992999	69.724530
53.700000	0.500000	9.992999	69.727106
53.700000	0.600000	9.992999	69.728781
53.700000	0.700000	9.992999	69.729554
53.700000	0.800000	9.992999	69.729425
53.700000	0.900000	9.992999	69.728396
53.700000	1.000000	9.992999	69.726466
53.800000	0.000000	9.852985	72.383018
53.800000	0.100000	9.908991	71.517592
53.800000	0.200000	9.936994	71.012568
53.800000	0.300000	9.992999	70.870875
53.800000	0.400000	9.992999	70.874341
53.800000	0.500000	9.992999	70.876860
53.800000	0.600000	9.992999	70.878433
53.800000	0.700000	9.992999	70.879060
53.800000	0.800000	9.992999	70.878741
53.800000	0.900000	9.992999	70.877477
53.800000	1.000000	9.992999	70.875269
53.900000	0.000000	7.756776	73.553994
53.900000	0.100000	9.908991	72.885257
53.900000	0.200000	9.936994	72.435418
53.900000	0.300000	9.964996	72.162447
53.900000	0.400000	9.992999	72.061530
53.900000	0.500000	9.992999	72.063982
53.900000	0.600000	9.992999	72.065440
53.900000	0.700000	9.992999	72.065905
53.900000	0.800000	9.992999	72.065377
53.900000	0.900000	9.992999	72.063857
53.900000	1.000000	9.992999	72.061345
54.000000	0.000000	9.260926	74.764196
54.000000	0.100000	9.936994	74.238523
54.000000	0.200000	9.936994	73.799446
54.000000	0.300000	9.964996	73.540389
54.000000	0.400000	9.964996	73.323147
54.000000	0.500000	9.992999	73.290338
54.000000	0.600000	9.992999	73.291667
54.000000	0.700000	9.992999	73.291953
54.000000	0.800000	9.992999	73.291195
54.000000	0.900000	9.992999	73.289395
54.000000	1.000000	9.992999	73.286553
54.100000	0.000000	8.328833	76.015558
54.100000	0.100000	9.936994	75.555837
54.100000	0.200000	9.964996	75.158715
54.100000	0.300000	9.964996	74.933883
54.100000	0.400000	9.964996	74.708638
54.100000	0.500000	9.992999	74.557923
54.100000	0.600000	9.992999	74.559107
54.100000	0.700000	9.992999	74.559193
54.100000	0.800000	9.992999	74.558183
54.100000	0.900000	9.992999	74.556076
54.100000	1.000000	9.992999	74.552874
54.200000	0.000000	0.592059	77.310242
54.200000	0.100000	9.964996	76.809468
54.200000	0.200000	9.964996	76.576769
54.200000	0.300000	9.964996	76.343631
54.200000	0.400000	9.964996	76.110062
54.200000	0.500000	9.964996	75.876070
54.200000	0.600000	9.992999	75.869886
54.200000	0.700000	9.992999	75.869752
54.200000	0.800000	9.992999	75.868464
54.200000	0.900000	9.992999	75.866022
54.200000	1.000000	9.992999	75.862426
54.300000	0.000000	1.484148	78.650497
54.300000	0.100000	9.964996	78.253508
54.300000	0.200000	9.964996	78.012182
54.300000	0.300000	9.964996	77.770395
54.300000	0.400000	9.964996	77.528155
54.300000	0.500000	9.964996	77.285474
54.300000	0.600000	9.992999	77.226283
54.300000	0.700000	9.992999	77.225905
54.300000	0.800000	9.992999	77.224310
54.300000	0.900000	9.992999	77.221500
54.300000	1.000000	9.992999	77.217476
54.400000	0.000000	0.792079	80.038770
54.400000	0.100000	9.964996	79.716123
54.400000	0.200000	9.964996	79.465803
54.400000	0.300000	9.964996	79.214998
54.400000	0.400000	9.964996	78.963719
54.400000	0.500000	9.964996	78.711976
54.400000	0.600000	9.992999	78.630736
54.400000	0.700000	9.992999	78.630087
54.400000	0.800000	9.992999	78.628156
54.400000	0.900000	9.992999	78.624943
54.400000	1.000000	9.992999	78.620450
54.500000	0.000000	3.460346	81.477672
54.500000	0.100000	9.964996	81.198261
54.500000	0.200000	9.964996	80.938553
54.500000	0.300000	9.964996	80.678335
54.500000	0.400000	9.964996	80.417619
54.500000	0.500000	9.964996	80.156414
54.500000	0.600000	9.992999	80.085863
54.500000	0.700000	9.992999	80.084914
54.500000	0.800000	9.992999	80.082611
54.500000	0.900000	9.992999	80.078956
54.500000	1.000000	9.992999	80.073950
54.600000	0.000000	8.444844	82.970073
54.600000	0.100000	9.964996	82.700950
54.600000	0.200000	9.964996	82.431431
54.600000	0.300000	9.964996	82.161374
54.600000	0.400000	9.964996	81.890792
54.600000	0.500000	9.964996	81.619697
54.600000	0.600000	9.992999	81.594472
54.600000	0.700000	9.992999	81.593190
54.600000	0.800000	9.992999	81.590478
54.600000	0.900000	9.992999	81.586338
54.600000	1.000000	9.992999	81.580770
54.700000	0.000000	8.392839	84.518930
54.700000	0.100000	9.964996	84.225305
54.700000	0.200000	9.964996	83.945518
54.700000	0.300000	9.964996	83.665165
54.700000	0.400000	9.964996	83.384257
54.700000	0.500000	9.992999	83.159722
54.700000	0.600000	9.992999	83.159584
54.700000	0.700000	9.992999	83.157933
54.700000	0.800000	9.992999	83.154770
54.700000	0.900000	9.992999	83.150096
54.700000	1.000000	9.992999	83.143912
54.800000	0.000000	3.660366	86.127525
54.800000	0.100000	9.964996	85.772537
54.800000	0.200000	9.964996	85.481991
54.800000	0.300000	9.964996	85.190847
54.800000	0.400000	9.964996	84.899116
54.800000	0.500000	9.992999	84.784911
54.800000	0.600000	9.992999	84.784452
54.800000	0.700000	9.992999	84.782392
54.800000	0.800000	9.992999	84.778730
54.800000	0.900000	9.992999	84.773469
54.800000	1.000000	9.992999	84.766610
54.900000	0.000000	5.420542	87.799387
54.900000	0.100000	9.964996	87.343961
54.900000	0.200000	9.964996	87.042125
54.900000	0.300000	9.964996	86.739655
54.900000	0.400000	9.992999	86.472521
54.900000	0.500000	9.992999	86.473402
54.900000	0.600000	9.992999	86.472583
54.900000	0.700000	9.992999	86.470067
54.900000	0.800000	9.992999	86.465855
54.900000	0.900000	9.992999	86.459948
54.900000	1.000000	9.992999	86.452347
55.000000	0.000000	8.628863	89.538278
55.000000	0.100000	9.964996	88.941006
55.000000	0.200000	9.964996	88.627306
55.000000	0.300000	9.964996	88.312933
55.000000	0.400000	9.992999	88.228401
55.000000	0.500000	9.992999	88.228983
55.000000	0.600000	9.992999	88.227763
55.000000	0.700000	9.992999	88.224741
55.000000	0.800000	9.992999	88.219920
55.000000	0.900000	9.992999	88.213300
55.000000	1.000000	9.992999	88.204884
55.100000	0.000000	7.460746	91.348286
55.100000	0.100000	9.928993	90.723796
55.100000	0.200000	9.964996	90.239041
55.100000	0.300000	9.992999	90.053352
55.100000	0.400000	9.992999	90.055512
55.100000	0.500000	9.992999	90.055757
55.100000	0.600000	9.992999	90.054086
55.100000	0.700000	9.992999	90.050501
55.100000	0.800000	9.992999	90.045005
55.100000	0.900000	9.992999	90.037599
55.100000	1.000000	9.992999	90.028284
55.200000	0.000000	7.528753	93.233901
55.200000	0.100000	9.928993	92.503938
55.200000	0.200000	9.992999	91.952461
55.200000	0.300000	9.992999	91.956400
55.200000	0.400000	9.992999	91.958299
55.200000	0.500000	9.992999	91.958161
55.200000	0.600000	9.992999	91.955985
55.200000	0.700000	9.992999	91.951774
55.200000	0.800000	9.992999	91.945530
55.200000	0.900000	9.992999	91.937255
55.200000	1.000000	9.992999	91.926950
55.300000	0.000000	5.652565	95.199970
55.300000	0.100000	9.928993	94.184139
55.300000	0.200000	9.992999	93.936215
55.300000	0.300000	9.992999	93.939986
55.300000	0.400000	9.992999	93.941584
55.300000	0.500000	9.992999	93.941012
55.300000	0.600000	9.992999	93.938271
55.300000	0.700000	9.992999	93.933362
55.300000	0.800000	9.992999	93.926287
55.300000	0.900000	9.992999	93.917050
55.300000	1.000000	9.992999	93.905652
55.400000	0.000000	0.164016	97.251678
55.400000	0.100000	9.992999	95.999901
55.400000	0.200000	9.992999	96.005787
55.400000	0.300000	9.992999	96.009356
55.400000	0.400000	9.992999	96.010608
55.400000	0.500000	9.992999	96.009545
55.400000	0.600000	9.992999	96.006169
55.400000	0.700000	9.992999	96.000481
55.400000	0.800000	9.992999	95.992483
55.400000	0.900000	9.992999	95.982180
55.400000	1.000000	9.992999	95.969572
55.500000	0.000000	9.388939	99.394679
55.500000	0.100000	9.992999	98.161091
55.500000	0.200000	9.992999	98.166894
55.500000	0.300000	9.992999	98.170222
55.500000	0.400000	9.992999	98.171076
55.500000	0.500000	9.992999	98.169457
55.500000	0.600000	9.992999	98.165367
55.500000	0.700000	9.992999	98.158808
55.500000	0.800000	9.992999	98.149784
55.500000	0.900000	9.992999	98.138297
55.500000	1.000000	9.992999	98.124350
55.600000	0.000000	7.276728	101.635368
55.600000	0.100000	9.992999	100.420083
55.600000	0.200000	9.992999	100.425772
55.600000	0.300000	9.992999	100.428814
55.600000	0.400000	9.992999	100.429209
55.600000	0.500000	9.992999	100.426960
55.600000	0.600000	9.992999	100.422068
55.600000	0.700000	9.992999	100.414536
55.600000	0.800000	9.992999	100.404366
55.600000	0.900000	9.992999	100.391563
55.600000	1.000000	9.992999	100.376131
55.700000	0.000000	6.868687	103.980389
55.700000	0.100000	9.956996	102.875924
55.700000	0.200000	9.992999	102.789236
55.700000	0.300000	9.992999	102.791940
55.700000	0.400000	9.992999	102.791808
55.700000	0.500000	9.992999	102.788843
55.700000	0.600000	9.992999	102.783048
55.700000	0.700000	9.992999	102.774425
55.700000	0.800000	9.992999	102.762978
55.700000	0.900000	9.992999	102.748709
55.700000	1.000000	9.992999	102.731625
55.800000	0.000000	7.008701	106.437247
55.800000	0.100000	9.956996	105.583208
55.800000	0.200000	9.992999	105.264748
55.800000	0.300000	9.992999	105.267053
55.800000	0.400000	9.992999	105.266316
55.800000	0.500000	9.992999	105.262540
55.800000	0.600000	9.992999	105.255726
55.800000	0.700000	9.992999	105.245879
55.800000	0.800000	9.992999	105.233002
55.800000	0.900000	9.992999	105.217099
55.800000	1.000000	9.992999	105.198176
55.900000	0.000000	4.688469	109.014127
55.900000	0.100000	9.956996	108.351537
55.900000	0.200000	9.956996	107.933960
55.900000	0.300000	9.992999	107.862334
55.900000	0.400000	9.992999	107.860902
55.900000	0.500000	9.992999	107.856203
55.900000	0.600000	9.992999	107.848239
55.900000	0.700000	9.992999	107.837016
55.900000	0.800000	9.992999	107.822537
55.900000	0.900000	9.992999	107.804807
55.900000	1.000000	9.992999	107.783832
56.000000	0.000000	6.608661	111.719992
56.000000	0.100000	9.956996	111.185164
56.000000	0.200000	9.956996	110.745480
56.000000	0.300000	9.992999	110.586779
56.000000	0.400000	9.992999	110.584547
56.000000	0.500000	9.992999	110.578797
56.000000	0.600000	9.992999	110.569534
56.000000	0.700000	9.992999	110.556760
56.000000	0.800000	9.992999	110.540483
56.000000	0.900000	9.992999	110.520706
56.000000	1.000000	9.992999	110.497437
56.100000	0.000000	1.668167	114.563574
56.100000	0.100000	9.956996	114.088803
56.100000	0.200000	9.956996	113.625558
56.100000	0.300000	9.992999	113.450302
56.100000	0.400000	9.992999	113.447150
56.100000	0.500000	9.992999	113.440204
56.100000	0.600000	9.992999	113.429467
56.100000	0.700000	9.992999	113.414945
56.100000	0.800000	9.992999	113.396644
56.100000	0.900000	9.992999	113.374570
56.100000	1.000000	9.992999	113.348731
56.200000	0.000000	6.540654	117.559523
56.200000	0.100000	9.956996	117.067685
56.200000	0.200000	9.956996	116.579267
56.200000	0.300000	9.992999	116.463861
56.200000	0.400000	9.992999	116.459648
56.200000	0.500000	9.992999	116.451335
56.200000	0.600000	9.992999	116.438926
56.200000	0.700000	9.992999	116.422427
56.200000	0.800000	9.992999	116.401845
56.200000	0.900000	9.992999	116.377187
56.200000	1.000000	9.992999	116.348461
56.300000	0.000000	8.260826	120.716256
56.300000	0.100000	9.956996	120.127628
56.300000	0.200000	9.992999	119.640578
56.300000	0.300000	9.992999	119.639589
56.300000	0.400000	9.992999	119.634155
56.300000	0.500000	9.992999	119.624279
56.300000	0.600000	9.992999	119.609968
56.300000	0.700000	9.992999	119.591228
56.300000	0.800000	9.992999	119.568067
56.300000	0.900000	9.992999	119.540494
56.300000	1.000000	9.992999	119.508519
56.400000	0.000000	7.288729	124.048493
56.400000	0.100000	9.956996	123.275114
56.400000	0.200000	9.992999	122.992988
56.400000	0.300000	9.992999	122.990968
56.400000	0.400000	9.992999	122.984121
56.400000	0.500000	9.992999	122.972455
56.400000	0.600000	9.992999	122.955975
56.400000	0.700000	9.992999	122.934690
56.400000	0.800000	9.992999	122.908608
56.400000	0.900000	9.992999	122.877739
56.400000	1.000000	9.992999	122.842095
56.500000	0.000000	9.912991	127.571263
56.500000	0.100000	9.992999	126.534213
56.500000	0.200000	9.992999	126.536239
56.500000	0.300000	9.992999	126.533010
56.500000	0.400000	9.992999	126.524531
56.500000	0.500000	9.992999	126.510808
56.500000	0.600000	9.992999	126.491850
56.500000	0.700000	9.992999	126.467665
56.500000	0.800000	9.992999	126.438264
56.500000	0.900000	9.992999	126.403659
56.500000	1.000000	9.992999	126.363862
56.600000	0.000000	9.444944	131.301395
56.600000	0.100000	9.992999	130.286050
56.600000	0.200000	9.992999	130.287135
56.600000	0.300000	9.992999	130.282489
56.600000	0.400000	9.992999	130.272116
56.600000	0.500000	9.992999	130.256026
56.600000	0.600000	9.992999	130.234228
56.600000	0.700000	9.992999	130.206731
56.600000	0.800000	9.992999	130.173549
56.600000	0.900000	9.992999	130.134695
56.600000	1.000000	9.992999	130.090184
56.700000	0.000000	6.932693	135.257684
56.700000	0.100000	9.992999	134.264556
56.700000	0.200000	9.992999	134.264512
56.700000	0.300000	9.992999	134.258200
56.700000	0.400000	9.992999	134.245628
56.700000	0.500000	9.992999	134.226806
56.700000	0.600000	9.992999	134.201743
56.700000	0.700000	9.992999	134.170453
56.700000	0.800000	9.992999	134.132950
56.700000	0.900000	9.992999	134.089250
56.700000	1.000000	9.992999	134.039370
56.800000	0.000000	0.600060	139.461253
56.800000	0.100000	9.992999	138.490947
56.800000	0.200000	9.992999	138.489548
56.800000	0.300000	9.992999	138.481278
56.800000	0.400000	9.992999	138.466144
56.800000	0.500000	9.992999	138.444159
56.800000	0.600000	9.992999	138.415333
56.800000	0.700000	9.992999	138.379684
56.800000	0.800000	9.992999	138.337227
56.800000	0.900000	9.992999	138.287981
56.800000	1.000000	9.992999	138.231967
56.900000	0.000000	8.744874	143.936198
56.900000	0.100000	9.992999	142.989172
56.900000	0.200000	9.992999	142.986149
56.900000	0.300000	9.992999	142.975569
56.900000	0.400000	9.992999	142.957443
56.900000	0.500000	9.992999	142.931784
56.900000	0.600000	9.992999	142.898608
56.900000	0.700000	9.992999	142.857931
56.900000	0.800000	9.992999	142.809774
56.900000	0.900000	9.992999	142.754160
56.900000	1.000000	9.992999	142.691112
57.000000	0.000000	4.080408	148.709405
57.000000	0.100000	9.992999	147.786364
57.000000	0.200000	9.992999	147.781390
57.000000	0.300000	9.992999	147.768081
57.000000	0.400000	9.992999	147.746449
57.000000	0.500000	9.992999	147.716511
57.000000	0.600000	9.992999	147.678283
57.000000	0.700000	9.992999	147.631789
57.000000	0.800000	9.992999	147.577050
57.000000	0.900000	9.992999	147.514094
57.000000	1.000000	9.992999	147.442950
57.100000	0.000000	6.612661	153.811783
57.100000	0.100000	9.948995	153.008277
57.100000	0.200000	9.992999	152.906067
57.100000	0.300000	9.992999	152.889523
57.100000	0.400000	9.992999	152.863769
57.100000	0.500000	9.992999	152.828826
57.100000	0.600000	9.992999	152.784714
57.100000	0.700000	9.992999	152.731459
57.100000	0.800000	9.992999	152.669089
57.100000	0.900000	9.992999	152.597637
57.100000	1.000000	9.992999	152.517137
57.200000	0.000000	6.548655	159.278457
57.200000	0.100000	9.948995	158.482461
57.200000	0.200000	9.992999	158.395352
57.200000	0.300000	9.992999	158.374961
57.200000	0.400000	9.992999	158.344344
57.200000	0.500000	9.992999	158.303523
57.200000	0.600000	9.992999	158.252527
57.200000	0.700000	9.992999	158.191384
57.200000	0.800000	9.992999	158.120129
57.200000	0.900000	9.992999	158.038801
57.200000	1.000000	9.992999	157.947441
57.300000	0.000000	8.840884	165.150054
57.300000	0.100000	9.992999	164.303165
57.300000	0.200000	9.992999	164.289602
57.300000	0.300000	9.992999	164.264619
57.300000	0.400000	9.992999	164.228238
57.300000	0.500000	9.992999	164.180487
57.300000	0.600000	9.992999	164.121399
57.300000	0.700000	9.992999	164.051011
57.300000	0.800000	9.992999	163.969363
57.300000	0.900000	9.992999	163.876502
57.300000	1.000000	9.992999	163.772479
57.400000	0.000000	6.020602	171.473015
57.400000	0.100000	9.992999	170.653047
57.400000	0.200000	9.992999	170.635343
57.400000	0.300000	9.992999	170.604857
57.400000	0.400000	9.992999	170.561615
57.400000	0.500000	9.992999	170.505653
57.400000	0.600000	9.992999	170.437010
57.400000	0.700000	9.992999	170.355730
57.400000	0.800000	9.992999	170.261865
57.400000	0.900000	9.992999	170.155470
57.400000	1.000000	9.992999	170.036607
57.500000	0.000000	7.392739	178.301460
57.500000	0.100000	9.992999	177.509242
57.500000	0.200000	9.992999	177.486501
57.500000	0.300000	9.992999	177.449388
57.500000	0.400000	9.992999	177.397940
57.500000	0.500000	9.992999	177.332198
57.500000	0.600000	9.992999	177.252210
57.500000	0.700000	9.992999	177.158033
57.500000	0.800000	9.992999	177.049729
57.500000	0.900000	9.992999	176.927365
57.500000	1.000000	9.992999	176.791018
57.600000	0.000000	3.048305	185.698397
57.600000	0.100000	9.992999	184.934821
57.600000	0.200000	9.992999	184.905923
57.600000	0.300000	9.992999	184.860792
57.600000	0.400000	9.992999	184.799472
57.600000	0.500000	9.992999	184.722016
57.600000	0.600000	9.992999	184.628485
57.600000	0.700000	9.992999	184.518946
57.600000	0.800000	9.992999	184.393477
57.600000	0.900000	9.992999	184.252163
57.600000	1.000000	9.992999	184.095097
57.700000	0.000000	3.268327	193.737875
57.700000	0.100000	9.992999	193.003763
57.700000	0.200000	9.992999	192.967302
57.700000	0.300000	9.992999	192.912412
57.700000	0.400000	9.992999	192.839148
57.700000	0.500000	9.992999	192.747577
57.700000	0.600000	9.992999	192.637773
57.700000	0.700000	9.992999	192.509823
57.700000	0.800000	9.992999	192.363823
57.700000	0.900000	9.992999	192.199878
57.700000	1.000000	9.992999	192.018104
57.800000	0.000000	8.184818	202.507149
57.800000	0.100000	9.992999	201.803418
57.800000	0.200000	9.992999	201.757615
57.800000	0.300000	9.992999	201.690773
57.800000	0.400000	9.992999	201.602962
57.800000	0.500000	9.992999	201.494266
57.800000	0.600000	9.992999	201.364779
57.800000	0.700000	9.992999	201.214611
57.800000	0.800000	9.992999	201.043883
57.800000	0.900000	9.992999	200.852727
57.800000	1.000000	9.992999	200.641288
57.900000	0.000000	3.628363	212.110578
57.900000	0.100000	9.992999	211.437666
57.900000	0.200000	9.992999	211.380247
57.900000	0.300000	9.992999	211.298664
57.900000	0.400000	9.992999	211.193006
57.900000	0.500000	9.992999	211.063381
57.900000	0.600000	9.992999	210.909909
57.900000	0.700000	9.992999	210.732729
57.900000	0.800000	9.992999	210.531996
57.900000	0.900000	9.992999	210.307876
57.900000	1.000000	9.992999	210.060555
58.000000	0.000000	7.992799	222.672528
58.000000	0.100000	9.992999	222.031007
58.000000	0.200000	9.992999	221.959040
58.000000	0.300000	9.992999	221.859133
58.000000	0.400000	9.992999	221.731405
58.000000	0.500000	9.992999	221.575992
58.000000	0.600000	9.992999	221.393053
58.000000	0.700000	9.992999	221.182764
58.000000	0.800000	9.992999	220.945324
58.000000	0.900000	9.992999	220.680948
58.000000	1.000000	9.992999	220.389873
58.100000	0.000000	6.524652	234.343993
58.100000	0.100000	9.992999	233.733933
58.100000	0.200000	9.992999	233.643592
58.100000	0.300000	9.992999	233.520713
58.100000	0.400000	9.992999	233.365448
58.100000	0.500000	9.992999	233.177978
58.100000	0.600000	9.992999	232.958509
58.100000	0.700000	9.992999	232.707271
58.100000	0.800000	9.992999	232.424522
58.100000	0.900000	9.992999	232.110543
58.100000	1.000000	9.992999	231.765638
58.200000	0.000000	5.628563	247.309179
58.200000	0.100000	9.992999	246.730065
58.200000	0.200000	9.992999	246.616304
58.200000	0.300000	9.992999	246.464341
58.200000	0.400000	9.992999	246.274381
58.200000	0.500000	9.992999	246.046661
58.200000	0.600000	9.992999	245.781454
58.200000	0.700000	9.992999	245.479067
58.200000	0.800000	9.992999	245.139836
58.200000	0.900000	9.992999	244.764132
58.200000	1.000000	9.992999	244.352354
58.300000	0.000000	7.908791	261.795525
58.300000	0.100000	9.992999	261.245769
58.300000	0.200000	9.992999	261.101837
58.300000	0.300000	9.992999	260.912653
58.300000	0.400000	9.992999	260.678492
58.300000	0.500000	9.992999	260.399675
58.300000	0.600000	9.992999	260.076569
58.300000	0.700000	9.992999	259.709583
58.300000	0.800000	9.992999	259.299168
58.300000	0.900000	9.992999	258.845817
58.300000	1.000000	9.992999	258.350063
58.400000	0.000000	8.956896	278.086911
58.400000	0.100000	9.992999	277.563309
58.400000	0.200000	9.992999	277.380044
58.400000	0.300000	9.992999	277.142638
58.400000	0.400000	9.992999	276.851470
58.400000	0.500000	9.992999	276.506981
58.400000	0.600000	9.992999	276.109670
58.400000	0.700000	9.992999	275.660093
58.400000	0.800000	9.992999	275.158865
58.400000	0.900000	9.992999	274.606652
58.400000	1.000000	9.992999	274.004177
58.500000	0.000000	0.480048	296.542480
58.500000	0.100000	9.992999	296.039168
58.500000	0.200000	9.992999	295.803919
58.500000	0.300000	9.992999	295.503170
58.500000	0.400000	9.992999	295.137452
58.500000	0.500000	9.992999	294.707376
58.500000	0.600000	9.992999	294.213638
58.500000	0.700000	9.992999	293.657009
58.500000	0.800000	9.992999	293.038338
58.500000	0.900000	9.992999	292.358546
58.500000	1.000000	9.992999	291.618625
58.600000	0.000000	0.428043	317.623386
58.600000	0.100000	9.992999	317.130021
58.600000	0.200000	9.992999	316.824995
58.600000	0.300000	9.992999	316.439722
58.600000	0.400000	9.992999	315.974959
58.600000	0.500000	9.992999	315.431577
58.600000	0.600000	9.992999	314.810564
58.600000	0.700000	9.992999	314.113011
58.600000	0.800000	9.992999	313.340116
58.600000	0.900000	9.992999	312.493176
58.600000	1.000000	9.992999	311.573582
58.700000	0.000000	4.788479	341.931183
58.700000	0.100000	9.992999	341.430388
58.700000	0.200000	9.992999	341.030008
58.700000	0.300000	9.992999	340.529894
58.700000	0.400000	9.992999	339.931154
58.700000	0.500000	9.992999	339.235061
58.700000	0.600000	9.992999	338.443048
58.700000	0.700000	9.992999	337.556698
58.700000	0.800000	9.992999	336.577740
58.700000	0.900000	9.992999	335.508041
58.700000	1.000000	9.992999	334.349596
58.800000	0.000000	3.564356	370.266550
58.800000	0.100000	9.992999	369.728508
58.800000	0.200000	9.992999	369.195083
58.800000	0.300000	9.992999	368.535654
58.800000	0.400000	9.992999	367.751891
58.800000	0.500000	9.992999	366.845702
58.800000	0.600000	9.992999	365.819226
58.800000	0.700000	9.992999	364.674820
58.800000	0.800000	9.992999	363.415047
58.800000	0.900000	9.992999	362.042662
58.800000	1.000000	9.992999	360.560603
58.900000	0.000000	0.672067	403.717526
58.900000	0.100000	9.992999	403.091539
58.900000	0.200000	9.992999	402.367909
58.900000	0.300000	9.992999	401.482040
58.900000	0.400000	9.992999	400.436528
58.900000	0.500000	9.992999	399.234329
58.900000	0.600000	9.992999	397.878739
58.900000	0.700000	9.992999	396.373375
58.900000	0.800000	9.992999	394.722152
58.900000	0.900000	9.992999	392.929262
58.900000	1.000000	9.992999	390.999150
59.000000	0.000000	4.340434	443.801858
59.000000	0.100000	9.992999	442.999556
59.000000	0.200000	9.992999	441.996064
59.000000	0.300000	9.992999	440.779008
59.000000	0.400000	9.992999	439.352586
59.000000	0.500000	9.992999	437.721549
59.000000	0.600000	9.992999	435.891170
59.000000	0.700000	9.992999	433.867201
59.000000	0.800000	9.992999	431.655836
59.000000	0.900000	9.984998	429.453758
59.000000	1.000000	9.984998	427.683433
59.100000	0.000000	0.932093	492.700824
59.100000	0.100000	9.992999	491.563884
59.100000	0.200000	9.992999	490.134155
59.100000	0.300000	9.992999	488.415897
59.100000	0.400000	9.992999	486.416214
59.100000	0.500000	9.992999	484.143098
59.100000	0.600000	9.992999	481.605354
59.100000	0.700000	9.984998	479.269931
59.100000	0.800000	9.984998	477.224266
59.100000	0.900000	9.984998	474.924647
59.100000	1.000000	9.984998	472.381120
59.200000	0.000000	3.692369	553.664522
59.200000	0.100000	9.992999	551.897670
59.200000	0.200000	9.992999	549.790929
59.200000	0.300000	9.992999	547.282181
59.200000	0.400000	9.992999	544.384136
59.200000	0.500000	9.984998	541.699804
59.200000	0.600000	9.984998	539.337695
59.200000	0.700000	9.984998	536.605507
59.200000	0.800000	9.984998	533.518802
59.200000	0.900000	9.984998	530.094158
59.200000	1.000000	9.984998	526.348999
59.300000	0.000000	7.564756	631.752989
59.300000	0.100000	9.992999	628.775252
59.300000	0.200000	9.992999	625.535722
59.300000	0.300000	9.984998	622.149250
59.300000	0.400000	9.984998	619.456041
59.300000	0.500000	9.984998	616.194930
59.300000	0.600000	9.984998	612.391196
59.300000	0.700000	9.984998	608.072279
59.300000	0.800000	9.984998	603.267407
59.300000	0.900000	9.984998	598.007232
59.300000	1.000000	9.984998	592.323458
59.400000	0.000000	0.616062	735.260490
59.400000	0.100000	9.992999	729.870625
59.400000	0.200000	9.984998	726.608240
59.400000	0.300000	9.984998	722.745205
59.400000	0.400000	9.984998	717.993444
59.400000	0.500000	9.984998	712.401508
59.400000	0.600000	9.984998	706.022218
59.400000	0.700000	9.984998	698.911735
59.400000	0.800000	9.984998	691.128627
59.400000	0.900000	9.984998	682.732976
59.400000	1.000000	9.976998	675.486516
59.500000	0.000000	9.236924	878.923565
59.500000	0.100000	9.984998	872.537392
59.500000	0.200000	9.984998	866.583230
59.500000	0.300000	9.984998	859.126226
59.500000	0.400000	9.984998	850.271621
59.500000	0.500000	9.984998	840.133886
59.500000	0.600000	9.976998	829.312367
59.500000	0.700000	9.976998	819.783699
59.500000	0.800000	9.976998	809.201054
59.500000	0.900000	9.976998	797.685022
59.500000	1.000000	9.976998	785.355086
59.600000	0.000000	7.912791	1091.005897
59.600000	0.100000	9.984998	1080.543823
59.600000	0.200000	9.984998	1067.509076
59.600000	0.300000	9.976998	1052.010959
59.600000	0.400000	9.976998	1038.710400
59.600000	0.500000	9.976998	1023.175939
59.600000	0.600000	9.976998	1005.700734
59.600000	0.700000	9.976998	986.577729
59.600000	0.800000	9.976998	966.092370
59.600000	0.900000	9.968997	947.596617
59.600000	1.000000	9.968997	928.431132
59.700000	0.000000	5.060506	1433.480221
59.700000	0.100000	9.976998	1409.059257
59.700000	0.200000	9.976998	1384.718334
59.700000	0.300000	9.976998	1355.313570
59.700000	0.400000	9.968997	1322.006258
59.700000	0.500000	9.968997	1291.878502
59.700000	0.600000	9.968997	1258.714237
59.700000	0.700000	9.968997	1223.295691
59.700000	0.800000	9.968997	1186.325396
59.700000	0.900000	10.053005	1155.423286
59.700000	1.000000	10.053005	1127.594910
59.800000	0.000000	9.324932	2066.799890
59.800000	0.100000	9.968997	2000.892601
59.800000	0.200000	9.968997	1931.259671
59.800000	0.300000	9.960996	1854.576398
59.800000	0.400000	9.960996	1782.438844
59.800000	0.500000	9.960996	1706.131601
59.800000	0.600000	9.952995	1629.571295
59.800000	0.700000	10.045005	1567.573557
59.800000	0.800000	10.045005	1508.622219
59.800000	0.900000	10.045005	1449.805631
59.800000	1.000000	10.037004	1396.253622
59.900000	0.000000	5.136514	3480.797642
59.900000	0.100000	9.952995	3199.786365
59.900000	0.200000	9.944994	2940.593191
59.900000	0.300000	9.944994	2700.656818
59.900000	0.400000	10.037004	2495.214734
59.900000	0.500000	10.029003	2324.585582
59.900000	0.600000	10.029003	2170.659230
59.900000	0.700000	10.029003	2029.982706
59.900000	0.800000	10.021002	1907.140940
59.900000	0.900000	10.021002	1797.525374
59.900000	1.000000	10.021002	1697.525343
60.000000	0.000000	9.997000	5589.607166
60.000000	0.100000	9.997000	4658.004606
60.000000	0.200000	9.997000	3992.573985
60.000000	0.300000	9.997000	3493.500831
60.000000	0.400000	9.997000	3105.332655
60.000000	0.500000	9.997000	2794.797965
60.000000	0.600000	9.997000	2540.723991
60.000000	0.700000	9.997000	2328.995555
60.000000	0.800000	9.997000	2149.840609
60.000000	0.900000	9.997000	1996.279119
60.000000	1.000000	9.997000	1863.192395
60.100000	0.000000	3.044304	3480.249019
60.100000	0.100000	9.940994	3196.855881
60.100000	0.200000	9.948995	2942.454458
60.100000	0.300000	9.956996	2708.881650
60.100000	0.400000	9.956996	2505.532170
60.100000	0.500000	9.964996	2321.342128
60.100000	0.600000	9.964996	2162.536114
60.100000	0.700000	9.964996	2017.410559
60.100000	0.800000	9.972997	1891.131166
60.100000	0.900000	9.972997	1778.927518
60.100000	1.000000	9.972997	1676.572878
60.200000	0.000000	5.772577	2066.148387
60.200000	0.100000	9.916992	1989.928995
60.200000	0.200000	9.924992	1914.267847
60.200000	0.300000	10.033003	1842.909480
60.200000	0.400000	10.033003	1773.226366
60.200000	0.500000	10.041004	1702.379919
60.200000	0.600000	10.041004	1636.578783
60.200000	0.700000	10.041004	1569.527498
60.200000	0.800000	10.049005	1506.157390
60.200000	0.900000	10.049005	1447.253505
60.200000	1.000000	10.049005	1389.406019
60.300000	0.000000	7.280728	1432.801800
60.300000	0.100000	10.017002	1399.065517
60.300000	0.200000	10.017002	1375.189093
60.300000	0.300000	10.017002	1346.349130
60.300000	0.400000	10.025003	1319.652357
60.300000	0.500000	10.025003	1290.309001
60.300000	0.600000	10.025003	1258.013075
60.300000	0.700000	10.033003	1228.687771
60.300000	0.800000	10.033003	1198.106095
60.300000	0.900000	10.033003	1166.063416
60.300000	1.000000	10.041004	1134.992517
60.400000	0.000000	1.176118	1090.317927
60.400000	0.100000	10.009001	1074.304104
60.400000	0.200000	10.009001	1061.421189
60.400000	0.300000	10.017002	1049.365469
60.400000	0.400000	10.017002	1036.310400
60.400000	0.500000	10.017002	1021.065691
60.400000	0.600000	10.025003	1004.484476
60.400000	0.700000	10.025003	989.801249
60.400000	0.800000	10.025003	973.526485
60.400000	0.900000	10.025003	955.922387
60.400000	1.000000	10.033003	937.780089
60.500000	0.000000	1.232123	878.232841
60.500000	0.100000	10.009001	868.888345
60.500000	0.200000	10.009001	863.001459
60.500000	0.300000	10.009001	855.629663
60.500000	0.400000	10.009001	846.876941
60.500000	0.500000	10.017002	839.541720
60.500000	0.600000	10.017002	831.333817
60.500000	0.700000	10.017002	821.975597
60.500000	0.800000	10.017002	811.584297
60.500000	0.900000	10.025003	801.396420
60.500000	1.000000	10.025003	791.886855
60.600000	0.000000	0.768077	734.545957
60.600000	0.100000	10.009001	727.705193
60.600000	0.200000	10.009001	724.805375
60.600000	0.300000	10.009001	720.984587
60.600000	0.400000	10.009001	716.285676
60.600000	0.500000	10.009001	710.756616
60.600000	0.600000	10.017002	704.555212
60.600000	0.700000	10.017002	699.656121
60.600000	0.800000	10.017002	694.025297
60.600000	0.900000	10.017002	687.717565
60.600000	1.000000	10.017002	680.789221
60.700000	0.000000	6.104610	631.055722
60.700000	0.100000	10.001000	626.963915
60.700000	0.200000	10.009001	623.778965
60.700000	0.300000	10.009001	621.697577
60.700000	0.400000	10.009001	619.032574
60.700000	0.500000	10.009001	615.806446
60.700000	0.600000	10.009001	612.044172
60.700000	0.700000	10.009001	607.772862
60.700000	0.800000	10.017002	603.374705
60.700000	0.900000	10.017002	599.735180
60.700000	1.000000	10.017002	595.634823
60.800000	0.000000	6.168617	552.966198
60.800000	0.100000	10.001000	550.393277
60.800000	0.200000	10.001000	548.294947
60.800000	0.300000	10.009001	545.831969
60.800000	0.400000	10.009001	544.266678
60.800000	0.500000	10.009001	542.308619
60.800000	0.600000	10.009001	539.970684
60.800000	0.700000	10.009001	537.267088
60.800000	0.800000	10.009001	534.213207
60.800000	0.900000	10.009001	530.825421
60.800000	1.000000	10.017002	527.601629
60.900000	0.000000	4.672467	492.001793
60.900000	0.100000	10.001000	490.300387
60.900000	0.200000	10.001000	488.876366
60.900000	0.300000	10.001000	487.164967
60.900000	0.400000	10.009001	485.204461
60.900000	0.500000	10.009001	483.985096
60.900000	0.600000	10.009001	482.488916
60.900000	0.700000	10.009001	480.723824
60.900000	0.800000	10.009001	478.698478
60.900000	0.900000	10.009001	476.422209
60.900000	1.000000	10.009001	473.904945
61.000000	0.000000	4.984498	443.102183
61.000000	0.100000	10.001000	441.929969
61.000000	0.200000	10.001000	440.930483
61.000000	0.300000	10.001000	439.718286
61.000000	0.400000	10.001000	438.297558
61.000000	0.500000	10.009001	436.700594
61.000000	0.600000	10.009001	435.724205
61.000000	0.700000	10.009001	434.545463
61.000000	0.800000	10.009001	433.169478
61.000000	0.900000	10.009001	431.601811
61.000000	1.000000	10.009001	429.848438
61.100000	0.000000	2.292229	403.017538
61.100000	0.100000	10.001000	402.181304
61.100000	0.200000	10.001000	401.460564
61.100000	0.300000	10.001000	400.578231
61.100000	0.400000	10.001000	399.536893
61.100000	0.500000	10.001000	398.339493
61.100000	0.600000	10.009001	397.013921
61.100000	0.700000	10.009001	396.214632
61.100000	0.800000	10.009001	395.262975
61.100000	0.900000	10.009001	394.162398
61.100000	1.000000	10.009001	392.916631
61.200000	0.000000	3.628363	369.566235
61.200000	0.100000	10.001000	368.951498
61.200000	0.200000	10.001000	368.420202
61.200000	0.300000	10.001000	367.763406
61.200000	0.400000	10.001000	366.982772
61.200000	0.500000	10.001000	366.080201
61.200000	0.600000	10.001000	365.057823
61.200000	0.700000	10.009001	363.940144
61.200000	0.800000	10.009001	363.273873
61.200000	0.900000	10.009001	362.490026
61.200000	1.000000	10.009001	361.591012
61.300000	0.000000	5.816582	341.230597
61.300000	0.100000	10.001000	340.766383
61.300000	0.200000	10.001000	340.367602
61.300000	0.300000	10.001000	339.869484
61.300000	0.400000	10.001000	339.273134
61.300000	0.500000	10.001000	338.579821
61.300000	0.600000	10.001000	337.790970
61.300000	0.700000	10.001000	336.908158
61.300000	0.800000	10.009001	335.953210
61.300000	0.900000	10.009001	335.389360
61.300000	1.000000	10.009001	334.732892
61.400000	0.000000	1.548155	316.922562
61.400000	0.100000	10.001000	316.563063
61.400000	0.200000	10.001000	316.259256
61.400000	0.300000	10.001000	315.875520
61.400000	0.400000	10.001000	315.412612
61.400000	0.500000	10.001000	314.871400
61.400000	0.600000	10.001000	314.252866
61.400000	0.700000	10.001000	313.558098
61.400000	0.800000	10.001000	312.788288
61.400000	0.900000	10.009001	311.963082
61.400000	1.000000	10.009001	311.479756
61.500000	0.000000	7.992799	295.841465
61.500000	0.100000	10.001000	295.556446
61.500000	0.200000	10.001000	295.322136
61.500000	0.300000	10.001000	295.022588
61.500000	0.400000	10.001000	294.658330
61.500000	0.500000	10.001000	294.229971
61.500000	0.600000	10.001000	293.738203
61.500000	0.700000	10.001000	293.183796
61.500000	0.800000	10.001000	292.567595
61.500000	0.900000	10.001000	291.890517
61.500000	1.000000	10.009001	291.170398
61.600000	0.000000	3.572357	277.385766
61.600000	0.100000	10.001000	277.154385
61.600000	0.200000	10.001000	276.971851
61.600000	0.300000	10.001000	276.735393
61.600000	0.400000	10.001000	276.445388
61.600000	0.500000	10.001000	276.102274
61.600000	0.600000	10.001000	275.706548
61.600000	0.700000	10.001000	275.258766
61.600000	0.800000	10.001000	274.759539
61.600000	0.900000	10.001000	274.209531
61.600000	1.000000	10.001000	273.609460
61.700000	0.000000	6.856686	261.094230
61.700000	0.100000	10.001000	260.902028
61.700000	0.200000	10.001000	260.758671
61.700000	0.300000	10.001000	260.570241
61.700000	0.400000	10.001000	260.337015
61.700000	0.500000	10.001000	260.059312
61.700000	0.600000	10.001000	259.737495
61.700000	0.700000	10.001000	259.371974
61.700000	0.800000	10.001000	258.963197
61.700000	0.900000	10.001000	258.511656
61.700000	1.000000	10.001000	258.017880
61.800000	0.000000	7.484748	246.607764
61.800000	0.100000	10.001000	246.444315
61.800000	0.200000	10.001000	246.331009
61.800000	0.300000	10.001000	246.179653
61.800000	0.400000	10.001000	245.990450
61.800000	0.500000	10.001000	245.763639
61.800000	0.600000	10.001000	245.499491
61.800000	0.700000	10.001000	245.198311
61.800000	0.800000	10.001000	244.860434
61.800000	0.900000	10.001000	244.486230
61.800000	1.000000	10.001000	244.076096
61.900000	0.000000	0.324032	233.642536
61.900000	0.100000	10.001000	233.500110
61.900000	0.200000	10.001000	233.410131
61.900000	0.300000	10.001000	233.287742
61.900000	0.400000	10.001000	233.133097
61.900000	0.500000	10.001000	232.946375
61.900000	0.600000	10.001000	232.727782
61.900000	0.700000	10.001000	232.477547
61.900000	0.800000	10.001000	232.195927
61.900000	0.900000	10.001000	231.883200
61.900000	1.000000	10.001000	231.539672
62.000000	0.000000	0.896090	221.970893
62.000000	0.100000	10.001000	221.843950
62.000000	0.200000	10.001000	221.772271
62.000000	0.300000	10.001000	221.672763
62.000000	0.400000	10.001000	221.545545
62.000000	0.500000	10.001000	221.390753
62.000000	0.600000	10.001000	221.208543
62.000000	0.700000	10.001000	220.999094
62.000000	0.800000	10.001000	220.762601
62.000000	0.900000	10.001000	220.499281
62.000000	1.000000	10.001000	220.209367
62.100000	0.000000	3.028303	211.408903
62.100000	0.100000	10.001000	211.292949
62.100000	0.200000	10.001000	211.235759
62.100000	0.300000	10.001000	211.154501
62.100000	0.400000	10.001000	211.049266
62.100000	0.500000	10.001000	210.920157
62.100000	0.600000	10.001000	210.767298
62.100000	0.700000	10.001000	210.590826
62.100000	0.800000	10.001000	210.390893
62.100000	0.900000	10.001000	210.167668
62.100000	1.000000	10.001000	209.921334
62.200000	0.000000	3.208321	201.805468
62.200000	0.100000	10.001000	201.697212
62.200000	0.200000	10.001000	201.651592
62.200000	0.300000	10.001000	201.585017
62.200000	0.400000	10.001000	201.497557
62.200000	0.500000	10.001000	201.389294
62.200000	0.600000	10.001000	201.260325
62.200000	0.700000	10.001000	201.110756
62.200000	0.800000	10.001000	200.940709
62.200000	0.900000	10.001000	200.750316
62.200000	1.000000	10.001000	200.539720
62.300000	0.000000	4.864486	193.035992
62.300000	0.100000	10.001000	192.932739
62.300000	0.200000	10.001000	192.896423
62.300000	0.300000	10.001000	192.841753
62.300000	0.400000	10.001000	192.768782
62.300000	0.500000	10.001000	192.677576
62.300000	0.600000	10.001000	192.568210
62.300000	0.700000	10.001000	192.440771
62.300000	0.800000	10.001000	192.295353
62.300000	0.900000	10.001000	192.132063
62.300000	1.000000	10.001000	191.951014
62.400000	0.000000	4.720472	184.996443
62.400000	0.100000	10.001000	184.896064
62.400000	0.200000	10.001000	184.867281
62.400000	0.300000	10.001000	184.822330
62.400000	0.400000	10.001000	184.761255
62.400000	0.500000	10.001000	184.684109
62.400000	0.600000	10.001000	184.590951
62.400000	0.700000	10.001000	184.481849
62.400000	0.800000	10.001000	184.356881
62.400000	0.900000	10.001000	184.216131
62.400000	1.000000	10.001000	184.059692
62.500000	0.000000	9.184918	177.599406
62.500000	0.100000	10.001000	177.500185
62.500000	0.200000	10.001000	177.477535
62.500000	0.300000	10.001000	177.440571
62.500000	0.400000	10.001000	177.389328
62.500000	0.500000	10.001000	177.323848
62.500000	0.600000	10.001000	177.244180
62.500000	0.700000	10.001000	177.150379
62.500000	0.800000	10.001000	177.042506
62.500000	0.900000	10.001000	176.920631
62.500000	1.000000	10.001000	176.784829
62.600000	0.000000	2.892289	170.770909
62.600000	0.100000	10.001000	170.671419
62.600000	0.200000	10.001000	170.653787
62.600000	0.300000	10.001000	170.623422
62.600000	0.400000	10.001000	170.580353
62.600000	0.500000	10.001000	170.524615
62.600000	0.600000	10.001000	170.456245
62.600000	0.700000	10.001000	170.375290
62.600000	0.800000	10.001000	170.281799
62.600000	0.900000	10.001000	170.175829
62.600000	1.000000	10.001000	170.057440
62.700000	0.000000	3.916392	164.446828
62.700000	0.100000	10.001000	164.346948
62.700000	0.200000	10.001000	164.333439
62.700000	0.300000	10.001000	164.308556
62.700000	0.400000	10.001000	164.272320
62.700000	0.500000	10.001000	164.224760
62.700000	0.600000	10.001000	164.165908
62.700000	0.700000	10.001000	164.095801
62.700000	0.800000	10.001000	164.014479
62.700000	0.900000	10.001000	163.921989
62.700000	1.000000	10.001000	163.818380
62.800000	0.000000	5.900590	158.576248
62.800000	0.100000	10.001000	158.472889
62.800000	0.200000	10.001000	158.462783
62.800000	0.300000	10.001000	158.442473
62.800000	0.400000	10.001000	158.411978
62.800000	0.500000	10.001000	158.371321
62.800000	0.600000	10.001000	158.320528
62.800000	0.700000	10.001000	158.259629
62.800000	0.800000	10.001000	158.188659
62.800000	0.900000	10.001000	158.107655
62.800000	1.000000	10.001000	158.016660
62.900000	0.000000	3.832383	153.109409
62.900000	0.100000	10.001000	153.002767
62.900000	0.200000	10.001000	152.995477
62.900000	0.300000	10.001000	152.978999
62.900000	0.400000	10.001000	152.953348
62.900000	0.500000	10.001000	152.918544
62.900000	0.600000	10.001000	152.874609
62.900000	0.700000	10.001000	152.821566
62.900000	0.800000	10.001000	152.759446
62.900000	0.900000	10.001000	152.688278
62.900000	1.000000	10.001000	152.608099
63.000000	0.000000	0.112011	148.006968
63.000000	0.100000	9.992999	147.897820
63.000000	0.200000	10.001000	147.891325
63.000000	0.300000	10.001000	147.878069
63.000000	0.400000	10.001000	147.856524
63.000000	0.500000	10.001000	147.826705
63.000000	0.600000	10.001000	147.788631
63.000000	0.700000	10.001000	147.742322
63.000000	0.800000	10.001000	147.687801
63.000000	0.900000	10.001000	147.625097
63.000000	1.000000	10.001000	147.554237
63.100000	0.000000	3.392339	143.233654
63.100000	0.100000	9.992999	143.138229
63.100000	0.200000	10.001000	143.115296
63.100000	0.300000	10.001000	143.104759
63.100000	0.400000	10.001000	143.086706
63.100000	0.500000	10.001000	143.061150
63.100000	0.600000	10.001000	143.028105
63.100000	0.700000	10.001000	142.987591
63.100000	0.800000	10.001000	142.939627
63.100000	0.900000	10.001000	142.884234
63.100000	1.000000	10.001000	142.821438
63.200000	0.000000	0.080008	138.758665
63.200000	0.100000	9.992999	138.674147
63.200000	0.200000	10.001000	138.636718
63.200000	0.300000	10.001000	138.628481
63.200000	0.400000	10.001000	138.613408
63.200000	0.500000	10.001000	138.591510
63.200000	0.600000	10.001000	138.562800
63.200000	0.700000	10.001000	138.527293
63.200000	0.800000	10.001000	138.485006
63.200000	0.900000	10.001000	138.435956
63.200000	1.000000	10.001000	138.380166
63.300000	0.000000	1.620162	134.554973
63.300000	0.100000	9.992999	134.478855
63.300000	0.200000	10.001000	134.428622
63.300000	0.300000	10.001000	134.422336
63.300000	0.400000	10.001000	134.409814
63.300000	0.500000	10.001000	134.391067
63.300000	0.600000	10.001000	134.366105
63.300000	0.700000	10.001000	134.334940
63.300000	0.800000	10.001000	134.297586
63.300000	0.900000	10.001000	134.254061
63.300000	1.000000	10.001000	134.204380
63.400000	0.000000	9.716972	130.598582
63.400000	0.100000	9.992999	130.528757
63.400000	0.200000	10.001000	130.467200
63.400000	0.300000	10.001000	130.462572
63.400000	0.400000	10.001000	130.452241
63.400000	0.500000	10.001000	130.436215
63.400000	0.600000	10.001000	130.414504
63.400000	0.700000	10.001000	130.387118
63.400000	0.800000	10.001000	130.354068
63.400000	0.900000	10.001000	130.315369
63.400000	1.000000	10.001000	130.271036
63.500000	0.000000	5.024502	126.868378
63.500000	0.100000	9.992999	126.802937
63.500000	0.200000	9.992999	126.732702
63.500000	0.300000	10.001000	126.728139
63.500000	0.400000	10.001000	126.719694
63.500000	0.500000	10.001000	126.706027
63.500000	0.600000	10.001000	126.687144
63.500000	0.700000	10.001000	126.663056
63.500000	0.800000	10.001000	126.633773
63.500000	0.900000	10.001000	126.599305
63.500000	1.000000	10.001000	126.559668
63.600000	0.000000	2.084208	123.345522
63.600000	0.100000	9.992999	123.282793
63.600000	0.200000	9.992999	123.217296
63.600000	0.300000	10.001000	123.200317
63.600000	0.400000	10.001000	123.193499
63.600000	0.500000	10.001000	123.181879
63.600000	0.600000	10.001000	123.165466
63.600000	0.700000	10.001000	123.144265
63.600000	0.800000	10.001000	123.118288
63.600000	0.900000	10.001000	123.087542
63.600000	1.000000	10.001000	123.052040
63.700000	0.000000	2.740274	120.013175
63.700000	0.100000	9.992999	119.951721
63.700000	0.200000	9.992999	119.890515
63.700000	0.300000	10.001000	119.862400
63.700000	0.400000	10.001000	119.856988
63.700000	0.500000	10.001000	119.847152
63.700000	0.600000	10.001000	119.832898
63.700000	0.700000	10.001000	119.814233
63.700000	0.800000	10.001000	119.791165
63.700000	0.900000	10.001000	119.763702
63.700000	1.000000	10.001000	119.731854
63.800000	0.000000	6.740674	116.856230
63.800000	0.100000	9.992999	116.794859
63.800000	0.200000	9.992999	116.737548
63.800000	0.300000	10.001000	116.699434
63.800000	0.400000	10.001000	116.695239
63.800000	0.500000	10.001000	116.686959
63.800000	0.600000	10.001000	116.674600
63.800000	0.700000	10.001000	116.658167
63.800000	0.800000	10.001000	116.637667
63.800000	0.900000	10.001000	116.613108
63.800000	1.000000	10.001000	116.584497
63.900000	0.000000	3.772377	113.861537
63.900000	0.100000	9.992999	113.798859
63.900000	0.200000	9.992999	113.745096
63.900000	0.300000	10.001000	113.697993
63.900000	0.400000	10.001000	113.694854
63.900000	0.500000	10.001000	113.687935
63.900000	0.600000	10.001000	113.677242
63.900000	0.700000	10.001000	113.662778
63.900000	0.800000	10.001000	113.644550
63.900000	0.900000	10.001000	113.622565
63.900000	1.000000	10.001000	113.596829
64.000000	0.000000	1.696170	111.016657
64.000000	0.100000	9.992999	110.951704
64.000000	0.200000	9.992999	110.901179
64.000000	0.300000	9.992999	110.847168
64.000000	0.400000	10.001000	110.843767
64.000000	0.500000	10.001000	110.838041
64.000000	0.600000	10.001000	110.828815
64.000000	0.700000	10.001000	110.816093
64.000000	0.800000	10.001000	110.799880
64.000000	0.900000	10.001000	110.780183
64.000000	1.000000	10.001000	110.757007
64.100000	0.000000	7.504750	108.310663
64.100000	0.100000	9.992999	108.242543
64.100000	0.200000	9.992999	108.194982
64.100000	0.300000	9.992999	108.144182
64.100000	0.400000	10.001000	108.131086
64.100000	0.500000	10.001000	108.126406
64.100000	0.600000	10.001000	108.118475
64.100000	0.700000	10.001000	108.107297
64.100000	0.800000	10.001000	108.092875
64.100000	0.900000	10.001000	108.075217
64.100000	1.000000	10.001000	108.054325
64.200000	0.000000	4.720472	105.733693
64.200000	0.100000	9.992999	105.661556
64.200000	0.200000	9.992999	105.616713
64.200000	0.300000	9.992999	105.568856
64.200000	0.400000	10.001000	105.546952
64.200000	0.500000	10.001000	105.543191
64.200000	0.600000	10.001000	105.536405
64.200000	0.700000	10.001000	105.526597
64.200000	0.800000	10.001000	105.513772
64.200000	0.900000	10.001000	105.497932
64.200000	1.000000	10.001000	105.479085
64.300000	0.000000	0.584058	103.275398
64.300000	0.100000	9.992999	103.199830
64.300000	0.200000	9.992999	103.157485
64.300000	0.300000	9.992999	103.112332
64.300000	0.400000	10.001000	103.082418
64.300000	0.500000	10.001000	103.079465
64.300000	0.600000	10.001000	103.073694
64.300000	0.700000	10.001000	103.065105
64.300000	0.800000	10.001000	103.053704
64.300000	0.900000	10.001000	103.039493
64.300000	1.000000	10.001000	103.022477
64.400000	0.000000	0.684068	100.931571
64.400000	0.100000	9.992999	100.849261
64.400000	0.200000	9.992999	100.809218
64.400000	0.300000	9.992999	100.766553
64.400000	0.400000	10.001000	100.729349
64.400000	0.500000	10.001000	100.727108
64.400000	0.600000	10.001000	100.722236
64.400000	0.700000	10.001000	100.714735
64.400000	0.800000	10.001000	100.704606
64.400000	0.900000	10.001000	100.691855
64.400000	1.000000	10.001000	100.676484
64.500000	0.000000	6.132613	98.690848
64.500000	0.100000	9.992999	98.602462
64.500000	0.200000	9.992999	98.564544
64.500000	0.300000	9.992999	98.524174
64.500000	0.400000	9.992999	98.481355
64.500000	0.500000	10.001000	98.478717
64.500000	0.600000	10.001000	98.474644
64.500000	0.700000	10.001000	98.468112
64.500000	0.800000	10.001000	98.459124
64.500000	0.900000	10.001000	98.447683
64.500000	1.000000	10.001000	98.433792
64.600000	0.000000	9.876988	96.547713
64.600000	0.100000	9.992999	96.452687
64.600000	0.200000	9.992999	96.416734
64.600000	0.300000	9.992999	96.378484
64.600000	0.400000	9.992999	96.337941
64.600000	0.500000	10.001000	96.327531
64.600000	0.600000	10.001000	96.324168
64.600000	0.700000	10.001000	96.318503
64.600000	0.800000	10.001000	96.310538
64.600000	0.900000	10.001000	96.300276
64.600000	1.000000	10.001000	96.287719
64.700000	0.000000	0.364036	94.495914
64.700000	0.100000	9.992999	94.393762
64.700000	0.200000	9.992999	94.359628
64.700000	0.300000	9.992999	94.323342
64.700000	0.400000	9.992999	94.284905
64.700000	0.500000	10.001000	94.267360
64.700000	0.600000	10.001000	94.264630
64.700000	0.700000	10.001000	94.259741
64.700000	0.800000	10.001000	94.252695
64.700000	0.900000	10.001000	94.243495
64.700000	1.000000	10.001000	94.232142
64.800000	0.000000	6.960696	92.529715
64.800000	0.100000	9.992999	92.420024
64.800000	0.200000	9.992999	92.387580
64.800000	0.300000	9.992999	92.353113
64.800000	0.400000	9.992999	92.316628
64.800000	0.500000	10.001000	92.292531
64.800000	0.600000	10.001000	92.290364
64.800000	0.700000	10.001000	92.286171
64.800000	0.800000	10.001000	92.279952
64.800000	0.900000	10.001000	92.271710
64.800000	1.000000	10.001000	92.261446
64.900000	0.000000	5.424542	90.644002
64.900000	0.100000	9.992999	90.526272
64.900000	0.200000	9.992999	90.495398
64.900000	0.300000	9.992999	90.462623
64.900000	0.400000	9.992999	90.427950
64.900000	0.500000	10.001000	90.397830
64.900000	0.600000	10.001000	90.396167
64.900000	0.700000	10.001000	90.392597
64.900000	0.800000	10.001000	90.387123
64.900000	0.900000	10.001000	90.379747
64.900000	1.000000	10.001000	90.370470
65.000000	0.000000	1.916192	88.833875
65.000000	0.100000	9.992999	88.707721
65.000000	0.200000	9.992999	88.678309
65.000000	0.300000	9.992999	88.647108
65.000000	0.400000	9.992999	88.614119
65.000000	0.500000	9.992999	88.579345
65.000000	0.600000	10.001000	88.577246
65.000000	0.700000	10.001000	88.574237
65.000000	0.800000	10.001000	88.569435
65.000000	0.900000	10.001000	88.562842
65.000000	1.000000	10.001000	88.554459
65.100000	0.000000	8.940894	87.094857
65.100000	0.100000	9.992999	86.959959
65.100000	0.200000	9.992999	86.931910
65.100000	0.300000	9.992999	86.902175
65.100000	0.400000	9.992999	86.870754
65.100000	0.500000	9.992999	86.837653
65.100000	0.600000	10.001000	86.829186
65.100000	0.700000	10.001000	86.826681
65.100000	0.800000	10.001000	86.822486
65.100000	0.900000	10.001000	86.816602
65.100000	1.000000	10.001000	86.809033
65.200000	0.000000	1.220122	85.422897
65.200000	0.100000	9.992999	85.278911
65.200000	0.200000	9.992999	85.252135
65.200000	0.300000	9.992999	85.223768
65.200000	0.400000	9.992999	85.193812
65.200000	0.500000	9.992999	85.162268
65.200000	0.600000	10.001000	85.147910
65.200000	0.700000	10.001000	85.145858
65.200000	0.800000	10.001000	85.142211
65.200000	0.900000	10.001000	85.136972
65.200000	1.000000	10.001000	85.130141
65.300000	0.000000	1.800180	83.814170
65.300000	0.100000	9.992999	83.660811
65.300000	0.200000	9.992999	83.635226
65.300000	0.300000	9.992999	83.608138
65.300000	0.400000	9.992999	83.579548
65.300000	0.500000	9.992999	83.549459
65.300000	0.600000	10.001000	83.529646
65.300000	0.700000	10.001000	83.528002
65.300000	0.800000	10.001000	83.524852
65.300000	0.900000	10.001000	83.520197
65.300000	1.000000	10.001000	83.514039
65.400000	0.000000	1.996200	82.265178
65.400000	0.100000	9.992999	82.102170
65.400000	0.200000	9.992999	82.077700
65.400000	0.300000	9.992999	82.051809
65.400000	0.400000	9.992999	82.024497
65.400000	0.500000	9.992999	81.995768
65.400000	0.600000	10.001000	81.970902
65.400000	0.700000	10.001000	81.969626
65.400000	0.800000	10.001000	81.966925
65.400000	0.900000	10.001000	81.962802
65.400000	1.000000	10.001000	81.957256
65.500000	0.000000	8.748875	80.772651
65.500000	0.100000	9.992999	80.599753
65.500000	0.200000	9.992999	80.576329
65.500000	0.300000	9.992999	80.551558
65.500000	0.400000	9.992999	80.525444
65.500000	0.500000	9.992999	80.497987
65.500000	0.600000	9.992999	80.469190
65.500000	0.700000	10.001000	80.467493
65.500000	0.800000	10.001000	80.465200
65.500000	0.900000	10.001000	80.461560
65.500000	1.000000	10.001000	80.456574
65.600000	0.000000	1.304130	79.333627
65.600000	0.100000	9.992999	79.150554
65.600000	0.200000	9.992999	79.128111
65.600000	0.300000	9.992999	79.104393
65.600000	0.400000	9.992999	79.079401
65.600000	0.500000	9.992999	79.053138
65.600000	0.600000	9.992999	79.025604
65.600000	0.700000	10.001000	79.018599
65.600000	0.800000	10.001000	79.016676
65.600000	0.900000	10.001000	79.013476
65.600000	1.000000	10.001000	79.009001
65.700000	0.000000	4.148415	77.945159
65.700000	0.100000	9.992999	77.751778
65.700000	0.200000	9.992999	77.730258
65.700000	0.300000	9.992999	77.707529
65.700000	0.400000	9.992999	77.683591
65.700000	0.500000	9.992999	77.658447
65.700000	0.600000	9.992999	77.632098
65.700000	0.700000	10.001000	77.620149
65.700000	0.800000	10.001000	77.618561
65.700000	0.900000	10.001000	77.615763
65.700000	1.000000	10.001000	77.611755
65.800000	0.000000	4.476448	76.604793
65.800000	0.100000	9.992999	76.400824
65.800000	0.200000	9.992999	76.380172
65.800000	0.300000	9.992999	76.358372
65.800000	0.400000	9.992999	76.335425
65.800000	0.500000	9.992999	76.311333
65.800000	0.600000	9.992999	76.286097
65.800000	0.700000	10.001000	76.269539
65.800000	0.800000	10.001000	76.268257
65.800000	0.900000	10.001000	76.265825
65.800000	1.000000	10.001000	76.262244
65.900000	0.000000	1.776178	75.310034
65.900000	0.100000	9.992999	75.095263
65.900000	0.200000	9.992999	75.075430
65.900000	0.300000	9.992999	75.054505
65.900000	0.400000	9.992999	75.032491
65.900000	0.500000	9.992999	75.009388
65.900000	0.600000	9.992999	74.985199
65.900000	0.700000	10.001000	74.964344
65.900000	0.800000	10.001000	74.963338
65.900000	0.900000	10.001000	74.961240
65.900000	1.000000	10.001000	74.958051
66.000000	0.000000	0.228023	74.058343
66.000000	0.100000	9.992999	73.832833
66.000000	0.200000	9.992999	73.813771
66.000000	0.300000	9.992999	73.793671
66.000000	0.400000	9.992999	73.772535
66.000000	0.500000	9.992999	73.750364
66.000000	0.600000	9.992999	73.727159
66.000000	0.700000	9.992999	73.702923
66.000000	0.800000	10.001000	73.701542
66.000000	0.900000	10.001000	73.699749
66.000000	1.000000	10.001000	73.696919
66.100000	0.000000	1.816182	72.848199
66.100000	0.100000	9.992999	72.611414
66.100000	0.200000	9.992999	72.593081
66.100000	0.300000	9.992999	72.573759
66.100000	0.400000	9.992999	72.553452
66.100000	0.500000	9.992999	72.532159
66.100000	0.600000	9.992999	72.509883
66.100000	0.700000	9.992999	72.486624
66.100000	0.800000	10.001000	72.480753
66.100000	0.900000	10.001000	72.479239
66.100000	1.000000	10.001000	72.476738
66.200000	0.000000	3.588359	71.677068
66.200000	0.100000	9.992999	71.429028
66.200000	0.200000	9.992999	71.411382
66.200000	0.300000	9.992999	71.392797
66.200000	0.400000	9.992999	71.373271
66.200000	0.500000	9.992999	71.352808
66.200000	0.600000	9.992999	71.331407
66.200000	0.700000	9.992999	71.309070
66.200000	0.800000	10.001000	71.298992
66.200000	0.900000	10.001000	71.297734
66.200000	1.000000	10.001000	71.295535
66.300000	0.000000	6.252625	70.543249
66.300000	0.100000	9.992999	70.283818
66.300000	0.200000	9.992999	70.266824
66.300000	0.300000	9.992999	70.248933
66.300000	0.400000	9.992999	70.230147
66.300000	0.500000	9.992999	70.210466
66.300000	0.600000	9.992999	70.189892
66.300000	0.700000	9.992999	70.168425
66.300000	0.800000	10.001000	70.154405
66.300000	0.900000	10.001000	70.153380
66.300000	1.000000	10.001000	70.151458
66.400000	0.000000	4.940494	69.445000
66.400000	0.100000	9.992999	69.174045
66.400000	0.200000	9.992999	69.157667
66.400000	0.300000	9.992999	69.140435
66.400000	0.400000	9.992999	69.122348
66.400000	0.500000	9.992999	69.103407
66.400000	0.600000	9.992999	69.083614
66.400000	0.700000	9.992999	69.062970
66.400000	0.800000	10.001000	69.045253
66.400000	0.900000	10.001000	69.044442
66.400000	1.000000	10.001000	69.042775
66.500000	0.000000	2.196220	68.380675
66.500000	0.100000	9.992999	68.098076
66.500000	0.200000	9.992999	68.082283
66.500000	0.300000	9.992999	68.065674
66.500000	0.400000	9.992999	68.048249
66.500000	0.500000	9.992999	68.030009
66.500000	0.600000	9.992999	68.010955
66.500000	0.700000	9.992999	67.991089
66.500000	0.800000	9.992999	67.970410
66.500000	0.900000	10.001000	67.969289
66.500000	1.000000	10.001000	67.967857
66.600000	0.000000	0.864086	67.348730
66.600000	0.100000	9.992999	67.054379
66.600000	0.200000	9.992999	67.039140
66.600000	0.300000	9.992999	67.023122
66.600000	0.400000	9.992999	67.006324
66.600000	0.500000	9.992999	66.988747
66.600000	0.600000	9.992999	66.970394
66.600000	0.700000	9.992999	66.951263
66.600000	0.800000	9.992999	66.931357
66.600000	0.900000	10.001000	66.926389
66.600000	1.000000	10.001000	66.925173
66.700000	0.000000	0.368037	66.347762
66.700000	0.100000	9.992999	66.041509
66.700000	0.200000	9.992999	66.026797
66.700000	0.300000	9.992999	66.011339
66.700000	0.400000	9.992999	65.995136
66.700000	0.500000	9.992999	65.978189
66.700000	0.600000	9.992999	65.960499
66.700000	0.700000	9.992999	65.942066
66.700000	0.800000	9.992999	65.922891
66.700000	0.900000	10.001000	65.914302
66.700000	1.000000	10.001000	65.913284
66.800000	0.000000	3.436344	65.376328
66.800000	0.100000	9.992999	65.058110
66.800000	0.200000	9.992999	65.043898
66.800000	0.300000	9.992999	65.028972
66.800000	0.400000	9.992999	65.013334
66.800000	0.500000	9.992999	64.996984
66.800000	0.600000	9.992999	64.979923
66.800000	0.700000	9.992999	64.962151
66.800000	0.800000	9.992999	64.943670
66.800000	0.900000	10.001000	64.931671
66.800000	1.000000	10.001000	64.930836
66.900000	0.000000	6.308631	64.433189
66.900000	0.100000	9.992999	64.102901
66.900000	0.200000	9.992999	64.089165
66.900000	0.300000	9.992999	64.074746
66.900000	0.400000	9.992999	64.059644
66.900000	0.500000	9.992999	64.043861
66.900000	0.600000	9.992999	64.027397
66.900000	0.700000	9.992999	64.010253
66.900000	0.800000	9.992999	63.992430
66.900000	0.900000	10.001000	63.977219
66.900000	1.000000	10.001000	63.976552
67.000000	0.000000	4.060406	63.517132
67.000000	0.100000	9.992999	63.174678
67.000000	0.200000	9.992999	63.161394
67.000000	0.300000	9.992999	63.147456
67.000000	0.400000	9.992999	63.132865
67.000000	0.500000	9.992999	63.117621
67.000000	0.600000	9.992999	63.101724
67.000000	0.700000	9.992999	63.085177
67.000000	0.800000	9.992999	63.067978
67.000000	0.900000	9.992999	63.050130
67.000000	1.000000	10.001000	63.049229
67.100000	0.000000	6.848685	62.626975
67.100000	0.100000	9.992999	62.272301
67.100000	0.200000	9.992999	62.259448
67.100000	0.300000	9.992999	62.245968
67.100000	0.400000	9.992999	62.231862
67.100000	0.500000	9.992999	62.217131
67.100000	0.600000	9.992999	62.201774
67.100000	0.700000	9.992999	62.185793
67.100000	0.800000	9.992999	62.169189
67.100000	0.900000	9.992999	62.151961
67.100000	1.000000	10.001000	62.147729
67.200000	0.000000	3.728373	61.761724
67.200000	0.100000	9.992999	61.394694
67.200000	0.200000	9.992999	61.382253
67.200000	0.300000	9.992999	61.369210
67.200000	0.400000	9.992999	61.355566
67.200000	0.500000	9.992999	61.341322
67.200000	0.600000	9.992999	61.326479
67.200000	0.700000	9.992999	61.311037
67.200000	0.800000	9.992999	61.294997
67.200000	0.900000	9.992999	61.278360
67.200000	1.000000	10.001000	61.270979
67.300000	0.000000	0.008001	60.845220
67.300000	0.100000	9.992999	60.540843
67.300000	0.200000	9.992999	60.528793
67.300000	0.300000	9.992999	60.516166
67.300000	0.400000	9.992999	60.502963
67.300000	0.500000	9.992999	60.489184
67.300000	0.600000	9.992999	60.474830
67.300000	0.700000	9.992999	60.459902
67.300000	0.800000	9.992999	60.444399
67.300000	0.900000	9.992999	60.428323
67.300000	1.000000	10.001000	60.417965
67.400000	0.000000	8.620862	60.101699
67.400000	0.100000	9.992999	59.709784
67.400000	0.200000	9.992999	59.698108
67.400000	0.300000	9.992999	59.685879
67.400000	0.400000	9.992999	59.673096
67.400000	0.500000	9.992999	59.659760
67.400000	0.600000	9.992999	59.645872
67.400000	0.700000	9.992999	59.631432
67.400000	0.800000	9.992999	59.616441
67.400000	0.900000	9.992999	59.600900
67.400000	1.000000	10.001000	59.587726
67.500000	0.000000	2.356236	59.305058
67.500000	0.100000	9.992999	58.900608
67.500000	0.200000	9.992999	58.889289
67.500000	0.300000	9.992999	58.877439
67.500000	0.400000	9.992999	58.865057
67.500000	0.500000	9.992999	58.852144
67.500000	0.600000	9.992999	58.838700
67.500000	0.700000	9.992999	58.824726
67.500000	0.800000	9.992999	58.810223
67.500000	0.900000	9.992999	58.795191
67.500000	1.000000	9.992999	58.779630
67.600000	0.000000	5.296530	58.529506
67.600000	0.100000	9.948995	58.193661
67.600000	0.200000	9.992999	58.101475
67.600000	0.300000	9.992999	58.089986
67.600000	0.400000	9.992999	58.077987
67.600000	0.500000	9.992999	58.065477
67.600000	0.600000	9.992999	58.052458
67.600000	0.700000	9.992999	58.038929
67.600000	0.800000	9.992999	58.024890
67.600000	0.900000	9.992999	58.010344
67.600000	1.000000	9.992999	57.995290
67.700000	0.000000	9.948995	57.770908
67.700000	0.100000	9.948995	57.491487
67.700000	0.200000	9.992999	57.333847
67.700000	0.300000	9.992999	57.322705
67.700000	0.400000	9.992999	57.311071
67.700000	0.500000	9.992999	57.298947
67.700000	0.600000	9.992999	57.286332
67.700000	0.700000	9.992999	57.273228
67.700000	0.800000	9.992999	57.259633
67.700000	0.900000	9.992999	57.245550
67.700000	1.000000	9.992999	57.230979
67.800000	0.000000	1.092109	57.038448
67.800000	0.100000	9.948995	56.755246
67.800000	0.200000	9.992999	56.585631
67.800000	0.300000	9.992999	56.574820
67.800000	0.400000	9.992999	56.563537
67.800000	0.500000	9.992999	56.551781
67.800000	0.600000	9.992999	56.539553
67.800000	0.700000	9.992999	56.526853
67.800000	0.800000	9.992999	56.513683
67.800000	0.900000	9.992999	56.500043
67.800000	1.000000	9.992999	56.485932
67.900000	0.000000	6.944694	56.321379
67.900000	0.100000	9.948995	55.986241
67.900000	0.200000	9.992999	55.856092
67.900000	0.300000	9.992999	55.845598
67.900000	0.400000	9.992999	55.834648
67.900000	0.500000	9.992999	55.823245
67.900000	0.600000	9.992999	55.811387
67.900000	0.700000	9.992999	55.799075
67.900000	0.800000	9.992999	55.786310
67.900000	0.900000	9.992999	55.773092
67.900000	1.000000	9.992999	55.759422
68.000000	0.000000	1.824182	55.622376
68.000000	0.100000	9.948995	55.185758
68.000000	0.200000	9.992999	55.144529
68.000000	0.300000	9.992999	55.134338
68.000000	0.400000	9.992999	55.123709
68.000000	0.500000	9.992999	55.112643
68.000000	0.600000	9.992999	55.101139
68.000000	0.700000	9.992999	55.089198
68.000000	0.800000	9.992999	55.076820
68.000000	0.900000	9.992999	55.064006
68.000000	1.000000	9.992999	55.050757
68.100000	0.000000	1.836184	54.940724
68.100000	0.100000	9.992999	54.459756
68.100000	0.200000	9.992999	54.450278
68.100000	0.300000	9.992999	54.440378
68.100000	0.400000	9.992999	54.430056
68.100000	0.500000	9.992999	54.419313
68.100000	0.600000	9.992999	54.408147
68.100000	0.700000	9.992999	54.396561
68.100000	0.800000	9.992999	54.384554
68.100000	0.900000	9.992999	54.372126
68.100000	1.000000	9.992999	54.359279
68.200000	0.000000	1.760176	54.275807
68.200000	0.100000	9.992999	53.781921
68.200000	0.200000	9.992999	53.772707
68.200000	0.300000	9.992999	53.763086
68.200000	0.400000	9.992999	53.753058
68.200000	0.500000	9.992999	53.742624
68.200000	0.600000	9.992999	53.731783
68.200000	0.700000	9.992999	53.720536
68.200000	0.800000	9.992999	53.708884
68.200000	0.900000	9.992999	53.696826
68.200000	1.000000	9.992999	53.684364
68.300000	0.000000	2.892289	53.627007
68.300000	0.100000	9.992999	53.120175
68.300000	0.200000	9.992999	53.111214
68.300000	0.300000	9.992999	53.101860
68.300000	0.400000	9.992999	53.092114
68.300000	0.500000	9.992999	53.081976
68.300000	0.600000	9.992999	53.071446
68.300000	0.700000	9.992999	53.060525
68.300000	0.800000	9.992999	53.049212
68.300000	0.900000	9.992999	53.037509
68.300000	1.000000	9.992999	53.025415
68.400000	0.000000	5.848585	52.993838
68.400000	0.100000	9.956996	52.530439
68.400000	0.200000	9.992999	52.465224
68.400000	0.300000	9.992999	52.456128
68.400000	0.400000	9.992999	52.446652
68.400000	0.500000	9.992999	52.436799
68.400000	0.600000	9.992999	52.426567
68.400000	0.700000	9.992999	52.415957
68.400000	0.800000	9.992999	52.404971
68.400000	0.900000	9.992999	52.393607
68.400000	1.000000	9.992999	52.381866
68.500000	0.000000	0.132013	52.375622
68.500000	0.100000	9.956996	52.029427
68.500000	0.200000	9.992999	51.834193
68.500000	0.300000	9.992999	51.825343
68.500000	0.400000	9.992999	51.816127
68.500000	0.500000	9.992999	51.806546
68.500000	0.600000	9.992999	51.796601
68.500000	0.700000	9.992999	51.786290
68.500000	0.800000	9.992999	51.775616
68.500000	0.900000	9.992999	51.764578
68.500000	1.000000	9.992999	51.753175
68.600000	0.000000	4.592459	51.771923
68.600000	0.100000	9.956996	51.507346
68.600000	0.200000	9.956996	51.296038
68.600000	0.300000	9.992999	51.208985
68.600000	0.400000	9.992999	51.200019
68.600000	0.500000	9.992999	51.190700
68.600000	0.600000	9.992999	51.181029
68.600000	0.700000	9.992999	51.171006
68.600000	0.800000	9.992999	51.160631
68.600000	0.900000	9.992999	51.149905
68.600000	1.000000	9.992999	51.138827
68.700000	0.000000	4.236424	51.182168
68.700000	0.100000	9.956996	50.964875
68.700000	0.200000	9.956996	50.758199
68.700000	0.300000	9.992999	50.606558
68.700000	0.400000	9.992999	50.597832
68.700000	0.500000	9.992999	50.588765
68.700000	0.600000	9.992999	50.579357
68.700000	0.700000	9.992999	50.569610
68.700000	0.800000	9.992999	50.559522
68.700000	0.900000	9.992999	50.549095
68.700000	1.000000	9.992999	50.538329
68.800000	0.000000	8.212821	50.605960
68.800000	0.100000	9.956996	50.402684
68.800000	0.200000	9.956996	50.200609
68.800000	0.300000	9.992999	50.017587
68.800000	0.400000	9.992999	50.009091
68.800000	0.500000	9.992999	50.000266
68.800000	0.600000	9.992999	49.991112
68.800000	0.700000	9.992999	49.981629
68.800000	0.800000	9.992999	49.971818
68.800000	0.900000	9.992999	49.961679
68.800000	1.000000	9.992999	49.951212
68.900000	0.000000	2.816282	50.042783
68.900000	0.100000	9.956996	49.821430
68.900000	0.200000	9.956996	49.623928
68.900000	0.300000	9.992999	49.441620
68.900000	0.400000	9.992999	49.433346
68.900000	0.500000	9.992999	49.424753
68.900000	0.600000	9.992999	49.415843
68.900000	0.700000	9.992999	49.406614
68.900000	0.800000	9.992999	49.397069
68.900000	0.900000	9.992999	49.387206
68.900000	1.000000	9.992999	49.377026
69.000000	0.000000	8.920892	49.492236
69.000000	0.100000	9.956996	49.221763
69.000000	0.200000	9.956996	49.028805
69.000000	0.300000	9.992999	48.878224
69.000000	0.400000	9.992999	48.870163
69.000000	0.500000	9.992999	48.861794
69.000000	0.600000	9.992999	48.853118
69.000000	0.700000	9.992999	48.844134
69.000000	0.800000	9.992999	48.834843
69.000000	0.900000	9.992999	48.825246
69.000000	1.000000	9.992999	48.815342
69.100000	0.000000	3.828383	48.953882
69.100000	0.100000	9.956996	48.604320
69.100000	0.200000	9.956996	48.415879
69.100000	0.300000	9.992999	48.326984
69.100000	0.400000	9.992999	48.319129
69.100000	0.500000	9.992999	48.310975
69.100000	0.600000	9.992999	48.302524
69.100000	0.700000	9.992999	48.293776
69.100000	0.800000	9.992999	48.284731
69.100000	0.900000	9.992999	48.275389
69.100000	1.000000	9.992999	48.265750
69.200000	0.000000	7.312731	48.427340
69.200000	0.100000	9.920992	47.997747
69.200000	0.200000	9.992999	47.794876
69.200000	0.300000	9.992999	47.787506
69.200000	0.400000	9.992999	47.779848
69.200000	0.500000	9.992999	47.771902
69.200000	0.600000	9.992999	47.763668
69.200000	0.700000	9.992999	47.755146
69.200000	0.800000	9.992999	47.746337
69.200000	0.900000	9.992999	47.737241
69.200000	1.000000	9.992999	47.727857
69.300000	0.000000	0.924092	47.911020
69.300000	0.100000	9.956996	47.318619
69.300000	0.200000	9.992999	47.266598
69.300000	0.300000	9.992999	47.259410
69.300000	0.400000	9.992999	47.251943
69.300000	0.500000	9.992999	47.244196
69.300000	0.600000	9.992999	47.236171
69.300000	0.700000	9.992999	47.227868
69.300000	0.800000	9.992999	47.219286
69.300000	0.900000	9.992999	47.210426
69.300000	1.000000	9.992999	47.201288
69.400000	0.000000	0.404040	47.408148
69.400000	0.100000	9.992999	46.756090
69.400000	0.200000	9.992999	46.749347
69.400000	0.300000	9.992999	46.742333
69.400000	0.400000	9.992999	46.735050
69.400000	0.500000	9.992999	46.727496
69.400000	0.600000	9.992999	46.719672
69.400000	0.700000	9.992999	46.711579
69.400000	0.800000	9.992999	46.703216
69.400000	0.900000	9.992999	46.694583
69.400000	1.000000	9.992999	46.685682
69.500000	0.000000	9.532953	46.914796
69.500000	0.100000	9.992999	46.249356
69.500000	0.200000	9.992999	46.242774
69.500000	0.300000	9.992999	46.235929
69.500000	0.400000	9.992999	46.228823
69.500000	0.500000	9.992999	46.221455
69.500000	0.600000	9.992999	46.213825
69.500000	0.700000	9.992999	46.205934
69.500000	0.800000	9.992999	46.197782
69.500000	0.900000	9.992999	46.189369
69.500000	1.000000	9.992999	46.180695
69.600000	0.000000	3.664366	46.431826
69.600000	0.100000	9.928993	45.812204
69.600000	0.200000	9.992999	45.746545
69.600000	0.300000	9.992999	45.739864
69.600000	0.400000	9.992999	45.732928
69.600000	0.500000	9.992999	45.725739
69.600000	0.600000	9.992999	45.718297
69.600000	0.700000	9.992999	45.710601
69.600000	0.800000	9.992999	45.702652
69.600000	0.900000	9.992999	45.694450
69.600000	1.000000	9.992999	45.685995
69.700000	0.000000	3.960396	45.958908
69.700000	0.100000	9.928993	45.528161
69.700000	0.200000	9.992999	45.260342
69.700000	0.300000	9.992999	45.253818
69.700000	0.400000	9.992999	45.247048
69.700000	0.500000	9.992999	45.240031
69.700000	0.600000	9.992999	45.232769
69.700000	0.700000	9.992999	45.225262
69.700000	0.800000	9.992999	45.217509
69.700000	0.900000	9.992999	45.209511
69.700000	1.000000	9.992999	45.201267
69.800000	0.000000	7.464746	45.495733
69.800000	0.100000	9.928993	45.167372
69.800000	0.200000	9.964996	44.916386
69.800000	0.300000	9.992999	44.777486
69.800000	0.400000	9.992999	44.770875
69.800000	0.500000	9.992999	44.764025
69.800000	0.600000	9.992999	44.756937
69.800000	0.700000	9.992999	44.749611
69.800000	0.800000	9.992999	44.742048
69.800000	0.900000	9.992999	44.734246
69.800000	1.000000	9.992999	44.726206
69.900000	0.000000	8.612861	45.042011
69.900000	0.100000	9.928993	44.731965
69.900000	0.200000	9.964996	44.561312
69.900000	0.300000	9.964996	44.411447
69.900000	0.400000	9.992999	44.304116
69.900000	0.500000	9.992999	44.297427
69.900000	0.600000	9.992999	44.290508
69.900000	0.700000	9.992999	44.283357
69.900000	0.800000	9.992999	44.275976
69.900000	0.900000	9.992999	44.268363
69.900000	1.000000	9.992999	44.260521
70.000000	0.000000	8.364836	44.597431
70.000000	0.100000	9.964996	44.342809
70.000000	0.200000	9.964996	44.195401
70.000000	0.300000	9.964996	44.048261
70.000000	0.400000	9.964996	43.901388
70.000000	0.500000	9.992999	43.839956
70.000000	0.600000	9.992999	43.833199
70.000000	0.700000	9.992999	43.826217
70.000000	0.800000	9.992999	43.819012
70.000000	0.900000	9.992999	43.811583
70.000000	1.000000	9.992999	43.803930
