10.000000	55.000000	0.000000	8.212821	1724.249723
10.000000	55.000000	0.100000	8.028803	2283.577776
10.000000	55.000000	0.200000	9.028903	2525.066650
10.000000	55.000000	0.300000	9.428943	2765.981652
10.000000	55.000000	0.400000	9.628963	2885.032386
10.000000	55.000000	0.500000	9.828983	2831.992146
10.000000	55.000000	0.600000	9.992999	2514.184091
10.000000	55.000000	0.700000	9.992999	2116.853202
10.000000	55.000000	0.800000	9.992999	1762.512005
10.000000	55.000000	0.900000	10.093009	1508.769967
10.000000	55.000000	1.000000	10.093009	1315.426581
10.000000	56.000000	0.000000	6.976698	1758.730326
10.000000	56.000000	0.100000	8.796880	2148.436985
10.000000	56.000000	0.200000	9.296930	2346.495825
10.000000	56.000000	0.300000	9.796980	2538.728975
10.000000	56.000000	0.400000	9.940994	2683.826214
10.000000	56.000000	0.500000	9.976998	2597.564043
10.000000	56.000000	0.600000	10.009001	2200.377141
10.000000	56.000000	0.700000	10.109011	1864.494526
10.000000	56.000000	0.800000	10.109011	1600.443304
10.000000	56.000000	0.900000	10.109011	1399.414120
10.000000	56.000000	1.000000	10.061006	1242.615484
10.000000	57.000000	0.000000	0.644064	1835.328215
10.000000	57.000000	0.100000	8.836884	2222.699028
10.000000	57.000000	0.200000	9.520952	2443.591364
10.000000	57.000000	0.300000	9.748975	2646.577301
10.000000	57.000000	0.400000	9.888989	2732.376189
10.000000	57.000000	0.500000	9.976998	2651.748031
10.000000	57.000000	0.600000	9.976998	2259.659468
10.000000	57.000000	0.700000	10.061006	1914.235245
10.000000	57.000000	0.800000	10.061006	1672.412426
10.000000	57.000000	0.900000	10.161016	1482.790522
10.000000	57.000000	1.000000	10.161016	1343.347015
10.000000	58.000000	0.000000	8.236824	1929.837012
10.000000	58.000000	0.100000	9.184918	2272.194623
10.000000	58.000000	0.200000	9.632963	2491.833610
10.000000	58.000000	0.300000	9.684968	2749.152043
10.000000	58.000000	0.400000	9.908991	2937.897317
10.000000	58.000000	0.500000	9.960996	2874.009831
10.000000	58.000000	0.600000	9.960996	2474.803380
10.000000	58.000000	0.700000	10.061006	2062.714828
10.000000	58.000000	0.800000	10.061006	1755.523350
10.000000	58.000000	0.900000	10.061006	1531.862071
10.000000	58.000000	1.000000	10.061006	1378.279644
10.000000	59.000000	0.000000	0.216022	2215.259069
10.000000	59.000000	0.100000	9.468947	2507.604009
10.000000	59.000000	0.200000	9.756976	2689.468356
10.000000	59.000000	0.300000	9.824982	2917.019527
10.000000	59.000000	0.400000	9.892989	3052.300752
10.000000	59.000000	0.500000	9.960996	2915.321457
10.000000	59.000000	0.600000	10.045005	2566.060167
10.000000	59.000000	0.700000	10.045005	2230.266155
10.000000	59.000000	0.800000	10.045005	1983.219668
10.000000	59.000000	0.900000	10.045005	1805.335287
10.000000	59.000000	1.000000	10.045005	1667.599129
10.000000	60.000000	0.000000	9.997000	4524.516043
10.000000	60.000000	0.100000	8.596860	6980.877098
10.000000	60.000000	0.200000	9.396940	8421.171156
10.000000	60.000000	0.300000	9.696970	10190.061856
10.000000	60.000000	0.400000	9.896990	12048.939925
10.000000	60.000000	0.500000	9.997000	12498.716466
10.000000	60.000000	0.600000	10.097010	10097.774142
10.000000	60.000000	0.700000	10.097010	8072.138279
10.000000	60.000000	0.800000	10.197020	6473.334745
10.000000	60.000000	0.900000	10.197020	5428.847031
10.000000	60.000000	1.000000	10.197020	4639.026210
10.000000	61.000000	0.000000	5.212521	2359.642840
10.000000	61.000000	0.100000	9.900990	2512.437836
10.000000	61.000000	0.200000	9.900990	2662.789204
10.000000	61.000000	0.300000	9.900990	2863.047757
10.000000	61.000000	0.400000	10.065007	3092.907918
10.000000	61.000000	0.500000	10.065007	3150.907718
10.000000	61.000000	0.600000	10.065007	2827.315071
10.000000	61.000000	0.700000	10.065007	2472.493084
10.000000	61.000000	0.800000	10.065007	2203.508019
10.000000	61.000000	0.900000	10.065007	2005.206700
10.000000	61.000000	1.000000	10.165017	1858.593470
10.000000	62.000000	0.000000	9.968997	2021.635601
10.000000	62.000000	0.100000	8.904890	2279.625771
10.000000	62.000000	0.200000	9.904990	2656.537610
10.000000	62.000000	0.300000	9.888989	3070.769815
10.000000	62.000000	0.400000	10.005001	3067.193906
10.000000	62.000000	0.500000	10.205021	2777.359108
10.000000	62.000000	0.600000	10.305031	2388.030224
10.000000	62.000000	0.700000	10.405041	2025.379373
10.000000	62.000000	0.800000	10.033003	1755.145324
10.000000	62.000000	0.900000	10.033003	1556.712149
10.000000	62.000000	1.000000	10.033003	1407.660109
10.000000	63.000000	0.000000	6.016602	2018.701016
10.000000	63.000000	0.100000	9.048905	2375.626536
10.000000	63.000000	0.200000	9.540954	2502.346673
10.000000	63.000000	0.300000	10.017002	2545.062325
10.000000	63.000000	0.400000	9.984998	2785.188037
10.000000	63.000000	0.500000	10.001000	2784.412189
10.000000	63.000000	0.600000	10.017002	2440.307850
10.000000	63.000000	0.700000	10.017002	2074.236001
10.000000	63.000000	0.800000	10.033003	1798.453597
10.000000	63.000000	0.900000	10.033003	1599.706205
10.000000	63.000000	1.000000	10.033003	1450.097891
10.000000	64.000000	0.000000	0.080008	1992.313481
10.000000	64.000000	0.100000	9.876988	2236.107266
10.000000	64.000000	0.200000	10.049005	2497.254857
10.000000	64.000000	0.300000	10.049005	2775.559483
10.000000	64.000000	0.400000	10.065007	2878.509357
10.000000	64.000000	0.500000	9.940994	2839.845620
10.000000	64.000000	0.600000	9.940994	2477.429392
10.000000	64.000000	0.700000	10.081008	2070.765490
10.000000	64.000000	0.800000	10.065007	1785.348351
10.000000	64.000000	0.900000	10.065007	1579.658120
10.000000	64.000000	1.000000	10.065007	1422.888995
10.000000	65.000000	0.000000	8.496850	2210.845674
10.000000	65.000000	0.100000	8.304830	3417.701234
10.000000	65.000000	0.200000	9.496950	4062.096162
10.000000	65.000000	0.300000	9.696970	4858.515196
10.000000	65.000000	0.400000	9.896990	5675.429688
10.000000	65.000000	0.500000	9.997000	5867.441259
10.000000	65.000000	0.600000	10.097010	4782.041179
10.000000	65.000000	0.700000	10.097010	3877.612526
10.000000	65.000000	0.800000	10.097010	3108.343447
10.000000	65.000000	0.900000	10.197020	2607.902575
10.000000	65.000000	1.000000	10.197020	2225.903858
