5.000000	55.000000	0.000000	4.204420	823659077.536712
5.000000	55.000000	0.100000	4.204420	823541942.234549
5.000000	55.000000	0.200000	4.204420	823564327.841251
5.000000	55.000000	0.300000	4.204420	823578817.736081
5.000000	55.000000	0.400000	4.204420	823587964.236442
5.000000	55.000000	0.500000	4.196420	823593054.008995
5.000000	55.000000	0.600000	4.196420	823585634.616532
5.000000	55.000000	0.700000	4.196420	823580132.891304
5.000000	55.000000	0.800000	4.196420	823575924.338556
5.000000	55.000000	0.900000	4.196420	823572635.414115
5.000000	55.000000	1.000000	4.196420	823570024.552204
5.000000	56.000000	0.000000	4.192419	823489155.373846
5.000000	56.000000	0.100000	4.196420	823514258.158500
5.000000	56.000000	0.200000	4.196420	823531048.349288
5.000000	56.000000	0.300000	4.196420	823540993.754050
5.000000	56.000000	0.400000	4.196420	823547041.387695
5.000000	56.000000	0.500000	4.196420	823550625.418392
5.000000	56.000000	0.600000	4.196420	823552685.787387
5.000000	56.000000	0.700000	4.196420	823553811.372256
5.000000	56.000000	0.800000	4.196420	823554362.473871
5.000000	56.000000	0.900000	4.196420	823554560.011727
5.000000	56.000000	1.000000	4.196420	823554541.378738
5.000000	57.000000	0.000000	4.204420	823376913.458147
5.000000	57.000000	0.100000	4.204420	823510522.298732
5.000000	57.000000	0.200000	4.204420	823559881.112337
5.000000	57.000000	0.300000	4.204420	823582410.561955
5.000000	57.000000	0.400000	4.196420	823594084.449375
5.000000	57.000000	0.500000	4.196420	823582014.427103
5.000000	57.000000	0.600000	4.196420	823574235.138151
5.000000	57.000000	0.700000	4.196420	823569022.377568
5.000000	57.000000	0.800000	4.196420	823565422.201939
5.000000	57.000000	0.900000	4.196420	823562873.460906
5.000000	57.000000	1.000000	4.196420	823561031.006001
5.000000	58.000000	0.000000	4.220422	823435973.359962
5.000000	58.000000	0.100000	4.200420	823472513.721312
5.000000	58.000000	0.200000	4.200420	823511795.172166
5.000000	58.000000	0.300000	4.200420	823530651.029346
5.000000	58.000000	0.400000	4.200420	823540896.110480
5.000000	58.000000	0.500000	4.200420	823547084.627263
5.000000	58.000000	0.600000	4.200420	823551014.867767
5.000000	58.000000	0.700000	4.200420	823553580.898804
5.000000	58.000000	0.800000	4.200420	823555291.982073
5.000000	58.000000	0.900000	4.200420	823556456.811201
5.000000	58.000000	1.000000	4.200420	823557268.466356
5.000000	59.000000	0.000000	4.204420	823387779.725801
5.000000	59.000000	0.100000	4.200420	823548981.001415
5.000000	59.000000	0.200000	4.200420	823562909.039451
5.000000	59.000000	0.300000	4.200420	823570432.759681
5.000000	59.000000	0.400000	4.200420	823573353.150344
5.000000	59.000000	0.500000	4.200420	823574020.949670
5.000000	59.000000	0.600000	4.200420	823573764.515224
5.000000	59.000000	0.700000	4.200420	823573202.340839
5.000000	59.000000	0.800000	4.200420	823572595.338335
5.000000	59.000000	0.900000	4.200420	823572041.651715
5.000000	59.000000	1.000000	4.200420	823571569.126481
5.000000	60.000000	0.000000	4.220422	823391228.761069
5.000000	60.000000	0.100000	4.200420	823506025.384184
5.000000	60.000000	0.200000	4.204420	823545403.099026
5.000000	60.000000	0.300000	4.204420	823559880.439378
5.000000	60.000000	0.400000	4.204420	823568511.492910
5.000000	60.000000	0.500000	4.200420	823569769.124552
5.000000	60.000000	0.600000	4.200420	823569307.534888
5.000000	60.000000	0.700000	4.200420	823568337.263211
5.000000	60.000000	0.800000	4.200420	823567272.429098
5.000000	60.000000	0.900000	4.200420	823566277.422678
5.000000	60.000000	1.000000	4.200420	823565411.167407
5.000000	61.000000	0.000000	4.204420	823598761.612418
5.000000	61.000000	0.100000	4.204420	823509310.965168
5.000000	61.000000	0.200000	4.204420	823505224.834160
5.000000	61.000000	0.300000	4.204420	823507336.831935
5.000000	61.000000	0.400000	4.204420	823512113.585910
5.000000	61.000000	0.500000	4.204420	823517533.294713
5.000000	61.000000	0.600000	4.204420	823522782.801620
5.000000	61.000000	0.700000	4.204420	823527598.247714
5.000000	61.000000	0.800000	4.204420	823531931.803289
5.000000	61.000000	0.900000	4.204420	823535812.457782
5.000000	61.000000	1.000000	4.204420	823539291.100034
5.000000	62.000000	0.000000	4.196420	823498621.933092
5.000000	62.000000	0.100000	4.196420	823526641.363612
5.000000	62.000000	0.200000	4.196420	823530091.499728
5.000000	62.000000	0.300000	4.196420	823535802.610166
5.000000	62.000000	0.400000	4.196420	823542979.123945
5.000000	62.000000	0.500000	4.196420	823549674.656216
5.000000	62.000000	0.600000	4.196420	823555316.709115
5.000000	62.000000	0.700000	4.196420	823559898.380871
5.000000	62.000000	0.800000	4.196420	823563574.382533
5.000000	62.000000	0.900000	4.196420	823566519.679439
5.000000	62.000000	1.000000	4.196420	823568887.786037
5.000000	63.000000	0.000000	4.320432	823600948.060493
5.000000	63.000000	0.100000	4.204420	823598851.298362
5.000000	63.000000	0.200000	4.196420	823584476.648390
5.000000	63.000000	0.300000	4.196420	823575623.299141
5.000000	63.000000	0.400000	4.196420	823573665.183806
5.000000	63.000000	0.500000	4.200420	823572110.166347
5.000000	63.000000	0.600000	4.200420	823570410.425711
5.000000	63.000000	0.700000	4.200420	823569697.352603
5.000000	63.000000	0.800000	4.200420	823569547.558010
5.000000	63.000000	0.900000	4.200420	823569725.585738
5.000000	63.000000	1.000000	4.200420	823570093.181858
5.000000	64.000000	0.000000	4.200420	823367454.143330
5.000000	64.000000	0.100000	4.204420	823527228.072996
5.000000	64.000000	0.200000	4.204420	823581022.979702
5.000000	64.000000	0.300000	4.200420	823581672.352930
5.000000	64.000000	0.400000	4.196420	823577156.041163
5.000000	64.000000	0.500000	4.196420	823573083.432873
5.000000	64.000000	0.600000	4.196420	823571439.320421
5.000000	64.000000	0.700000	4.196420	823570904.592399
5.000000	64.000000	0.800000	4.200420	823570865.284941
5.000000	64.000000	0.900000	4.200420	823570278.268836
5.000000	64.000000	1.000000	4.200420	823569940.755425
5.000000	65.000000	0.000000	4.208421	823414769.085804
5.000000	65.000000	0.100000	4.204420	823534673.777611
5.000000	65.000000	0.200000	4.204420	823516470.226557
5.000000	65.000000	0.300000	4.204420	823521745.283920
5.000000	65.000000	0.400000	4.204420	823527852.288297
5.000000	65.000000	0.500000	4.204420	823533004.082618
5.000000	65.000000	0.600000	4.204420	823537363.094110
5.000000	65.000000	0.700000	4.204420	823541154.843775
5.000000	65.000000	0.800000	4.204420	823544517.529694
5.000000	65.000000	0.900000	4.204420	823547532.022562
5.000000	65.000000	1.000000	4.204420	823550250.296995
6.000000	55.000000	0.000000	4.204420	823701223.042556
6.000000	55.000000	0.100000	4.204420	823534412.046680
6.000000	55.000000	0.200000	4.204420	823559401.219448
6.000000	55.000000	0.300000	4.204420	823576164.155533
6.000000	55.000000	0.400000	4.204420	823586827.486794
6.000000	55.000000	0.500000	4.204420	823594343.332185
6.000000	55.000000	0.600000	4.196420	823588378.963504
6.000000	55.000000	0.700000	4.196420	823581687.616022
6.000000	55.000000	0.800000	4.196420	823576570.394715
6.000000	55.000000	0.900000	4.196420	823572571.606838
6.000000	55.000000	1.000000	4.196420	823569396.909624
6.000000	56.000000	0.000000	4.192419	823483314.198492
6.000000	56.000000	0.100000	4.196420	823505850.645621
6.000000	56.000000	0.200000	4.196420	823524125.319299
6.000000	56.000000	0.300000	4.196420	823535434.867308
6.000000	56.000000	0.400000	4.196420	823542379.558515
6.000000	56.000000	0.500000	4.196420	823546492.913686
6.000000	56.000000	0.600000	4.196420	823548840.368563
6.000000	56.000000	0.700000	4.196420	823550101.793204
6.000000	56.000000	0.800000	4.196420	823550696.157136
6.000000	56.000000	0.900000	4.196420	823550881.124022
6.000000	56.000000	1.000000	4.196420	823550817.101520
6.000000	57.000000	0.000000	4.204420	823362626.148278
6.000000	57.000000	0.100000	4.204420	823496708.123709
6.000000	57.000000	0.200000	4.204420	823554065.144771
6.000000	57.000000	0.300000	4.204420	823580475.546613
6.000000	57.000000	0.400000	4.204420	823594541.850055
6.000000	57.000000	0.500000	4.196420	823584159.724162
6.000000	57.000000	0.600000	4.196420	823574699.589508
6.000000	57.000000	0.700000	4.196420	823568354.999611
6.000000	57.000000	0.800000	4.196420	823563967.830856
6.000000	57.000000	0.900000	4.196420	823560857.263079
6.000000	57.000000	1.000000	4.196420	823558604.654282
6.000000	58.000000	0.000000	4.220422	823427618.012581
6.000000	58.000000	0.100000	4.200420	823452295.825140
6.000000	58.000000	0.200000	4.200420	823497560.010906
6.000000	58.000000	0.300000	4.200420	823519562.101825
6.000000	58.000000	0.400000	4.200420	823531543.730028
6.000000	58.000000	0.500000	4.200420	823538782.468509
6.000000	58.000000	0.600000	4.200420	823543373.769206
6.000000	58.000000	0.700000	4.200420	823546363.729258
6.000000	58.000000	0.800000	4.200420	823548350.071183
6.000000	58.000000	0.900000	4.200420	823549695.787604
6.000000	58.000000	1.000000	4.200420	823550628.110883
6.000000	59.000000	0.000000	4.204420	823375665.669462
6.000000	59.000000	0.100000	4.200420	823544056.561266
6.000000	59.000000	0.200000	4.200420	823558896.651654
6.000000	59.000000	0.300000	4.200420	823567300.178236
6.000000	59.000000	0.400000	4.200420	823570492.177877
6.000000	59.000000	0.500000	4.200420	823571106.055413
6.000000	59.000000	0.600000	4.200420	823570673.346173
6.000000	59.000000	0.700000	4.200420	823569909.459721
6.000000	59.000000	0.800000	4.200420	823569114.098722
6.000000	59.000000	0.900000	4.200420	823568397.596249
6.000000	59.000000	1.000000	4.200420	823567788.903063
6.000000	60.000000	0.000000	4.220422	823373924.493910
6.000000	60.000000	0.100000	4.200420	823492509.820593
6.000000	60.000000	0.200000	4.204420	823536691.528816
6.000000	60.000000	0.300000	4.204420	823553439.399547
6.000000	60.000000	0.400000	4.204420	823563484.194634
6.000000	60.000000	0.500000	4.200420	823566003.865283
6.000000	60.000000	0.600000	4.200420	823565324.969783
6.000000	60.000000	0.700000	4.200420	823564071.366583
6.000000	60.000000	0.800000	4.200420	823562726.607656
6.000000	60.000000	0.900000	4.200420	823561480.521425
6.000000	60.000000	1.000000	4.200420	823560399.352197
6.000000	61.000000	0.000000	4.204420	823628843.933403
6.000000	61.000000	0.100000	4.204420	823495254.523443
6.000000	61.000000	0.200000	4.204420	823488477.610980
6.000000	61.000000	0.300000	4.204420	823490387.070621
6.000000	61.000000	0.400000	4.204420	823495806.706240
6.000000	61.000000	0.500000	4.204420	823502122.875153
6.000000	61.000000	0.600000	4.204420	823508297.295539
6.000000	61.000000	0.700000	4.204420	823513986.553666
6.000000	61.000000	0.800000	4.204420	823519119.862367
6.000000	61.000000	0.900000	4.204420	823523724.569232
6.000000	61.000000	1.000000	4.204420	823527857.277033
6.000000	62.000000	0.000000	4.196420	823513335.808407
6.000000	62.000000	0.100000	4.196420	823520710.491772
6.000000	62.000000	0.200000	4.196420	823522977.099859
6.000000	62.000000	0.300000	4.196420	823529205.494695
6.000000	62.000000	0.400000	4.196420	823537504.842080
6.000000	62.000000	0.500000	4.196420	823545351.999155
6.000000	62.000000	0.600000	4.196420	823551997.474735
6.000000	62.000000	0.700000	4.196420	823557406.203655
6.000000	62.000000	0.800000	4.196420	823561750.447660
6.000000	62.000000	0.900000	4.196420	823565232.725422
6.000000	62.000000	1.000000	4.196420	823568032.790439
6.000000	63.000000	0.000000	4.320432	823619481.169605
6.000000	63.000000	0.100000	4.204420	823602702.923276
6.000000	63.000000	0.200000	4.196420	823588239.278253
6.000000	63.000000	0.300000	4.196420	823576990.321466
6.000000	63.000000	0.400000	4.200420	823573228.004743
6.000000	63.000000	0.500000	4.200420	823568813.115448
6.000000	63.000000	0.600000	4.200420	823566648.438785
6.000000	63.000000	0.700000	4.200420	823565703.473869
6.000000	63.000000	0.800000	4.200420	823565456.762368
6.000000	63.000000	0.900000	4.200420	823565618.317117
6.000000	63.000000	1.000000	4.200420	823566017.769561
6.000000	64.000000	0.000000	4.200420	823352472.964829
6.000000	64.000000	0.100000	4.204420	823516755.052837
6.000000	64.000000	0.200000	4.204420	823579435.385631
6.000000	64.000000	0.300000	4.200420	823580787.690146
6.000000	64.000000	0.400000	4.200420	823576022.834922
6.000000	64.000000	0.500000	4.200420	823572508.646390
6.000000	64.000000	0.600000	4.200420	823569982.867913
6.000000	64.000000	0.700000	4.200420	823568221.513058
6.000000	64.000000	0.800000	4.200420	823567038.034680
6.000000	64.000000	0.900000	4.200420	823566281.536828
6.000000	64.000000	1.000000	4.200420	823565834.857834
6.000000	65.000000	0.000000	4.208421	823398956.147376
6.000000	65.000000	0.100000	4.204420	823525689.898374
6.000000	65.000000	0.200000	4.204420	823501972.081854
6.000000	65.000000	0.300000	4.204420	823507677.212997
6.000000	65.000000	0.400000	4.204420	823514693.149098
6.000000	65.000000	0.500000	4.204420	823520687.820631
6.000000	65.000000	0.600000	4.204420	823525793.646519
6.000000	65.000000	0.700000	4.204420	823530254.468929
6.000000	65.000000	0.800000	4.204420	823534222.734040
6.000000	65.000000	0.900000	4.204420	823537788.046954
6.000000	65.000000	1.000000	4.204420	823541008.313372
7.000000	55.000000	0.000000	4.204420	823753367.548400
7.000000	55.000000	0.100000	4.208421	823527422.302556
7.000000	55.000000	0.200000	4.204420	823555099.534794
7.000000	55.000000	0.300000	4.204420	823573927.199564
7.000000	55.000000	0.400000	4.204420	823586003.205334
7.000000	55.000000	0.500000	4.204420	823594552.963006
7.000000	55.000000	0.600000	4.196420	823591331.622132
7.000000	55.000000	0.700000	4.196420	823583420.893329
7.000000	55.000000	0.800000	4.196420	823577372.684123
7.000000	55.000000	0.900000	4.196420	823572646.673296
7.000000	55.000000	1.000000	4.196420	823568894.253137
7.000000	56.000000	0.000000	4.192419	823487472.023138
7.000000	56.000000	0.100000	4.196420	823498692.588318
7.000000	56.000000	0.200000	4.196420	823517827.226462
7.000000	56.000000	0.300000	4.196420	823530292.605149
7.000000	56.000000	0.400000	4.196420	823538030.197530
7.000000	56.000000	0.500000	4.196420	823542610.383285
7.000000	56.000000	0.600000	4.196420	823545203.261407
7.000000	56.000000	0.700000	4.196420	823546570.766752
7.000000	56.000000	0.800000	4.196420	823547186.073666
7.000000	56.000000	0.900000	4.196420	823547341.110068
7.000000	56.000000	1.000000	4.196420	823547217.810413
7.000000	57.000000	0.000000	4.204420	823358337.838408
7.000000	57.000000	0.100000	4.204420	823484143.404262
7.000000	57.000000	0.200000	4.488449	823545542.562488
7.000000	57.000000	0.300000	4.204420	823578957.155859
7.000000	57.000000	0.400000	4.204420	823595003.295853
7.000000	57.000000	0.500000	4.196420	823586554.995535
7.000000	57.000000	0.600000	4.196420	823575372.352542
7.000000	57.000000	0.700000	4.196420	823567866.174265
7.000000	57.000000	0.800000	4.196420	823562669.693050
7.000000	57.000000	0.900000	4.196420	823558979.939018
7.000000	57.000000	1.000000	4.196420	823556303.288690
7.000000	58.000000	0.000000	4.220422	823429261.665201
7.000000	58.000000	0.100000	4.200420	823433327.384547
7.000000	58.000000	0.200000	4.200420	823483949.786803
7.000000	58.000000	0.300000	4.200420	823508889.798896
7.000000	58.000000	0.400000	4.200420	823522503.817782
7.000000	58.000000	0.500000	4.200420	823530730.284076
7.000000	58.000000	0.600000	4.200420	823535940.982330
7.000000	58.000000	0.700000	4.200420	823539325.112332
7.000000	58.000000	0.800000	4.200420	823541564.393580
7.000000	58.000000	0.900000	4.200420	823543073.637784
7.000000	58.000000	1.000000	4.200420	823544112.741550
7.000000	59.000000	0.000000	4.204420	823373550.613124
7.000000	59.000000	0.100000	4.200420	823540381.576697
7.000000	59.000000	0.200000	4.200420	823555509.201017
7.000000	59.000000	0.300000	4.200420	823564584.221386
7.000000	59.000000	0.400000	4.200420	823567943.673621
7.000000	59.000000	0.500000	4.200420	823568441.135482
7.000000	59.000000	0.600000	4.200420	823567790.488813
7.000000	59.000000	0.700000	4.200420	823566795.131230
7.000000	59.000000	0.800000	4.200420	823565789.092405
7.000000	59.000000	0.900000	4.200420	823564892.414568
7.000000	59.000000	1.000000	4.200420	823564133.665796
7.000000	60.000000	0.000000	4.220422	823366619.226751
7.000000	60.000000	0.100000	4.200420	823480243.712580
7.000000	60.000000	0.200000	4.204420	823528604.895769
7.000000	60.000000	0.300000	4.204420	823547414.984314
7.000000	60.000000	0.400000	4.204420	823558769.364571
7.000000	60.000000	0.500000	4.200420	823562488.580343
7.000000	60.000000	0.600000	4.200420	823561550.716374
7.000000	60.000000	0.700000	4.200420	823559984.022588
7.000000	60.000000	0.800000	4.200420	823558337.019516
7.000000	60.000000	0.900000	4.200420	823556822.493964
7.000000	60.000000	1.000000	4.200420	823555512.523146
7.000000	61.000000	0.000000	4.204420	823668925.254388
7.000000	61.000000	0.100000	4.204420	823482447.537298
7.000000	61.000000	0.200000	4.204420	823472355.324963
7.000000	61.000000	0.300000	4.204420	823473853.933906
7.000000	61.000000	0.400000	4.204420	823479812.294786
7.000000	61.000000	0.500000	4.204420	823486962.429924
7.000000	61.000000	0.600000	4.204420	823494020.101158
7.000000	61.000000	0.700000	4.204420	823500553.412254
7.000000	61.000000	0.800000	4.204420	823506464.154750
7.000000	61.000000	0.900000	4.204420	823511775.554479
7.000000	61.000000	1.000000	4.204420	823516548.440197
7.000000	62.000000	0.000000	4.196420	823538048.683723
7.000000	62.000000	0.100000	4.196420	823516029.075513
7.000000	62.000000	0.200000	4.196420	823516487.637153
7.000000	62.000000	0.300000	4.196420	823523025.003825
7.000000	62.000000	0.400000	4.196420	823532343.028432
7.000000	62.000000	0.500000	4.196420	823541279.316428
7.000000	62.000000	0.600000	4.196420	823548886.552053
7.000000	62.000000	0.700000	4.196420	823555092.579077
7.000000	62.000000	0.800000	4.196420	823560082.746096
7.000000	62.000000	0.900000	4.196420	823564084.645205
7.000000	62.000000	1.000000	4.196420	823567302.781008
7.000000	63.000000	0.000000	4.320432	823648013.278718
7.000000	63.000000	0.100000	4.204420	823607804.003771
7.000000	63.000000	0.200000	4.196420	823592626.845279
7.000000	63.000000	0.300000	4.196420	823578773.968390
7.000000	63.000000	0.400000	4.200420	823571135.471652
7.000000	63.000000	0.500000	4.200420	823565766.038883
7.000000	63.000000	0.600000	4.200420	823563094.763559
7.000000	63.000000	0.700000	4.200420	823561888.147774
7.000000	63.000000	0.800000	4.200420	823561522.200035
7.000000	63.000000	0.900000	4.200420	823561649.922296
7.000000	63.000000	1.000000	4.200420	823562067.343430
7.000000	64.000000	0.000000	4.200420	823347490.786328
7.000000	64.000000	0.100000	4.204420	823507531.488258
7.000000	64.000000	0.200000	4.204420	823578472.728722
7.000000	64.000000	0.300000	4.200420	823580319.651962
7.000000	64.000000	0.400000	4.200420	823574396.106857
7.000000	64.000000	0.500000	4.200420	823570077.491644
7.000000	64.000000	0.600000	4.200420	823566984.930869
7.000000	64.000000	0.700000	4.200420	823564825.860155
7.000000	64.000000	0.800000	4.200420	823563367.017725
7.000000	64.000000	0.900000	4.200420	823562423.678617
7.000000	64.000000	1.000000	4.200420	823561853.946406
7.000000	65.000000	0.000000	4.208421	823393142.208947
7.000000	65.000000	0.100000	4.204420	823517955.474716
7.000000	65.000000	0.200000	4.204420	823488098.874312
7.000000	65.000000	0.300000	4.204420	823494025.766673
7.000000	65.000000	0.400000	4.204420	823501846.478113
7.000000	65.000000	0.500000	4.204420	823508621.532973
7.000000	65.000000	0.600000	4.204420	823514432.510623
7.000000	65.000000	0.700000	4.204420	823519532.646715
7.000000	65.000000	0.800000	4.204420	823524084.171688
7.000000	65.000000	0.900000	4.204420	823528182.945139
7.000000	65.000000	1.000000	4.204420	823531891.315907
8.000000	55.000000	0.000000	4.204420	823815511.054243
8.000000	55.000000	0.100000	4.208421	823515792.056935
8.000000	55.000000	0.200000	4.204420	823551422.787287
8.000000	55.000000	0.300000	4.204420	823572106.868172
8.000000	55.000000	0.400000	4.204420	823585491.392061
8.000000	55.000000	0.500000	4.204420	823595012.568124
8.000000	55.000000	0.600000	4.196420	823594492.592417
8.000000	55.000000	0.700000	4.196420	823585332.723222
8.000000	55.000000	0.800000	4.196420	823578331.206782
8.000000	55.000000	0.900000	4.196420	823572860.613488
8.000000	55.000000	1.000000	4.196420	823568516.582744
8.000000	56.000000	0.000000	4.192419	823501628.847783
8.000000	56.000000	0.100000	4.192419	823484579.310831
8.000000	56.000000	0.200000	4.196420	823512154.070776
8.000000	56.000000	0.300000	4.196420	823525566.967574
8.000000	56.000000	0.400000	4.196420	823533993.304741
8.000000	56.000000	0.500000	4.196420	823538977.827191
8.000000	56.000000	0.600000	4.196420	823541774.465918
8.000000	56.000000	0.700000	4.196420	823543218.292900
8.000000	56.000000	0.800000	4.196420	823543832.223461
8.000000	56.000000	0.900000	4.196420	823543939.969866
8.000000	56.000000	1.000000	4.196420	823543743.505419
8.000000	57.000000	0.000000	4.204420	823364048.528539
8.000000	57.000000	0.100000	4.488449	823463880.487741
8.000000	57.000000	0.200000	4.488449	823524922.158674
8.000000	57.000000	0.300000	4.488449	823577233.800208
8.000000	57.000000	0.400000	4.204420	823595777.209852
8.000000	57.000000	0.500000	4.196420	823589200.241222
8.000000	57.000000	0.600000	4.196420	823576253.427253
8.000000	57.000000	0.700000	4.196420	823567555.901530
8.000000	57.000000	0.800000	4.196420	823561527.788521
8.000000	57.000000	0.900000	4.196420	823557241.488722
8.000000	57.000000	1.000000	4.196420	823554126.909227
8.000000	58.000000	0.000000	4.220422	823440904.317820
8.000000	58.000000	0.100000	4.200420	823415608.399531
8.000000	58.000000	0.200000	4.200420	823470964.499858
8.000000	58.000000	0.300000	4.200420	823498634.120559
8.000000	58.000000	0.400000	4.200420	823513776.373743
8.000000	58.000000	0.500000	4.200420	823522928.073963
8.000000	58.000000	0.600000	4.200420	823528716.507139
8.000000	58.000000	0.700000	4.200420	823532465.048025
8.000000	58.000000	0.800000	4.200420	823534934.949266
8.000000	58.000000	0.900000	4.200420	823536590.361740
8.000000	58.000000	1.000000	4.200420	823537722.358358
8.000000	59.000000	0.000000	4.204420	823381434.556785
8.000000	59.000000	0.100000	4.200420	823537956.047707
8.000000	59.000000	0.200000	4.200420	823552746.687539
8.000000	59.000000	0.300000	4.200420	823562284.889131
8.000000	59.000000	0.400000	4.200420	823565707.637574
8.000000	59.000000	0.500000	4.200420	823566026.189877
8.000000	59.000000	0.600000	4.200420	823565115.943143
8.000000	59.000000	0.700000	4.200420	823563859.355366
8.000000	59.000000	0.800000	4.200420	823562620.319384
8.000000	59.000000	0.900000	4.200420	823561526.106673
8.000000	59.000000	1.000000	4.200420	823560603.414680
8.000000	60.000000	0.000000	4.220422	823369312.959592
8.000000	60.000000	0.100000	4.200420	823469227.060148
8.000000	60.000000	0.200000	4.204420	823521143.199882
8.000000	60.000000	0.300000	4.204420	823541807.193679
8.000000	60.000000	0.400000	4.204420	823554367.002722
8.000000	60.000000	0.500000	4.200420	823559223.269733
8.000000	60.000000	0.600000	4.200420	823557984.774660
8.000000	60.000000	0.700000	4.200420	823556075.231225
8.000000	60.000000	0.800000	4.200420	823554103.664678
8.000000	60.000000	0.900000	4.200420	823552303.340296
8.000000	60.000000	1.000000	4.200420	823550750.680254
8.000000	61.000000	0.000000	4.204420	823719005.575372
8.000000	61.000000	0.100000	4.204420	823470890.006733
8.000000	61.000000	0.200000	4.204420	823456857.976108
8.000000	61.000000	0.300000	4.204420	823457737.421790
8.000000	61.000000	0.400000	4.204420	823464130.351547
8.000000	61.000000	0.500000	4.204420	823472051.959028
8.000000	61.000000	0.600000	4.204420	823479951.218474
8.000000	61.000000	0.700000	4.204420	823487298.823478
8.000000	61.000000	0.800000	4.204420	823493964.680439
8.000000	61.000000	0.900000	4.204420	823499965.413523
8.000000	61.000000	1.000000	4.204420	823505364.589523
8.000000	62.000000	0.000000	4.196420	823572760.559038
8.000000	62.000000	0.100000	4.196420	823512597.114833
8.000000	62.000000	0.200000	4.196420	823510623.111610
8.000000	62.000000	0.300000	4.196420	823517261.137554
8.000000	62.000000	0.400000	4.196420	823527493.683000
8.000000	62.000000	0.500000	4.196420	823537456.608034
8.000000	62.000000	0.600000	4.196420	823545983.941072
8.000000	62.000000	0.700000	4.196420	823552957.507137
8.000000	62.000000	0.800000	4.196420	823558571.277839
8.000000	62.000000	0.900000	4.196420	823563075.438787
8.000000	62.000000	1.000000	4.196420	823566697.757744
8.000000	63.000000	0.000000	4.320432	823686544.387830
8.000000	63.000000	0.100000	4.204420	823614154.539846
8.000000	63.000000	0.200000	4.196420	823597639.349469
8.000000	63.000000	0.300000	4.196420	823580974.239914
8.000000	63.000000	0.400000	4.200420	823569355.406778
8.000000	63.000000	0.500000	4.200420	823562968.936651
8.000000	63.000000	0.600000	4.200420	823559749.400032
8.000000	63.000000	0.700000	4.200420	823558251.374316
8.000000	63.000000	0.800000	4.200420	823557743.871010
8.000000	63.000000	0.900000	4.200420	823557820.401274
8.000000	63.000000	1.000000	4.200420	823558241.903466
8.000000	64.000000	0.000000	4.200420	823352507.607827
8.000000	64.000000	0.100000	4.204420	823499557.379259
8.000000	64.000000	0.200000	4.204420	823578135.008976
8.000000	64.000000	0.300000	4.200420	823580268.238376
8.000000	64.000000	0.400000	4.200420	823573081.847007
8.000000	64.000000	0.500000	4.200420	823567896.311229
8.000000	64.000000	0.600000	4.200420	823564195.305524
8.000000	64.000000	0.700000	4.200420	823561608.759887
8.000000	64.000000	0.800000	4.200420	823559852.234076
8.000000	64.000000	0.900000	4.200420	823558704.694203
8.000000	64.000000	1.000000	4.200420	823557998.021142
8.000000	65.000000	0.000000	4.208421	823397327.270518
8.000000	65.000000	0.100000	4.204420	823511470.506637
8.000000	65.000000	0.200000	4.204420	823474850.603932
8.000000	65.000000	0.300000	4.204420	823480790.944946
8.000000	65.000000	0.400000	4.204420	823489312.275341
8.000000	65.000000	0.500000	4.204420	823496805.219645
8.000000	65.000000	0.600000	4.204420	823503279.686422
8.000000	65.000000	0.700000	4.204420	823508989.377134
8.000000	65.000000	0.800000	4.204420	823514101.842637
8.000000	65.000000	0.900000	4.204420	823518716.717116
8.000000	65.000000	1.000000	4.204420	823522899.304600
9.000000	55.000000	0.000000	4.204420	823887653.560087
9.000000	55.000000	0.100000	4.208421	823505411.266887
9.000000	55.000000	0.200000	4.208421	823543354.276645
9.000000	55.000000	0.300000	4.204420	823570703.161358
9.000000	55.000000	0.400000	4.204420	823585292.046976
9.000000	55.000000	0.500000	4.204420	823595722.147539
9.000000	55.000000	0.600000	4.196420	823597861.874358
9.000000	55.000000	0.700000	4.196420	823587423.105702
9.000000	55.000000	0.800000	4.196420	823579445.962690
9.000000	55.000000	0.900000	4.196420	823573213.427415
9.000000	55.000000	1.000000	4.196420	823568263.898445
9.000000	56.000000	0.000000	4.336434	823522105.315245
9.000000	56.000000	0.100000	4.192419	823467230.993445
9.000000	56.000000	0.200000	4.196420	823507105.852244
9.000000	56.000000	0.300000	4.196420	823521257.954583
9.000000	56.000000	0.400000	4.196420	823530268.880146
9.000000	56.000000	0.500000	4.196420	823535595.245403
9.000000	56.000000	0.600000	4.196420	823538553.982097
9.000000	56.000000	0.700000	4.196420	823540044.371648
9.000000	56.000000	0.800000	4.196420	823540634.606521
9.000000	56.000000	0.900000	4.196420	823540677.703414
9.000000	56.000000	1.000000	4.196420	823540394.186537
9.000000	57.000000	0.000000	4.204420	823379758.218670
9.000000	57.000000	0.100000	4.488449	823439065.145111
9.000000	57.000000	0.200000	4.488449	823504926.692016
9.000000	57.000000	0.300000	4.488449	823562839.882191
9.000000	57.000000	0.400000	4.204420	823596863.592052
9.000000	57.000000	0.500000	4.196420	823592095.461223
9.000000	57.000000	0.600000	4.196420	823577342.813640
9.000000	57.000000	0.700000	4.196420	823567424.181406
9.000000	57.000000	0.800000	4.196420	823560542.117270
9.000000	57.000000	0.900000	4.196420	823555641.912190
9.000000	57.000000	1.000000	4.196420	823552075.515891
9.000000	58.000000	0.000000	4.220422	823462545.970440
9.000000	58.000000	0.100000	4.200420	823399138.870093
9.000000	58.000000	0.200000	4.200420	823458604.150072
9.000000	58.000000	0.300000	4.200420	823488795.066815
9.000000	58.000000	0.400000	4.200420	823505361.397909
9.000000	58.000000	0.500000	4.200420	823515375.838171
9.000000	58.000000	0.600000	4.200420	823521700.343632
9.000000	58.000000	0.700000	4.200420	823525783.536339
9.000000	58.000000	0.800000	4.200420	823528461.738239
9.000000	58.000000	0.900000	4.200420	823530245.959474
9.000000	58.000000	1.000000	4.200420	823531456.961307
9.000000	59.000000	0.000000	4.204420	823399317.500447
9.000000	59.000000	0.100000	4.200420	823536779.974295
9.000000	59.000000	0.200000	4.200420	823550609.111221
9.000000	59.000000	0.300000	4.200420	823560402.181472
9.000000	59.000000	0.400000	4.200420	823563784.069738
9.000000	59.000000	0.500000	4.200420	823563861.218597
9.000000	59.000000	0.600000	4.200420	823562649.709164
9.000000	59.000000	0.700000	4.200420	823561102.132129
9.000000	59.000000	0.800000	4.200420	823559607.779659
9.000000	59.000000	0.900000	4.200420	823558298.672565
9.000000	59.000000	1.000000	4.200420	823557198.149716
9.000000	60.000000	0.000000	4.220422	823382005.692433
9.000000	60.000000	0.100000	4.200420	823459459.863295
9.000000	60.000000	0.200000	4.204420	823514306.441157
9.000000	60.000000	0.300000	4.204420	823536616.027642
9.000000	60.000000	0.400000	4.204420	823550277.109086
9.000000	60.000000	0.500000	4.200420	823556207.933452
9.000000	60.000000	0.600000	4.200420	823554627.144642
9.000000	60.000000	0.700000	4.200420	823552344.992495
9.000000	60.000000	0.800000	4.200420	823550026.543142
9.000000	60.000000	0.900000	4.200420	823547923.060421
9.000000	60.000000	1.000000	4.200420	823546113.823520
9.000000	61.000000	0.000000	4.204420	823779084.896357
9.000000	61.000000	0.100000	4.204420	823460581.931749
9.000000	61.000000	0.200000	4.204420	823441985.564416
9.000000	61.000000	0.300000	4.204420	823442037.534273
9.000000	61.000000	0.400000	4.204420	823448760.876523
9.000000	61.000000	0.500000	4.204420	823457391.462463
9.000000	61.000000	0.600000	4.204420	823466090.647489
9.000000	61.000000	0.700000	4.204420	823474222.787339
9.000000	61.000000	0.800000	4.204420	823481621.439434
9.000000	61.000000	0.900000	4.204420	823488294.146365
9.000000	61.000000	1.000000	4.204420	823494305.725014
9.000000	62.000000	0.000000	4.196420	823617471.434353
9.000000	62.000000	0.100000	4.196420	823510414.609735
9.000000	62.000000	0.200000	4.196420	823505383.523230
9.000000	62.000000	0.300000	4.196420	823511913.895883
9.000000	62.000000	0.400000	4.196420	823522956.805785
9.000000	62.000000	0.500000	4.196420	823533883.873972
9.000000	62.000000	0.600000	4.196420	823543289.641790
9.000000	62.000000	0.700000	4.196420	823551000.987834
9.000000	62.000000	0.800000	4.196420	823557216.042890
9.000000	62.000000	0.900000	4.196420	823562205.106170
9.000000	62.000000	1.000000	4.196420	823566217.720645
9.000000	63.000000	0.000000	4.320432	823735074.496942
9.000000	63.000000	0.100000	4.320432	823617057.371918
9.000000	63.000000	0.200000	4.196420	823603276.790821
9.000000	63.000000	0.300000	4.200420	823582841.613242
9.000000	63.000000	0.400000	4.200420	823567887.810119
9.000000	63.000000	0.500000	4.200420	823560421.808752
9.000000	63.000000	0.600000	4.200420	823556612.348205
9.000000	63.000000	0.700000	4.200420	823554793.153496
9.000000	63.000000	0.800000	4.200420	823554121.775292
9.000000	63.000000	0.900000	4.200420	823554129.754052
9.000000	63.000000	1.000000	4.200420	823554541.449667
9.000000	64.000000	0.000000	4.200420	823367523.429326
9.000000	64.000000	0.100000	4.204420	823492832.725840
9.000000	64.000000	0.200000	4.204420	823578422.226393
9.000000	64.000000	0.300000	4.200420	823580633.449389
9.000000	64.000000	0.400000	4.200420	823572080.055373
9.000000	64.000000	0.500000	4.200420	823565965.105147
9.000000	64.000000	0.600000	4.200420	823561613.991877
9.000000	64.000000	0.700000	4.200420	823558570.212255
9.000000	64.000000	0.800000	4.200420	823556493.683732
9.000000	64.000000	0.900000	4.200420	823555124.583587
9.000000	64.000000	1.000000	4.200420	823554267.082042
9.000000	65.000000	0.000000	4.208421	823411511.332090
9.000000	65.000000	0.100000	4.220422	823503446.007258
9.000000	65.000000	0.200000	4.204420	823462227.270713
9.000000	65.000000	0.300000	4.204420	823467972.747817
9.000000	65.000000	0.400000	4.204420	823477090.540782
9.000000	65.000000	0.500000	4.204420	823485238.880645
9.000000	65.000000	0.600000	4.204420	823492335.173916
9.000000	65.000000	0.700000	4.204420	823498624.660185
9.000000	65.000000	0.800000	4.204420	823504275.746889
9.000000	65.000000	0.900000	4.204420	823509389.362886
9.000000	65.000000	1.000000	4.204420	823514032.279452
10.000000	55.000000	0.000000	4.204420	823969795.065931
10.000000	55.000000	0.100000	4.480448	823494333.466453
10.000000	55.000000	0.200000	4.208421	823535316.240020
10.000000	55.000000	0.300000	4.204420	823569716.079123
10.000000	55.000000	0.400000	4.204420	823585405.170079
10.000000	55.000000	0.500000	4.204420	823596681.701251
10.000000	55.000000	0.600000	4.196420	823601439.467956
10.000000	55.000000	0.700000	4.196420	823589692.040769
10.000000	55.000000	0.800000	4.196420	823580716.951849
10.000000	55.000000	0.900000	4.196420	823573705.115076
10.000000	55.000000	1.000000	4.196420	823568136.200239
10.000000	56.000000	0.000000	4.300430	823547711.277273
10.000000	56.000000	0.100000	4.192419	823451132.131634
10.000000	56.000000	0.200000	4.196420	823502682.570863
10.000000	56.000000	0.300000	4.196420	823517365.566176
10.000000	56.000000	0.400000	4.196420	823526856.923746
10.000000	56.000000	0.500000	4.196420	823532462.637921
10.000000	56.000000	0.600000	4.196420	823535541.809942
10.000000	56.000000	0.700000	4.196420	823537049.002997
10.000000	56.000000	0.800000	4.196420	823537593.222846
10.000000	56.000000	0.900000	4.196420	823537554.310714
10.000000	56.000000	1.000000	4.196420	823537169.853768
10.000000	57.000000	0.000000	4.204420	823405466.908801
10.000000	57.000000	0.100000	4.488449	823415499.258059
10.000000	57.000000	0.200000	4.488449	823485556.162514
10.000000	57.000000	0.300000	4.488449	823548862.588762
10.000000	57.000000	0.400000	4.488449	823593494.603438
10.000000	57.000000	0.500000	4.196420	823595240.655538
10.000000	57.000000	0.600000	4.196420	823578640.511704
10.000000	57.000000	0.700000	4.196420	823567471.013893
10.000000	57.000000	0.800000	4.196420	823559712.679296
10.000000	57.000000	0.900000	4.196420	823554181.209424
10.000000	57.000000	1.000000	4.196420	823550149.108683
10.000000	58.000000	0.000000	4.220422	823494186.623059
10.000000	58.000000	0.100000	4.200420	823383918.796232
10.000000	58.000000	0.200000	4.200420	823446868.737442
10.000000	58.000000	0.300000	4.200420	823479372.637662
10.000000	58.000000	0.400000	4.200420	823497258.890282
10.000000	58.000000	0.500000	4.200420	823508073.576699
10.000000	58.000000	0.600000	4.200420	823514892.491809
10.000000	58.000000	0.700000	4.200420	823519280.577272
10.000000	58.000000	0.800000	4.200420	823522144.760500
10.000000	58.000000	0.900000	4.200420	823524040.430984
10.000000	58.000000	1.000000	4.200420	823525316.550396
10.000000	59.000000	0.000000	4.220422	823425822.374226
10.000000	59.000000	0.100000	4.200420	823536853.356463
10.000000	59.000000	0.200000	4.200420	823549096.472063
10.000000	59.000000	0.300000	4.200420	823558936.098408
10.000000	59.000000	0.400000	4.200420	823562172.970113
10.000000	59.000000	0.500000	4.200420	823561946.221642
10.000000	59.000000	0.600000	4.200420	823560391.786876
10.000000	59.000000	0.700000	4.200420	823558523.461520
10.000000	59.000000	0.800000	4.200420	823556751.473229
10.000000	59.000000	0.900000	4.200420	823555210.112242
10.000000	59.000000	1.000000	4.200420	823553917.870902
10.000000	60.000000	0.000000	4.220422	823404697.425274
10.000000	60.000000	0.100000	4.200420	823450942.122021
10.000000	60.000000	0.200000	4.204420	823508094.619594
10.000000	60.000000	0.300000	4.204420	823531841.486202
10.000000	60.000000	0.400000	4.204420	823546499.683663
10.000000	60.000000	0.500000	4.200420	823553442.571500
10.000000	60.000000	0.600000	4.200420	823551477.826319
10.000000	60.000000	0.700000	4.200420	823548793.306397
10.000000	60.000000	0.800000	4.200420	823546105.654908
10.000000	60.000000	0.900000	4.200420	823543681.654339
10.000000	60.000000	1.000000	4.200420	823541601.952945
10.000000	61.000000	0.000000	4.204420	823849163.217342
10.000000	61.000000	0.100000	4.204420	823451523.312344
10.000000	61.000000	0.200000	4.204420	823427738.089886
10.000000	61.000000	0.300000	4.204420	823426754.271355
10.000000	61.000000	0.400000	4.204420	823433703.869715
10.000000	61.000000	0.500000	4.204420	823442980.940230
10.000000	61.000000	0.600000	4.204420	823452438.388201
10.000000	61.000000	0.700000	4.204420	823461325.303835
10.000000	61.000000	0.800000	4.204420	823469434.431735
10.000000	61.000000	0.900000	4.204420	823476761.753004
10.000000	61.000000	1.000000	4.204420	823483371.846668
10.000000	62.000000	0.000000	4.324432	823671530.641461
10.000000	62.000000	0.100000	4.196420	823509481.560216
10.000000	62.000000	0.200000	4.196420	823500768.872013
10.000000	62.000000	0.300000	4.196420	823506983.278812
10.000000	62.000000	0.400000	4.196420	823518732.396787
10.000000	62.000000	0.500000	4.196420	823530561.114244
10.000000	62.000000	0.600000	4.196420	823540803.654208
10.000000	62.000000	0.700000	4.196420	823549223.021170
10.000000	62.000000	0.800000	4.196420	823556017.041250
10.000000	62.000000	0.900000	4.196420	823561473.647352
10.000000	62.000000	1.000000	4.196420	823565862.669713
10.000000	63.000000	0.000000	4.320432	823793603.606054
10.000000	63.000000	0.100000	4.320432	823618725.745040
10.000000	63.000000	0.200000	4.196420	823609539.169336
10.000000	63.000000	0.300000	4.200420	823583868.800397
10.000000	63.000000	0.400000	4.200420	823566732.681678
10.000000	63.000000	0.500000	4.200420	823558124.655185
10.000000	63.000000	0.600000	4.200420	823553683.608078
10.000000	63.000000	0.700000	4.200420	823551513.485313
10.000000	63.000000	0.800000	4.200420	823550655.912883
10.000000	63.000000	0.900000	4.200420	823550577.980630
10.000000	63.000000	1.000000	4.200420	823550965.982035
10.000000	64.000000	0.000000	4.468447	823385413.782740
10.000000	64.000000	0.100000	4.204420	823487357.528001
10.000000	64.000000	0.200000	4.204420	823579334.380971
10.000000	64.000000	0.300000	4.200420	823581415.285002
10.000000	64.000000	0.400000	4.200420	823571390.731955
10.000000	64.000000	0.500000	4.200420	823564283.873396
10.000000	64.000000	0.600000	4.200420	823559240.989928
10.000000	64.000000	0.700000	4.200420	823555710.217260
10.000000	64.000000	0.800000	4.200420	823553291.366695
10.000000	64.000000	0.900000	4.200420	823551683.346768
10.000000	64.000000	1.000000	4.200420	823550661.129106
10.000000	65.000000	0.000000	4.208421	823435694.393661
10.000000	65.000000	0.100000	4.220422	823495883.386310
10.000000	65.000000	0.200000	4.204420	823450228.874655
10.000000	65.000000	0.300000	4.204420	823455571.175285
10.000000	65.000000	0.400000	4.204420	823465181.274437
10.000000	65.000000	0.500000	4.204420	823473922.515975
10.000000	65.000000	0.600000	4.204420	823481598.973106
10.000000	65.000000	0.700000	4.204420	823488438.495868
10.000000	65.000000	0.800000	4.204420	823494605.884442
10.000000	65.000000	0.900000	4.204420	823500200.882449
10.000000	65.000000	1.000000	4.204420	823505290.240462
11.000000	55.000000	0.000000	4.204420	824061935.571775
11.000000	55.000000	0.100000	4.480448	823482975.439352
11.000000	55.000000	0.200000	4.208421	823527903.140544
11.000000	55.000000	0.300000	4.208421	823568837.500627
11.000000	55.000000	0.400000	4.204420	823585830.761369
11.000000	55.000000	0.500000	4.204420	823597891.229260
11.000000	55.000000	0.600000	4.196420	823605225.373209
11.000000	55.000000	0.700000	4.196420	823592139.528424
11.000000	55.000000	0.800000	4.196420	823582144.174258
11.000000	55.000000	0.900000	4.196420	823574335.676472
11.000000	55.000000	1.000000	4.196420	823568133.488128
11.000000	56.000000	0.000000	4.300430	823583289.723701
11.000000	56.000000	0.100000	4.192419	823436282.725397
11.000000	56.000000	0.200000	4.196420	823498884.226634
11.000000	56.000000	0.300000	4.196420	823513889.802352
11.000000	56.000000	0.400000	4.196420	823523757.435541
11.000000	56.000000	0.500000	4.196420	823529580.004746
11.000000	56.000000	0.600000	4.196420	823532737.949455
11.000000	56.000000	0.700000	4.196420	823534232.186945
11.000000	56.000000	0.800000	4.196420	823534708.072435
11.000000	56.000000	0.900000	4.196420	823534569.791764
11.000000	56.000000	1.000000	4.196420	823534070.507111
11.000000	57.000000	0.000000	4.204420	823441174.598932
11.000000	57.000000	0.100000	4.488449	823393182.826582
11.000000	57.000000	0.200000	4.488449	823466810.570166
11.000000	57.000000	0.300000	4.488449	823535301.919922
11.000000	57.000000	0.400000	4.488449	823583824.275936
11.000000	57.000000	0.500000	4.196420	823598635.824167
11.000000	57.000000	0.600000	4.196420	823580146.521445
11.000000	57.000000	0.700000	4.196420	823567696.398992
11.000000	57.000000	0.800000	4.196420	823559039.474599
11.000000	57.000000	0.900000	4.196420	823552859.380423
11.000000	57.000000	1.000000	4.196420	823548347.687604
11.000000	58.000000	0.000000	4.220422	823535826.275679
11.000000	58.000000	0.100000	4.200420	823369948.177950
11.000000	58.000000	0.200000	4.200420	823435758.261971
11.000000	58.000000	0.300000	4.200420	823470366.833102
11.000000	58.000000	0.400000	4.200420	823489468.850862
11.000000	58.000000	0.500000	4.200420	823501021.289548
11.000000	58.000000	0.600000	4.200420	823508292.951671
11.000000	58.000000	0.700000	4.200420	823512956.170826
11.000000	58.000000	0.800000	4.200420	823515984.016048
11.000000	58.000000	0.900000	4.200420	823517973.776270
11.000000	58.000000	1.000000	4.200420	823519301.125627
11.000000	59.000000	0.000000	4.220422	823460625.601962
11.000000	59.000000	0.100000	4.200420	823538176.194209
11.000000	59.000000	0.200000	4.200420	823548208.770065
11.000000	59.000000	0.300000	4.200420	823557886.639939
11.000000	59.000000	0.400000	4.200420	823560874.338698
11.000000	59.000000	0.500000	4.200420	823560281.199013
11.000000	59.000000	0.600000	4.200420	823558342.176278
11.000000	59.000000	0.700000	4.200420	823556123.343538
11.000000	59.000000	0.800000	4.200420	823554051.400096
11.000000	59.000000	0.900000	4.200420	823552260.425705
11.000000	59.000000	1.000000	4.200420	823550762.578239
11.000000	60.000000	0.000000	4.220422	823437388.158115
11.000000	60.000000	0.100000	4.200420	823443673.836327
11.000000	60.000000	0.200000	4.204420	823502507.735191
11.000000	60.000000	0.300000	4.204420	823527483.569359
11.000000	60.000000	0.400000	4.204420	823543034.726454
11.000000	60.000000	0.500000	4.200420	823550927.183878
11.000000	60.000000	0.600000	4.200420	823548536.819690
11.000000	60.000000	0.700000	4.200420	823545420.172932
11.000000	60.000000	0.800000	4.200420	823542340.999976
11.000000	60.000000	0.900000	4.200420	823539579.122050
11.000000	60.000000	1.000000	4.200420	823537215.068528
11.000000	61.000000	0.000000	4.204420	823929240.538327
11.000000	61.000000	0.100000	4.204420	823443714.148520
11.000000	61.000000	0.200000	4.204420	823414115.552519
11.000000	61.000000	0.300000	4.204420	823411887.633037
11.000000	61.000000	0.400000	4.204420	823418959.331122
11.000000	61.000000	0.500000	4.204420	823428820.392329
11.000000	61.000000	0.600000	4.204420	823438994.440613
11.000000	61.000000	0.700000	4.204420	823448606.372967
11.000000	61.000000	0.800000	4.204420	823457403.657342
11.000000	61.000000	0.900000	4.204420	823465368.233441
11.000000	61.000000	1.000000	4.204420	823472562.954486
11.000000	62.000000	0.000000	4.324432	823724064.980278
11.000000	62.000000	0.100000	4.196420	823509797.966278
11.000000	62.000000	0.200000	4.196420	823496779.157959
11.000000	62.000000	0.300000	4.196420	823502469.286341
11.000000	62.000000	0.400000	4.196420	823514820.456004
11.000000	62.000000	0.500000	4.196420	823527488.328849
11.000000	62.000000	0.600000	4.196420	823538525.978326
11.000000	62.000000	0.700000	4.196420	823547623.607143
11.000000	62.000000	0.800000	4.196420	823554974.272917
11.000000	62.000000	0.900000	4.196420	823560881.062333
11.000000	62.000000	1.000000	4.196420	823565632.604947
11.000000	63.000000	0.000000	4.320432	823862131.715166
11.000000	63.000000	0.100000	4.320432	823621643.573742
11.000000	63.000000	0.200000	4.196420	823616426.485014
11.000000	63.000000	0.300000	4.200420	823585312.612152
11.000000	63.000000	0.400000	4.200420	823565890.021453
11.000000	63.000000	0.500000	4.200420	823556077.475953
11.000000	63.000000	0.600000	4.200420	823550963.179651
11.000000	63.000000	0.700000	4.200420	823548412.369769
11.000000	63.000000	0.800000	4.200420	823547346.283781
11.000000	63.000000	0.900000	4.200420	823547165.081007
11.000000	63.000000	1.000000	4.200420	823547515.500570
11.000000	64.000000	0.000000	4.468447	823396865.330440
11.000000	64.000000	0.100000	4.204420	823483131.785742
11.000000	64.000000	0.200000	4.204420	823580871.472712
11.000000	64.000000	0.300000	4.200420	823582613.745213
11.000000	64.000000	0.400000	4.200420	823571013.876752
11.000000	64.000000	0.500000	4.200420	823562852.615977
11.000000	64.000000	0.600000	4.200420	823557076.299677
11.000000	64.000000	0.700000	4.200420	823553028.774900
11.000000	64.000000	0.800000	4.200420	823550245.282963
11.000000	64.000000	0.900000	4.200420	823548380.983746
11.000000	64.000000	1.000000	4.200420	823547180.162333
11.000000	65.000000	0.000000	4.208421	823469876.455233
11.000000	65.000000	0.100000	4.220422	823489570.220942
11.000000	65.000000	0.200000	4.204420	823438855.415759
11.000000	65.000000	0.300000	4.204420	823443586.227350
11.000000	65.000000	0.400000	4.204420	823453584.476305
11.000000	65.000000	0.500000	4.204420	823462856.125635
11.000000	65.000000	0.600000	4.204420	823471071.083990
11.000000	65.000000	0.700000	4.204420	823478430.884184
11.000000	65.000000	0.800000	4.204420	823485092.255297
11.000000	65.000000	0.900000	4.204420	823491151.275805
11.000000	65.000000	1.000000	4.204420	823496673.187632
12.000000	55.000000	0.000000	4.204420	824164075.077618
12.000000	55.000000	0.100000	4.480448	823472866.867824
12.000000	55.000000	0.200000	4.480448	823520659.349582
12.000000	55.000000	0.300000	4.208421	823564520.768339
12.000000	55.000000	0.400000	4.204420	823586568.820846
12.000000	55.000000	0.500000	4.204420	823599350.731566
12.000000	55.000000	0.600000	4.204420	823609218.323579
12.000000	55.000000	0.700000	4.196420	823594765.568666
12.000000	55.000000	0.800000	4.196420	823583727.629917
12.000000	55.000000	0.900000	4.196420	823575105.111602
12.000000	55.000000	1.000000	4.196420	823568255.762110
12.000000	56.000000	0.000000	4.300430	823628867.170129
12.000000	56.000000	0.100000	4.192419	823422682.774736
12.000000	56.000000	0.200000	4.196420	823495710.819558
12.000000	56.000000	0.300000	4.196420	823510830.663112
12.000000	56.000000	0.400000	4.196420	823520970.415531
12.000000	56.000000	0.500000	4.196420	823526947.345876
12.000000	56.000000	0.600000	4.196420	823530142.400636
12.000000	56.000000	0.700000	4.196420	823531593.923493
12.000000	56.000000	0.800000	4.196420	823531979.155290
12.000000	56.000000	0.900000	4.196420	823531724.146566
12.000000	56.000000	1.000000	4.196420	823531096.146566
12.000000	57.000000	0.000000	4.204420	823486881.289062
12.000000	57.000000	0.100000	4.488449	823372115.850683
12.000000	57.000000	0.200000	4.488449	823448689.914974
12.000000	57.000000	0.300000	4.488449	823522157.875669
12.000000	57.000000	0.400000	4.488449	823574466.416635
12.000000	57.000000	0.500000	4.196420	823602280.967110
12.000000	57.000000	0.600000	4.196420	823581860.842863
12.000000	57.000000	0.700000	4.196420	823568100.336701
12.000000	57.000000	0.800000	4.196420	823558522.503180
12.000000	57.000000	0.900000	4.196420	823551676.425187
12.000000	57.000000	1.000000	4.200420	823545966.919281
12.000000	58.000000	0.000000	4.220422	823587464.928298
12.000000	58.000000	0.100000	4.200420	823357227.015245
12.000000	58.000000	0.200000	4.200420	823425272.723658
12.000000	58.000000	0.300000	4.200420	823461777.653134
12.000000	58.000000	0.400000	4.200420	823481991.279647
12.000000	58.000000	0.500000	4.200420	823494218.976717
12.000000	58.000000	0.600000	4.200420	823501901.723218
12.000000	58.000000	0.700000	4.200420	823506810.316999
12.000000	58.000000	0.800000	4.200420	823509979.504884
12.000000	58.000000	0.900000	4.200420	823512045.995334
12.000000	58.000000	1.000000	4.200420	823513410.686998
12.000000	59.000000	0.000000	4.220422	823505427.829698
12.000000	59.000000	0.100000	4.200420	823540748.487533
12.000000	59.000000	0.200000	4.200420	823547946.005227
12.000000	59.000000	0.300000	4.200420	823557253.806066
12.000000	59.000000	0.400000	4.200420	823559888.175493
12.000000	59.000000	0.500000	4.200420	823558866.150709
12.000000	59.000000	0.600000	4.200420	823556500.877372
12.000000	59.000000	0.700000	4.200420	823553901.778183
12.000000	59.000000	0.800000	4.200420	823551507.560258
12.000000	59.000000	0.900000	4.200420	823549449.612955
12.000000	59.000000	1.000000	4.200420	823547732.271728
12.000000	60.000000	0.000000	4.220422	823480077.890956
12.000000	60.000000	0.100000	4.220422	823436439.815122
12.000000	60.000000	0.200000	4.204420	823497545.787951
12.000000	60.000000	0.300000	4.204420	823523542.277114
12.000000	60.000000	0.400000	4.204420	823539882.237459
12.000000	60.000000	0.500000	4.200420	823548661.770585
12.000000	60.000000	0.600000	4.200420	823545804.124757
12.000000	60.000000	0.700000	4.200420	823542225.592100
12.000000	60.000000	0.800000	4.200420	823538732.578345
12.000000	60.000000	0.900000	4.200420	823535615.463553
12.000000	60.000000	1.000000	4.200420	823532953.170270
12.000000	61.000000	0.000000	4.204420	824019316.859312
12.000000	61.000000	0.100000	4.204420	823437154.440275
12.000000	61.000000	0.200000	4.204420	823401117.952314
12.000000	61.000000	0.300000	4.204420	823397437.619317
12.000000	61.000000	0.400000	4.204420	823404527.260745
12.000000	61.000000	0.500000	4.204420	823414909.818759
12.000000	61.000000	0.600000	4.204420	823425758.804722
12.000000	61.000000	0.700000	4.204420	823436065.994736
12.000000	61.000000	0.800000	4.204420	823445529.116255
12.000000	61.000000	0.900000	4.204420	823454113.587674
12.000000	61.000000	1.000000	4.204420	823461879.048468
12.000000	62.000000	0.000000	4.324432	823786598.319096
12.000000	62.000000	0.100000	4.196420	823511363.827920
12.000000	62.000000	0.200000	4.196420	823493414.381067
12.000000	62.000000	0.300000	4.196420	823498371.918469
12.000000	62.000000	0.400000	4.196420	823511220.983438
12.000000	62.000000	0.500000	4.196420	823524665.517787
12.000000	62.000000	0.600000	4.196420	823536456.614144
12.000000	62.000000	0.700000	4.196420	823546202.745754
12.000000	62.000000	0.800000	4.196420	823554087.737892
12.000000	62.000000	0.900000	4.196420	823560427.351114
12.000000	62.000000	1.000000	4.196420	823565527.526347
12.000000	63.000000	0.000000	4.320432	823940658.824278
12.000000	63.000000	0.100000	4.320432	823625810.858025
12.000000	63.000000	0.200000	4.196420	823623938.737855
12.000000	63.000000	0.300000	4.200420	823587173.048508
12.000000	63.000000	0.400000	4.200420	823565359.829444
12.000000	63.000000	0.500000	4.200420	823554280.271053
12.000000	63.000000	0.600000	4.200420	823548451.062923
12.000000	63.000000	0.700000	4.200420	823545489.806862
12.000000	63.000000	0.800000	4.200420	823544192.887988
12.000000	63.000000	0.900000	4.200420	823543891.055184
12.000000	63.000000	1.000000	4.200420	823544190.005270
12.000000	64.000000	0.000000	4.468447	823418315.878141
12.000000	64.000000	0.100000	4.204420	823480155.499063
12.000000	64.000000	0.200000	4.204420	823583033.501616
12.000000	64.000000	0.300000	4.200420	823584228.830024
12.000000	64.000000	0.400000	4.200420	823570949.489764
12.000000	64.000000	0.500000	4.200420	823561671.332890
12.000000	64.000000	0.600000	4.200420	823555119.921124
12.000000	64.000000	0.700000	4.200420	823550525.885176
12.000000	64.000000	0.800000	4.200420	823547355.432538
12.000000	64.000000	0.900000	4.200420	823545217.494522
12.000000	64.000000	1.000000	4.200420	823543824.181724
12.000000	65.000000	0.000000	4.208421	823514057.516804
12.000000	65.000000	0.100000	4.220422	823484506.511154
12.000000	65.000000	0.200000	4.204420	823428106.894024
12.000000	65.000000	0.300000	4.204420	823432017.904014
12.000000	65.000000	0.400000	4.204420	823442300.146387
12.000000	65.000000	0.500000	4.204420	823452039.709623
12.000000	65.000000	0.600000	4.204420	823460751.506570
12.000000	65.000000	0.700000	4.204420	823468601.825132
12.000000	65.000000	0.800000	4.204420	823475734.859454
12.000000	65.000000	0.900000	4.204420	823482240.542953
12.000000	65.000000	1.000000	4.204420	823488181.120959
13.000000	55.000000	0.000000	4.204420	824276213.583462
13.000000	55.000000	0.100000	4.480448	823464007.751869
13.000000	55.000000	0.200000	4.480448	823511723.570680
13.000000	55.000000	0.300000	4.208421	823560620.660630
13.000000	55.000000	0.400000	4.204420	823587619.348511
13.000000	55.000000	0.500000	4.204420	823601060.208168
13.000000	55.000000	0.600000	4.204420	823611479.292352
13.000000	55.000000	0.700000	4.196420	823597570.161495
13.000000	55.000000	0.800000	4.196420	823585467.318825
13.000000	55.000000	0.900000	4.196420	823576013.420466
13.000000	55.000000	1.000000	4.196420	823568503.022187
13.000000	56.000000	0.000000	4.300430	823684443.616557
13.000000	56.000000	0.100000	4.192419	823410332.279649
13.000000	56.000000	0.200000	4.196420	823493162.349633
13.000000	56.000000	0.300000	4.196420	823508188.148455
13.000000	56.000000	0.400000	4.196420	823518495.863716
13.000000	56.000000	0.500000	4.196420	823524564.661313
13.000000	56.000000	0.600000	4.196420	823527755.163484
13.000000	56.000000	0.700000	4.196420	823529134.212641
13.000000	56.000000	0.800000	4.196420	823529406.471409
13.000000	56.000000	0.900000	4.196420	823529017.375119
13.000000	56.000000	1.000000	4.196420	823528246.772133
13.000000	57.000000	0.000000	4.204420	823542586.979193
13.000000	57.000000	0.100000	4.488449	823352298.330359
13.000000	57.000000	0.200000	4.488449	823431194.196937
13.000000	57.000000	0.300000	4.488449	823509430.456006
13.000000	57.000000	0.400000	4.488449	823565421.025534
13.000000	57.000000	0.500000	4.488449	823604539.828268
13.000000	57.000000	0.600000	4.196420	823583783.475957
13.000000	57.000000	0.700000	4.196420	823568682.827021
13.000000	57.000000	0.800000	4.196420	823558161.765038
13.000000	57.000000	0.900000	4.196420	823550632.343717
13.000000	57.000000	1.000000	4.200420	823542914.486067
13.000000	58.000000	0.000000	4.220422	823649102.580918
13.000000	58.000000	0.100000	4.200420	823345755.308118
13.000000	58.000000	0.200000	4.200420	823415412.122502
13.000000	58.000000	0.300000	4.200420	823453605.097758
13.000000	58.000000	0.400000	4.200420	823474826.176639
13.000000	58.000000	0.500000	4.200420	823487666.638206
13.000000	58.000000	0.600000	4.200420	823495718.806449
13.000000	58.000000	0.700000	4.200420	823500843.015793
13.000000	58.000000	0.800000	4.200420	823504131.227008
13.000000	58.000000	0.900000	4.200420	823506257.088174
13.000000	58.000000	1.000000	4.200420	823507645.234510
13.000000	59.000000	0.000000	4.220422	823560229.057435
13.000000	59.000000	0.100000	4.200420	823544570.236437
13.000000	59.000000	0.200000	4.200420	823548308.177549
13.000000	59.000000	0.300000	4.200420	823557037.596788
13.000000	59.000000	0.400000	4.200420	823559214.480499
13.000000	59.000000	0.500000	4.200420	823557701.076731
13.000000	59.000000	0.600000	4.200420	823554867.890155
13.000000	59.000000	0.700000	4.200420	823551858.765455
13.000000	59.000000	0.800000	4.200420	823549119.953716
13.000000	59.000000	0.900000	4.200420	823546777.673990
13.000000	59.000000	1.000000	4.200420	823544826.951367
13.000000	60.000000	0.000000	4.220422	823532766.623797
13.000000	60.000000	0.100000	4.220422	823428620.002911
13.000000	60.000000	0.200000	4.204420	823493208.777871
13.000000	60.000000	0.300000	4.204420	823520017.609467
13.000000	60.000000	0.400000	4.204420	823537042.216677
13.000000	60.000000	0.500000	4.200420	823546646.331621
13.000000	60.000000	0.600000	4.200420	823543279.741519
13.000000	60.000000	0.700000	4.200420	823539209.563899
13.000000	60.000000	0.800000	4.200420	823535280.390017
13.000000	60.000000	0.900000	4.200420	823531790.678850
13.000000	60.000000	1.000000	4.200420	823528816.258171
13.000000	61.000000	0.000000	4.204420	824119392.180297
13.000000	61.000000	0.100000	4.204420	823431844.187610
13.000000	61.000000	0.200000	4.204420	823388745.289271
13.000000	61.000000	0.300000	4.204420	823383404.230196
13.000000	61.000000	0.400000	4.204420	823390407.658583
13.000000	61.000000	0.500000	4.204420	823401249.219522
13.000000	61.000000	0.600000	4.204420	823412731.480529
13.000000	61.000000	0.700000	4.204420	823423704.169140
13.000000	61.000000	0.800000	4.204420	823433810.808474
13.000000	61.000000	0.900000	4.204420	823442997.815706
13.000000	61.000000	1.000000	4.204420	823451320.128613
13.000000	62.000000	0.000000	4.324432	823859130.657913
13.000000	62.000000	0.100000	4.196420	823514179.145142
13.000000	62.000000	0.200000	4.196420	823490674.541339
13.000000	62.000000	0.300000	4.196420	823494691.175198
13.000000	62.000000	0.400000	4.196420	823507933.979089
13.000000	62.000000	0.500000	4.196420	823522092.681058
13.000000	62.000000	0.600000	4.196420	823534595.561661
13.000000	62.000000	0.700000	4.196420	823544960.437003
13.000000	62.000000	0.800000	4.196420	823553357.436175
13.000000	62.000000	0.900000	4.196420	823560112.513695
13.000000	62.000000	1.000000	4.196420	823565547.433914
13.000000	63.000000	0.000000	4.320432	824029184.933390
13.000000	63.000000	0.100000	4.320432	823631227.597888
13.000000	63.000000	0.200000	4.196420	823632075.927859
13.000000	63.000000	0.300000	4.200420	823589450.109463
13.000000	63.000000	0.400000	4.200420	823565142.105652
13.000000	63.000000	0.500000	4.200420	823552733.040486
13.000000	63.000000	0.600000	4.200420	823546147.257895
13.000000	63.000000	0.700000	4.200420	823542745.796593
13.000000	63.000000	0.800000	4.200420	823541195.725502
13.000000	63.000000	0.900000	4.200420	823540755.903160
13.000000	63.000000	1.000000	4.200420	823540989.496136
13.000000	64.000000	0.000000	4.468447	823449765.425842
13.000000	64.000000	0.100000	4.204420	823478428.667964
13.000000	64.000000	0.200000	4.204420	823585820.467682
13.000000	64.000000	0.300000	4.200420	823586260.539433
13.000000	64.000000	0.400000	4.200420	823571197.570992
13.000000	64.000000	0.500000	4.200420	823560740.024135
13.000000	64.000000	0.600000	4.200420	823553371.854270
13.000000	64.000000	0.700000	4.200420	823548201.548088
13.000000	64.000000	0.800000	4.200420	823544621.815418
13.000000	64.000000	0.900000	4.200420	823542192.879095
13.000000	64.000000	1.000000	4.200420	823540593.187278
13.000000	65.000000	0.000000	4.208421	823568237.578375
13.000000	65.000000	0.100000	4.220422	823480692.256945
13.000000	65.000000	0.200000	4.204420	823417983.309451
13.000000	65.000000	0.300000	4.204420	823420866.205275
13.000000	65.000000	0.400000	4.204420	823431328.284682
13.000000	65.000000	0.500000	4.204420	823441473.267941
13.000000	65.000000	0.600000	4.204420	823450640.240845
13.000000	65.000000	0.700000	4.204420	823458951.318713
13.000000	65.000000	0.800000	4.204420	823466533.696913
13.000000	65.000000	0.900000	4.204420	823473468.683894
13.000000	65.000000	1.000000	4.204420	823479814.040445
14.000000	55.000000	0.000000	4.204420	824398351.089306
14.000000	55.000000	0.100000	4.480448	823456398.091487
14.000000	55.000000	0.200000	4.480448	823503412.728927
14.000000	55.000000	0.300000	4.480448	823557035.841008
14.000000	55.000000	0.400000	4.208421	823588903.243515
14.000000	55.000000	0.500000	4.204420	823603019.659068
14.000000	55.000000	0.600000	4.204420	823613948.572782
14.000000	55.000000	0.700000	4.196420	823600553.306911
14.000000	55.000000	0.800000	4.196420	823587363.240985
14.000000	55.000000	0.900000	4.196420	823577060.603065
14.000000	55.000000	1.000000	4.196420	823568875.268357
14.000000	56.000000	0.000000	4.300430	823750019.062985
14.000000	56.000000	0.100000	4.192419	823399231.240138
14.000000	56.000000	0.200000	4.196420	823491238.816861
14.000000	56.000000	0.300000	4.196420	823505962.258382
14.000000	56.000000	0.400000	4.196420	823516333.780096
14.000000	56.000000	0.500000	4.196420	823522431.951056
14.000000	56.000000	0.600000	4.196420	823525576.237999
14.000000	56.000000	0.700000	4.196420	823526853.054390
14.000000	56.000000	0.800000	4.196420	823526990.020793
14.000000	56.000000	0.900000	4.196420	823526449.477423
14.000000	56.000000	1.000000	4.196420	823525522.383813
14.000000	57.000000	0.000000	4.204420	823608291.669324
14.000000	57.000000	0.100000	4.488449	823333730.265613
14.000000	57.000000	0.200000	4.488449	823414323.416055
14.000000	57.000000	0.300000	4.488449	823497119.660930
14.000000	57.000000	0.400000	4.488449	823556688.102636
14.000000	57.000000	0.500000	4.488449	823598378.586830
14.000000	57.000000	0.600000	4.196420	823585914.420728
14.000000	57.000000	0.700000	4.196420	823569443.869952
14.000000	57.000000	0.800000	4.196420	823557957.260173
14.000000	57.000000	0.900000	4.200420	823548840.889643
14.000000	57.000000	1.000000	4.200420	823539987.038980
14.000000	58.000000	0.000000	4.220422	823720739.233537
14.000000	58.000000	0.100000	4.200420	823335533.056568
14.000000	58.000000	0.200000	4.200420	823406176.458504
14.000000	58.000000	0.300000	4.200420	823445849.166975
14.000000	58.000000	0.400000	4.200420	823467973.541838
14.000000	58.000000	0.500000	4.200420	823481364.274016
14.000000	58.000000	0.600000	4.200420	823489744.201364
14.000000	58.000000	0.700000	4.200420	823495054.267206
14.000000	58.000000	0.800000	4.200420	823498439.182419
14.000000	58.000000	0.900000	4.200420	823500607.054791
14.000000	58.000000	1.000000	4.200420	823502004.768163
14.000000	59.000000	0.000000	4.220422	823625029.285171
14.000000	59.000000	0.100000	4.200420	823549641.440920
14.000000	59.000000	0.200000	4.200420	823549295.287031
14.000000	59.000000	0.300000	4.200420	823557238.012105
14.000000	59.000000	0.400000	4.200420	823558853.253715
14.000000	59.000000	0.500000	4.200420	823556785.977079
14.000000	59.000000	0.600000	4.200420	823553443.214629
14.000000	59.000000	0.700000	4.200420	823549994.305354
14.000000	59.000000	0.800000	4.200420	823546888.580470
14.000000	59.000000	0.900000	4.200420	823544244.608811
14.000000	59.000000	1.000000	4.200420	823542046.617157
14.000000	60.000000	0.000000	4.220422	823595454.356638
14.000000	60.000000	0.100000	4.220422	823422049.646279
14.000000	60.000000	0.200000	4.220422	823488986.301425
14.000000	60.000000	0.300000	4.204420	823516909.566417
14.000000	60.000000	0.400000	4.204420	823534514.664109
14.000000	60.000000	0.500000	4.200420	823544880.866987
14.000000	60.000000	0.600000	4.200420	823540963.669977
14.000000	60.000000	0.700000	4.200420	823536372.088332
14.000000	60.000000	0.800000	4.200420	823531984.434991
14.000000	60.000000	0.900000	4.200420	823528104.767939
14.000000	60.000000	1.000000	4.200420	823524804.332231
14.000000	61.000000	0.000000	4.204420	824229466.501282
14.000000	61.000000	0.100000	4.204420	823427783.390526
14.000000	61.000000	0.200000	4.204420	823376997.563391
14.000000	61.000000	0.300000	4.204420	823369787.465675
14.000000	61.000000	0.400000	4.204420	823376600.524637
14.000000	61.000000	0.500000	4.204420	823387838.594616
14.000000	61.000000	0.600000	4.204420	823399912.468035
14.000000	61.000000	0.700000	4.204420	823411520.896180
14.000000	61.000000	0.800000	4.204420	823422248.733999
14.000000	61.000000	0.900000	4.204420	823432020.917534
14.000000	61.000000	1.000000	4.204420	823440886.194922
14.000000	62.000000	0.000000	4.324432	823941661.996731
14.000000	62.000000	0.100000	4.196420	823518243.917945
14.000000	62.000000	0.200000	4.196420	823488559.638773
14.000000	62.000000	0.300000	4.196420	823491427.056526
14.000000	62.000000	0.400000	4.196420	823504959.442956
14.000000	62.000000	0.500000	4.196420	823519769.818662
14.000000	62.000000	0.600000	4.196420	823532942.820878
14.000000	62.000000	0.700000	4.196420	823543896.680889
14.000000	62.000000	0.800000	4.196420	823552783.367767
14.000000	62.000000	0.900000	4.196420	823559936.550075
14.000000	62.000000	1.000000	4.196420	823565692.327647
14.000000	63.000000	0.000000	4.320432	824127710.042503
14.000000	63.000000	0.100000	4.320432	823637893.793332
14.000000	63.000000	0.200000	4.196420	823640838.055026
14.000000	63.000000	0.300000	4.200420	823592143.795017
14.000000	63.000000	0.400000	4.200420	823565236.850076
14.000000	63.000000	0.500000	4.200420	823551435.784252
14.000000	63.000000	0.600000	4.200420	823544051.764567
14.000000	63.000000	0.700000	4.200420	823540180.338962
14.000000	63.000000	0.800000	4.200420	823538354.796325
14.000000	63.000000	0.900000	4.200420	823537759.624936
14.000000	63.000000	1.000000	4.200420	823537913.973169
14.000000	64.000000	0.000000	4.468447	823491213.973542
14.000000	64.000000	0.100000	4.204420	823477951.292446
14.000000	64.000000	0.200000	4.204420	823589232.370910
14.000000	64.000000	0.300000	4.200420	823588708.873442
14.000000	64.000000	0.400000	4.200420	823571758.120435
14.000000	64.000000	0.500000	4.200420	823560058.689711
14.000000	64.000000	0.600000	4.200420	823551832.099114
14.000000	64.000000	0.700000	4.200420	823546055.763637
14.000000	64.000000	0.800000	4.200420	823542044.431604
14.000000	64.000000	0.900000	4.200420	823539307.137465
14.000000	64.000000	1.000000	4.200420	823537487.178996
14.000000	65.000000	0.000000	4.208421	823632416.639946
14.000000	65.000000	0.100000	4.220422	823478127.458316
14.000000	65.000000	0.200000	4.204420	823408484.662039
14.000000	65.000000	0.300000	4.204420	823410131.131133
14.000000	65.000000	0.400000	4.204420	823420668.891190
14.000000	65.000000	0.500000	4.204420	823431156.800588
14.000000	65.000000	0.600000	4.204420	823440737.286815
14.000000	65.000000	0.700000	4.204420	823449479.364926
14.000000	65.000000	0.800000	4.204420	823457488.767674
14.000000	65.000000	0.900000	4.204420	823464835.698628
14.000000	65.000000	1.000000	4.204420	823471571.946090
15.000000	55.000000	0.000000	4.204420	824530487.595150
15.000000	55.000000	0.100000	4.480448	823450037.886678
15.000000	55.000000	0.200000	4.480448	823495726.824322
15.000000	55.000000	0.300000	4.480448	823551617.814417
15.000000	55.000000	0.400000	4.208421	823587324.216748
15.000000	55.000000	0.500000	4.204420	823605229.084265
15.000000	55.000000	0.600000	4.204420	823616626.164868
15.000000	55.000000	0.700000	4.196420	823603715.004914
15.000000	55.000000	0.800000	4.196420	823589415.396394
15.000000	55.000000	0.900000	4.196420	823578246.659399
15.000000	55.000000	1.000000	4.196420	823569372.500621
15.000000	56.000000	0.000000	4.300430	823825593.509412
15.000000	56.000000	0.100000	4.192419	823389379.656201
15.000000	56.000000	0.200000	4.196420	823489940.221241
15.000000	56.000000	0.300000	4.196420	823504152.992893
15.000000	56.000000	0.400000	4.196420	823514484.164670
15.000000	56.000000	0.500000	4.196420	823520549.215105
15.000000	56.000000	0.600000	4.196420	823523605.624182
15.000000	56.000000	0.700000	4.196420	823524750.448738
15.000000	56.000000	0.800000	4.196420	823524729.803442
15.000000	56.000000	0.900000	4.196420	823524020.453478
15.000000	56.000000	1.000000	4.196420	823522922.981605
15.000000	57.000000	0.000000	4.204420	823683995.359455
15.000000	57.000000	0.100000	4.488449	823316411.656442
15.000000	57.000000	0.200000	4.488449	823398077.572328
15.000000	57.000000	0.300000	4.488449	823485225.490443
15.000000	57.000000	0.400000	4.488449	823548267.647938
15.000000	57.000000	0.500000	4.488449	823592467.319706
15.000000	57.000000	0.600000	4.196420	823588253.677176
15.000000	57.000000	0.700000	4.196420	823570383.465493
15.000000	57.000000	0.800000	4.196420	823557908.988585
15.000000	57.000000	0.900000	4.200420	823546775.003867
15.000000	57.000000	1.000000	4.200420	823537184.578021
15.000000	58.000000	0.000000	4.220422	823802374.886157
15.000000	58.000000	0.100000	4.200420	823326560.260597
15.000000	58.000000	0.200000	4.200420	823397565.731664
15.000000	58.000000	0.300000	4.200420	823438509.860784
15.000000	58.000000	0.400000	4.200420	823461433.375242
15.000000	58.000000	0.500000	4.200420	823475311.884146
15.000000	58.000000	0.600000	4.200420	823483977.907964
15.000000	58.000000	0.700000	4.200420	823489444.071240
15.000000	58.000000	0.800000	4.200420	823492903.371118
15.000000	58.000000	0.900000	4.200420	823495095.895184
15.000000	58.000000	1.000000	4.200420	823496489.287956
15.000000	59.000000	0.000000	4.220422	823699828.512907
15.000000	59.000000	0.100000	4.200420	823555962.100981
15.000000	59.000000	0.200000	4.200420	823550907.333672
15.000000	59.000000	0.300000	4.200420	823557855.052017
15.000000	59.000000	0.400000	4.200420	823558804.495142
15.000000	59.000000	0.500000	4.200420	823556120.851751
15.000000	59.000000	0.600000	4.200420	823552226.850794
15.000000	59.000000	0.700000	4.200420	823548308.397880
15.000000	59.000000	0.800000	4.200420	823544813.440519
15.000000	59.000000	0.900000	4.200420	823541850.417418
15.000000	59.000000	1.000000	4.200420	823539391.269099
15.000000	60.000000	0.000000	4.220422	823668141.089479
15.000000	60.000000	0.100000	4.220422	823416728.745227
15.000000	60.000000	0.200000	4.220422	823483762.701889
15.000000	60.000000	0.300000	4.204420	823514218.147965
15.000000	60.000000	0.400000	4.204420	823532299.579753
15.000000	60.000000	0.500000	4.200420	823543365.376682
15.000000	60.000000	0.600000	4.200420	823538855.910129
15.000000	60.000000	0.700000	4.200420	823533713.165396
15.000000	60.000000	0.800000	4.200420	823528844.713266
15.000000	60.000000	0.900000	4.200420	823524557.730821
15.000000	60.000000	1.000000	4.200420	823520917.392449
15.000000	61.000000	0.000000	4.204420	824349539.822267
15.000000	61.000000	0.100000	4.204420	823424972.049022
15.000000	61.000000	0.200000	4.204420	823365874.774674
15.000000	61.000000	0.300000	4.204420	823356587.325753
15.000000	61.000000	0.400000	4.204420	823363105.858906
15.000000	61.000000	0.500000	4.204420	823374677.944043
15.000000	61.000000	0.600000	4.204420	823387301.767239
15.000000	61.000000	0.700000	4.204420	823399516.175857
15.000000	61.000000	0.800000	4.204420	823410842.892830
15.000000	61.000000	0.900000	4.204420	823421182.893160
15.000000	61.000000	1.000000	4.204420	823430577.247395
15.000000	62.000000	0.000000	4.324432	824034192.335548
15.000000	62.000000	0.100000	4.196420	823523558.146328
15.000000	62.000000	0.200000	4.196420	823487069.673371
15.000000	62.000000	0.300000	4.196420	823488579.562455
15.000000	62.000000	0.400000	4.196420	823502297.375040
15.000000	62.000000	0.500000	4.196420	823517696.930600
15.000000	62.000000	0.600000	4.196420	823531498.391795
15.000000	62.000000	0.700000	4.196420	823543011.477414
15.000000	62.000000	0.800000	4.196420	823552365.532666
15.000000	62.000000	0.900000	4.196420	823559899.460254
15.000000	62.000000	1.000000	4.196420	823565962.207546
15.000000	63.000000	0.000000	4.320432	824236234.151615
15.000000	63.000000	0.100000	4.320432	823645809.444355
15.000000	63.000000	0.200000	4.196420	823650225.119355
15.000000	63.000000	0.300000	4.200420	823595254.105172
15.000000	63.000000	0.400000	4.200420	823565644.062717
15.000000	63.000000	0.500000	4.200420	823550388.502352
15.000000	63.000000	0.600000	4.200420	823542164.582939
15.000000	63.000000	0.700000	4.200420	823537793.433969
15.000000	63.000000	0.800000	4.200420	823535670.100455
15.000000	63.000000	0.900000	4.200420	823534902.220512
15.000000	63.000000	1.000000	4.200420	823534963.436368
15.000000	64.000000	0.000000	4.468447	823542661.521243
15.000000	64.000000	0.100000	4.204420	823478723.372507
15.000000	64.000000	0.200000	4.204420	823593269.211300
15.000000	64.000000	0.300000	4.200420	823591573.832050
15.000000	64.000000	0.400000	4.200420	823572631.138094
15.000000	64.000000	0.500000	4.200420	823559627.329619
15.000000	64.000000	0.600000	4.200420	823550500.655656
15.000000	64.000000	0.700000	4.200420	823544088.531821
15.000000	64.000000	0.800000	4.200420	823539623.281097
15.000000	64.000000	0.900000	4.200420	823536560.269633
15.000000	64.000000	1.000000	4.200420	823534506.156878
15.000000	65.000000	0.000000	4.224422	823705829.233310
15.000000	65.000000	0.100000	4.220422	823476812.115266
15.000000	65.000000	0.200000	4.204420	823399610.951788
15.000000	65.000000	0.300000	4.204420	823399812.681589
15.000000	65.000000	0.400000	4.204420	823410321.965912
15.000000	65.000000	0.500000	4.204420	823421090.307565
15.000000	65.000000	0.600000	4.204420	823431042.644480
15.000000	65.000000	0.700000	4.204420	823440185.963772
15.000000	65.000000	0.800000	4.204420	823448600.071736
15.000000	65.000000	0.900000	4.204420	823456341.587155
15.000000	65.000000	1.000000	4.204420	823463454.837894
