5.000000	55.000000	0.000000	9.484948	476216.875811
5.000000	55.000000	0.100000	9.488949	363976.714259
5.000000	55.000000	0.200000	9.308931	356197.731466
5.000000	55.000000	0.300000	9.308931	353438.786651
5.000000	55.000000	0.400000	10.001000	351995.776102
5.000000	55.000000	0.500000	10.001000	351185.590412
5.000000	55.000000	0.600000	10.001000	350631.179172
5.000000	55.000000	0.700000	10.001000	350225.248912
5.000000	55.000000	0.800000	10.001000	349913.481611
5.000000	55.000000	0.900000	10.001000	349665.423373
5.000000	55.000000	1.000000	10.001000	349462.683015
5.000000	56.000000	0.000000	10.005001	476732.249505
5.000000	56.000000	0.100000	9.968997	364900.816025
5.000000	56.000000	0.200000	9.968997	356260.019256
5.000000	56.000000	0.300000	9.988999	353204.105591
5.000000	56.000000	0.400000	9.988999	351599.686582
5.000000	56.000000	0.500000	9.988999	350613.937787
5.000000	56.000000	0.600000	9.988999	349951.014928
5.000000	56.000000	0.700000	9.384938	349511.717984
5.000000	56.000000	0.800000	9.368937	349247.242891
5.000000	56.000000	0.900000	9.368937	349032.331263
5.000000	56.000000	1.000000	9.368937	348852.503431
5.000000	57.000000	0.000000	0.424042	479914.820669
5.000000	57.000000	0.100000	1.180118	365157.735771
5.000000	57.000000	0.200000	9.476948	356440.601609
5.000000	57.000000	0.300000	9.476948	353469.133307
5.000000	57.000000	0.400000	9.476948	351938.649847
5.000000	57.000000	0.500000	9.476948	351007.003124
5.000000	57.000000	0.600000	9.476948	350382.540991
5.000000	57.000000	0.700000	9.476948	349935.959592
5.000000	57.000000	0.800000	9.476948	349601.093282
5.000000	57.000000	0.900000	10.001000	349351.838768
5.000000	57.000000	1.000000	10.001000	349184.705152
5.000000	58.000000	0.000000	9.556956	479565.557617
5.000000	58.000000	0.100000	9.484948	365152.494586
5.000000	58.000000	0.200000	10.001000	356758.868317
5.000000	58.000000	0.300000	10.001000	354060.533990
5.000000	58.000000	0.400000	10.001000	352715.989305
5.000000	58.000000	0.500000	10.001000	351909.955615
5.000000	58.000000	0.600000	10.001000	351369.088285
5.000000	58.000000	0.700000	10.001000	350978.257737
5.000000	58.000000	0.800000	10.001000	350680.935586
5.000000	58.000000	0.900000	10.001000	350446.068131
5.000000	58.000000	1.000000	10.001000	350255.101681
5.000000	59.000000	0.000000	9.312931	477331.758890
5.000000	59.000000	0.100000	9.988999	364141.439402
5.000000	59.000000	0.200000	9.308931	356044.018636
5.000000	59.000000	0.300000	9.308931	353413.958838
5.000000	59.000000	0.400000	9.460946	352074.835801
5.000000	59.000000	0.500000	9.476948	351273.011840
5.000000	59.000000	0.600000	9.476948	350749.104242
5.000000	59.000000	0.700000	9.984998	350416.080829
5.000000	59.000000	0.800000	9.984998	350207.944029
5.000000	59.000000	0.900000	9.984998	350053.270908
5.000000	59.000000	1.000000	10.001000	349935.105096
5.000000	60.000000	0.000000	9.988999	494967.837150
5.000000	60.000000	0.100000	9.988999	383852.513989
5.000000	60.000000	0.200000	9.988999	373076.210073
5.000000	60.000000	0.300000	9.988999	368169.948686
5.000000	60.000000	0.400000	9.988999	365100.864333
5.000000	60.000000	0.500000	9.988999	362917.900427
5.000000	60.000000	0.600000	9.988999	361251.506935
5.000000	60.000000	0.700000	9.988999	359921.830913
5.000000	60.000000	0.800000	9.988999	358828.410296
5.000000	60.000000	0.900000	9.988999	357909.484862
5.000000	60.000000	1.000000	9.988999	357124.335589
5.000000	61.000000	0.000000	9.348935	476718.023328
5.000000	61.000000	0.100000	9.384938	365203.782117
5.000000	61.000000	0.200000	9.368937	357282.804695
5.000000	61.000000	0.300000	9.516952	354505.720654
5.000000	61.000000	0.400000	9.516952	353065.676586
5.000000	61.000000	0.500000	9.516952	352165.112868
5.000000	61.000000	0.600000	9.516952	351538.974852
5.000000	61.000000	0.700000	9.516952	351070.602343
5.000000	61.000000	0.800000	9.516952	350700.960234
5.000000	61.000000	0.900000	9.992999	350405.117566
5.000000	61.000000	1.000000	9.992999	350223.918498
5.000000	62.000000	0.000000	9.572957	478872.264122
5.000000	62.000000	0.100000	9.312931	364881.798728
5.000000	62.000000	0.200000	9.312931	356563.430617
5.000000	62.000000	0.300000	9.312931	353661.992633
5.000000	62.000000	0.400000	9.748975	352168.833060
5.000000	62.000000	0.500000	9.748975	351256.980859
5.000000	62.000000	0.600000	9.992999	350725.641788
5.000000	62.000000	0.700000	9.992999	350338.293541
5.000000	62.000000	0.800000	9.992999	350042.075125
5.000000	62.000000	0.900000	9.992999	349808.031696
5.000000	62.000000	1.000000	9.992999	349618.457094
5.000000	63.000000	0.000000	9.804980	478427.231239
5.000000	63.000000	0.100000	9.944994	365514.938490
5.000000	63.000000	0.200000	9.944994	357124.791947
5.000000	63.000000	0.300000	9.944994	354169.068952
5.000000	63.000000	0.400000	9.944994	352659.528331
5.000000	63.000000	0.500000	9.944994	351741.970144
5.000000	63.000000	0.600000	9.944994	351120.023228
5.000000	63.000000	0.700000	9.944994	350665.666944
5.000000	63.000000	0.800000	9.944994	350315.574577
5.000000	63.000000	0.900000	9.944994	350035.184643
5.000000	63.000000	1.000000	9.944994	349804.112185
5.000000	64.000000	0.000000	9.584958	484129.205492
5.000000	64.000000	0.100000	9.476948	366638.151271
5.000000	64.000000	0.200000	9.476948	357474.857556
5.000000	64.000000	0.300000	9.476948	354229.915979
5.000000	64.000000	0.400000	9.476948	352546.622609
5.000000	64.000000	0.500000	9.476948	351510.120515
5.000000	64.000000	0.600000	9.584958	350813.193623
5.000000	64.000000	0.700000	9.584958	350314.604609
5.000000	64.000000	0.800000	9.584958	349931.731531
5.000000	64.000000	0.900000	9.584958	349627.466419
5.000000	64.000000	1.000000	9.584958	349379.132750
5.000000	65.000000	0.000000	9.248925	484076.344444
5.000000	65.000000	0.100000	10.001000	365463.295535
5.000000	65.000000	0.200000	10.045005	356587.115558
5.000000	65.000000	0.300000	10.045005	353572.534256
5.000000	65.000000	0.400000	10.045005	351932.937087
5.000000	65.000000	0.500000	10.045005	350887.729689
5.000000	65.000000	0.600000	10.045005	350162.836891
5.000000	65.000000	0.700000	10.045005	349632.432203
5.000000	65.000000	0.800000	10.045005	349229.184449
5.000000	65.000000	0.900000	10.045005	348913.437974
5.000000	65.000000	1.000000	9.948995	348720.342353
6.000000	55.000000	0.000000	9.484948	532112.702069
6.000000	55.000000	0.100000	9.308931	371203.658129
6.000000	55.000000	0.200000	9.308931	360020.808501
6.000000	55.000000	0.300000	9.308931	356085.137011
6.000000	55.000000	0.400000	9.308931	354022.052852
6.000000	55.000000	0.500000	10.001000	352790.152980
6.000000	55.000000	0.600000	10.001000	351999.871570
6.000000	55.000000	0.700000	10.001000	351423.478050
6.000000	55.000000	0.800000	10.001000	350982.399278
6.000000	55.000000	0.900000	10.001000	350632.650846
6.000000	55.000000	1.000000	10.001000	350347.699494
6.000000	56.000000	0.000000	10.005001	532766.015731
6.000000	56.000000	0.100000	9.968997	372316.024656
6.000000	56.000000	0.200000	9.968997	360073.513266
6.000000	56.000000	0.300000	9.988999	355740.885418
6.000000	56.000000	0.400000	9.988999	353503.113441
6.000000	56.000000	0.500000	9.988999	352132.733221
6.000000	56.000000	0.600000	9.988999	351212.237873
6.000000	56.000000	0.700000	9.348935	350633.389345
6.000000	56.000000	0.800000	9.368937	350237.237153
6.000000	56.000000	0.900000	9.368937	349927.264659
6.000000	56.000000	1.000000	9.368937	349669.808344
6.000000	57.000000	0.000000	0.424042	536938.853217
6.000000	57.000000	0.100000	1.180118	373032.104647
6.000000	57.000000	0.200000	9.476948	360254.947189
6.000000	57.000000	0.300000	9.476948	356064.247526
6.000000	57.000000	0.400000	9.476948	353915.198212
6.000000	57.000000	0.500000	9.476948	352609.740483
6.000000	57.000000	0.600000	9.476948	351735.398012
6.000000	57.000000	0.700000	9.476948	351110.223136
6.000000	57.000000	0.800000	9.476948	350641.425563
6.000000	57.000000	0.900000	9.476948	350276.831127
6.000000	57.000000	1.000000	10.001000	350014.126161
6.000000	58.000000	0.000000	9.556956	536184.696152
6.000000	58.000000	0.100000	9.708971	372598.311521
6.000000	58.000000	0.200000	9.708971	360618.477817
6.000000	58.000000	0.300000	10.001000	356740.036159
6.000000	58.000000	0.400000	10.001000	354814.113379
6.000000	58.000000	0.500000	10.001000	353659.391293
6.000000	58.000000	0.600000	10.001000	352885.362590
6.000000	58.000000	0.700000	10.001000	352327.088738
6.000000	58.000000	0.800000	10.001000	351903.344161
6.000000	58.000000	0.900000	10.001000	351569.424682
6.000000	58.000000	1.000000	10.001000	351298.602034
6.000000	59.000000	0.000000	9.024902	533513.583697
6.000000	59.000000	0.100000	9.276928	371415.576657
6.000000	59.000000	0.200000	9.292929	359839.465186
6.000000	59.000000	0.300000	9.308931	356055.343687
6.000000	59.000000	0.400000	9.460946	354110.404484
6.000000	59.000000	0.500000	9.460946	352942.345468
6.000000	59.000000	0.600000	9.476948	352175.273955
6.000000	59.000000	0.700000	9.984998	351698.296561
6.000000	59.000000	0.800000	9.984998	351381.574407
6.000000	59.000000	0.900000	9.984998	351143.888132
6.000000	59.000000	1.000000	9.984998	350959.798441
6.000000	60.000000	0.000000	9.988999	554604.489538
6.000000	60.000000	0.100000	9.988999	395017.468483
6.000000	60.000000	0.200000	9.988999	380212.348529
6.000000	60.000000	0.300000	9.988999	373699.897173
6.000000	60.000000	0.400000	9.988999	369704.526797
6.000000	60.000000	0.500000	9.988999	366897.488458
6.000000	60.000000	0.600000	9.988999	364772.828365
6.000000	60.000000	0.700000	9.988999	363087.939950
6.000000	60.000000	0.800000	9.988999	361708.877218
6.000000	60.000000	0.900000	9.988999	360554.088170
6.000000	60.000000	1.000000	9.988999	359570.246140
6.000000	61.000000	0.000000	9.332933	532760.956340
6.000000	61.000000	0.100000	9.384938	372667.718419
6.000000	61.000000	0.200000	9.368937	361286.023010
6.000000	61.000000	0.300000	9.516952	357343.076833
6.000000	61.000000	0.400000	9.516952	355302.554801
6.000000	61.000000	0.500000	9.516952	354034.396688
6.000000	61.000000	0.600000	9.516952	353158.043169
6.000000	61.000000	0.700000	9.516952	352506.718971
6.000000	61.000000	0.800000	9.516952	351996.190450
6.000000	61.000000	0.900000	9.516952	351579.764945
6.000000	61.000000	1.000000	9.992999	351282.820147
6.000000	62.000000	0.000000	9.572957	535346.351848
6.000000	62.000000	0.100000	9.312931	372312.801618
6.000000	62.000000	0.200000	9.312931	360457.204634
6.000000	62.000000	0.300000	9.312931	356350.541364
6.000000	62.000000	0.400000	9.748975	354260.627088
6.000000	62.000000	0.500000	9.748975	352978.922797
6.000000	62.000000	0.600000	9.992999	352134.864703
6.000000	62.000000	0.700000	9.992999	351580.769621
6.000000	62.000000	0.800000	9.992999	351158.349532
6.000000	62.000000	0.900000	9.992999	350825.418891
6.000000	62.000000	1.000000	9.992999	350556.266469
6.000000	63.000000	0.000000	9.804980	534871.538445
6.000000	63.000000	0.100000	9.944994	373037.994577
6.000000	63.000000	0.200000	9.944994	361096.263475
6.000000	63.000000	0.300000	9.944994	356924.458191
6.000000	63.000000	0.400000	9.944994	354800.540295
6.000000	63.000000	0.500000	9.944994	353511.988821
6.000000	63.000000	0.600000	9.944994	352640.664622
6.000000	63.000000	0.700000	9.944994	352006.159895
6.000000	63.000000	0.800000	9.944994	351519.091065
6.000000	63.000000	0.900000	9.944994	351130.544619
6.000000	63.000000	1.000000	9.944994	350811.594770
6.000000	64.000000	0.000000	9.584958	541653.446614
6.000000	64.000000	0.100000	9.476948	374365.562058
6.000000	64.000000	0.200000	9.476948	361496.054347
6.000000	64.000000	0.300000	9.476948	356977.186765
6.000000	64.000000	0.400000	9.476948	354644.765570
6.000000	64.000000	0.500000	9.584958	353243.034574
6.000000	64.000000	0.600000	9.584958	352302.167466
6.000000	64.000000	0.700000	9.584958	351614.583462
6.000000	64.000000	0.800000	9.584958	351088.177779
6.000000	64.000000	0.900000	9.584958	350670.981119
6.000000	64.000000	1.000000	9.584958	350331.317815
6.000000	65.000000	0.000000	9.248925	541623.300772
6.000000	65.000000	0.100000	10.077008	372969.594223
6.000000	65.000000	0.200000	10.061006	360523.394756
6.000000	65.000000	0.300000	10.045005	356270.001942
6.000000	65.000000	0.400000	10.045005	353990.016188
6.000000	65.000000	0.500000	10.045005	352548.285657
6.000000	65.000000	0.600000	10.045005	351553.426397
6.000000	65.000000	0.700000	10.045005	350827.663583
6.000000	65.000000	0.800000	10.045005	350276.808288
6.000000	65.000000	0.900000	10.045005	349845.833990
6.000000	65.000000	1.000000	9.948995	349510.600697
7.000000	55.000000	0.000000	9.556956	598026.273628
7.000000	55.000000	0.100000	9.052905	379746.342996
7.000000	55.000000	0.200000	9.308931	364468.822685
7.000000	55.000000	0.300000	9.308931	359148.111950
7.000000	55.000000	0.400000	9.308931	356376.633064
7.000000	55.000000	0.500000	9.308931	354654.941431
7.000000	55.000000	0.600000	10.001000	353576.875624
7.000000	55.000000	0.700000	10.001000	352800.259776
7.000000	55.000000	0.800000	10.001000	352207.550195
7.000000	55.000000	0.900000	10.001000	351738.752053
7.000000	55.000000	1.000000	10.001000	351357.702067
7.000000	56.000000	0.000000	10.005001	598798.781957
7.000000	56.000000	0.100000	9.968997	380980.688863
7.000000	56.000000	0.200000	9.968997	364511.944428
7.000000	56.000000	0.300000	9.988999	358694.289828
7.000000	56.000000	0.400000	9.988999	355719.008494
7.000000	56.000000	0.500000	9.988999	353901.502960
7.000000	56.000000	0.600000	9.312931	352712.466349
7.000000	56.000000	0.700000	9.348935	351940.532764
7.000000	56.000000	0.800000	9.368937	351383.464680
7.000000	56.000000	0.900000	9.368937	350961.071805
7.000000	56.000000	1.000000	9.368937	350612.099368
7.000000	57.000000	0.000000	0.424042	603961.885765
7.000000	57.000000	0.100000	1.180118	382155.929099
7.000000	57.000000	0.200000	8.792879	364714.040657
7.000000	57.000000	0.300000	9.424942	359080.614742
7.000000	57.000000	0.400000	9.424942	356210.044517
7.000000	57.000000	0.500000	9.476948	354462.452157
7.000000	57.000000	0.600000	9.476948	353296.566710
7.000000	57.000000	0.700000	9.476948	352463.039291
7.000000	57.000000	0.800000	9.476948	351837.991122
7.000000	57.000000	0.900000	9.476948	351351.872653
7.000000	57.000000	1.000000	10.001000	350968.533297
7.000000	58.000000	0.000000	9.556956	602802.834686
7.000000	58.000000	0.100000	9.708971	381351.108480
7.000000	58.000000	0.200000	9.708971	365188.821356
7.000000	58.000000	0.300000	10.001000	359836.162920
7.000000	58.000000	0.400000	10.001000	357224.705660
7.000000	58.000000	0.500000	10.001000	355658.801293
7.000000	58.000000	0.600000	10.001000	354609.948579
7.000000	58.000000	0.700000	10.001000	353854.472360
7.000000	58.000000	0.800000	10.001000	353281.986023
7.000000	58.000000	0.900000	10.001000	352831.655010
7.000000	58.000000	1.000000	10.001000	352467.088528
7.000000	59.000000	0.000000	9.024902	599770.257154
7.000000	59.000000	0.100000	9.276928	379962.108740
7.000000	59.000000	0.200000	9.292929	364280.401820
7.000000	59.000000	0.300000	9.308931	359113.353132
7.000000	59.000000	0.400000	9.460946	356458.441376
7.000000	59.000000	0.500000	9.460946	354876.977261
7.000000	59.000000	0.600000	9.968997	353815.702395
7.000000	59.000000	0.700000	9.984998	353159.064921
7.000000	59.000000	0.800000	9.984998	352711.438081
7.000000	59.000000	0.900000	9.984998	352373.379142
7.000000	59.000000	1.000000	9.984998	352110.001114
7.000000	60.000000	0.000000	9.988999	624240.141925
7.000000	60.000000	0.100000	9.988999	407431.878556
7.000000	60.000000	0.200000	9.988999	387973.424147
7.000000	60.000000	0.300000	9.988999	379646.470258
7.000000	60.000000	0.400000	9.988999	374620.657475
7.000000	60.000000	0.500000	9.988999	371127.050818
7.000000	60.000000	0.600000	9.988999	368502.461490
7.000000	60.000000	0.700000	9.988999	366432.601620
7.000000	60.000000	0.800000	9.988999	364745.577442
7.000000	60.000000	0.900000	9.988999	363337.565271
7.000000	60.000000	1.000000	9.988999	362141.142850
7.000000	61.000000	0.000000	9.332933	598804.559357
7.000000	61.000000	0.100000	9.384938	381381.110301
7.000000	61.000000	0.200000	9.368937	365914.178488
7.000000	61.000000	0.300000	9.516952	360597.057611
7.000000	61.000000	0.400000	9.516952	357851.901232
7.000000	61.000000	0.500000	9.516952	356153.654841
7.000000	61.000000	0.600000	9.516952	354985.423184
7.000000	61.000000	0.700000	9.516952	354121.388235
7.000000	61.000000	0.800000	9.516952	353447.653972
7.000000	61.000000	0.900000	9.516952	352901.065936
7.000000	61.000000	1.000000	9.908991	352481.417631
7.000000	62.000000	0.000000	9.572957	601819.439574
7.000000	62.000000	0.100000	9.312931	380993.260089
7.000000	62.000000	0.200000	9.312931	364975.915813
7.000000	62.000000	0.300000	9.312931	359455.714694
7.000000	62.000000	0.400000	9.748975	356664.889333
7.000000	62.000000	0.500000	9.748975	354950.839069
7.000000	62.000000	0.600000	9.748975	353775.239633
7.000000	62.000000	0.700000	9.992999	353001.798338
7.000000	62.000000	0.800000	9.992999	352430.857247
7.000000	62.000000	0.900000	9.992999	351981.679887
7.000000	62.000000	1.000000	9.992999	351619.062010
7.000000	63.000000	0.000000	9.804980	601314.845651
7.000000	63.000000	0.100000	9.944994	381810.506246
7.000000	63.000000	0.200000	9.944994	365692.672165
7.000000	63.000000	0.300000	9.944994	360096.472030
7.000000	63.000000	0.400000	9.944994	357254.020476
7.000000	63.000000	0.500000	9.944994	355531.981831
7.000000	63.000000	0.600000	9.944994	354369.617715
7.000000	63.000000	0.700000	9.944994	353525.205484
7.000000	63.000000	0.800000	9.944994	352878.840862
7.000000	63.000000	0.900000	9.944994	352364.778395
7.000000	63.000000	1.000000	9.944994	351944.063521
7.000000	64.000000	0.000000	9.584958	609176.687736
7.000000	64.000000	0.100000	9.476948	383342.428425
7.000000	64.000000	0.200000	9.476948	366142.188301
7.000000	64.000000	0.300000	9.476948	360141.082149
7.000000	64.000000	0.400000	9.584958	357066.990220
7.000000	64.000000	0.500000	9.584958	355242.950518
7.000000	64.000000	0.600000	9.584958	353999.453007
7.000000	64.000000	0.700000	9.584958	353093.114952
7.000000	64.000000	0.800000	9.584958	352400.857333
7.000000	64.000000	0.900000	9.584958	351853.369616
7.000000	64.000000	1.000000	9.584958	351408.489043
7.000000	65.000000	0.000000	9.248925	609169.257101
7.000000	65.000000	0.100000	10.077008	381881.813971
7.000000	65.000000	0.200000	10.061006	365141.001599
7.000000	65.000000	0.300000	10.045005	359384.094227
7.000000	65.000000	0.400000	10.045005	356359.563502
7.000000	65.000000	0.500000	10.045005	354458.815955
7.000000	65.000000	0.600000	10.045005	353152.327599
7.000000	65.000000	0.700000	10.045005	352201.447596
7.000000	65.000000	0.800000	10.045005	351480.665428
7.000000	65.000000	0.900000	10.045005	350917.103798
7.000000	65.000000	1.000000	10.045005	350465.436604
8.000000	55.000000	0.000000	9.556956	673961.046297
8.000000	55.000000	0.100000	9.052905	389564.196294
8.000000	55.000000	0.200000	9.308931	369541.774016
8.000000	55.000000	0.300000	9.308931	362627.711467
8.000000	55.000000	0.400000	9.308931	359043.681464
8.000000	55.000000	0.500000	9.308931	356826.058320
8.000000	55.000000	0.600000	10.001000	355362.191335
8.000000	55.000000	0.700000	10.001000	354355.594088
8.000000	55.000000	0.800000	10.001000	353588.934362
8.000000	55.000000	0.900000	10.001000	352983.726994
8.000000	55.000000	1.000000	10.001000	352492.690734
8.000000	56.000000	0.000000	3.112311	675160.774779
8.000000	56.000000	0.100000	9.968997	390894.808644
8.000000	56.000000	0.200000	9.968997	369575.312741
8.000000	56.000000	0.300000	9.988999	362064.318822
8.000000	56.000000	0.400000	9.988999	358247.371742
8.000000	56.000000	0.500000	9.988999	355920.247005
8.000000	56.000000	0.600000	9.312931	354437.691358
8.000000	56.000000	0.700000	9.348935	353426.228782
8.000000	56.000000	0.800000	9.368937	352685.925471
8.000000	56.000000	0.900000	9.368937	352133.752703
8.000000	56.000000	1.000000	9.368937	351679.376506
8.000000	57.000000	0.000000	0.424042	680983.918314
8.000000	57.000000	0.100000	1.180118	392529.209128
8.000000	57.000000	0.200000	7.636764	370147.994053
8.000000	57.000000	0.300000	7.636764	362740.681872
8.000000	57.000000	0.400000	9.424942	358845.085609
8.000000	57.000000	0.500000	9.424942	356596.468322
8.000000	57.000000	0.600000	9.424942	355087.617963
8.000000	57.000000	0.700000	9.424942	354006.833855
8.000000	57.000000	0.800000	9.424942	353195.319911
8.000000	57.000000	0.900000	9.476948	352565.787945
8.000000	57.000000	1.000000	9.476948	352065.482262
8.000000	58.000000	0.000000	9.556956	679419.973221
8.000000	58.000000	0.100000	9.692969	391355.849958
8.000000	58.000000	0.200000	9.708971	370384.102052
8.000000	58.000000	0.300000	10.001000	363348.914274
8.000000	58.000000	0.400000	10.001000	359947.766147
8.000000	58.000000	0.500000	10.001000	357908.185612
8.000000	58.000000	0.600000	10.001000	356542.846253
8.000000	58.000000	0.700000	10.001000	355560.408602
8.000000	58.000000	0.800000	10.001000	354816.861174
8.000000	58.000000	0.900000	10.001000	354232.759114
8.000000	58.000000	1.000000	10.001000	353760.561163
8.000000	59.000000	0.000000	9.024902	676025.930611
8.000000	59.000000	0.100000	8.972897	389820.353028
8.000000	59.000000	0.200000	9.292929	369346.275614
8.000000	59.000000	0.300000	9.308931	362587.987172
8.000000	59.000000	0.400000	9.308931	359126.830420
8.000000	59.000000	0.500000	9.460946	357061.583379
8.000000	59.000000	0.600000	9.968997	355684.534286
8.000000	59.000000	0.700000	9.968997	354814.411853
8.000000	59.000000	0.800000	9.984998	354197.535051
8.000000	59.000000	0.900000	9.984998	353741.743938
8.000000	59.000000	1.000000	9.984998	353385.189938
8.000000	60.000000	0.000000	9.988999	703874.794312
8.000000	60.000000	0.100000	9.988999	421095.744209
8.000000	60.000000	0.200000	9.988999	396359.436925
8.000000	60.000000	0.300000	9.988999	386009.667941
8.000000	60.000000	0.400000	9.988999	379849.256366
8.000000	60.000000	0.500000	9.988999	375606.587507
8.000000	60.000000	0.600000	9.988999	372440.406311
8.000000	60.000000	0.700000	9.988999	369955.815922
8.000000	60.000000	0.800000	9.988999	367938.510968
8.000000	60.000000	0.900000	9.988999	366259.916165
8.000000	60.000000	1.000000	9.988999	364837.025718
8.000000	61.000000	0.000000	9.332933	674847.162374
8.000000	61.000000	0.100000	9.400940	391347.539969
8.000000	61.000000	0.200000	9.368937	371167.271129
8.000000	61.000000	0.300000	9.516952	364267.662989
8.000000	61.000000	0.400000	9.516952	360713.715877
8.000000	61.000000	0.500000	9.516952	358522.887325
8.000000	61.000000	0.600000	9.516952	357021.114897
8.000000	61.000000	0.700000	9.516952	355914.610135
8.000000	61.000000	0.800000	9.516952	355055.350800
8.000000	61.000000	0.900000	9.516952	354361.240724
8.000000	61.000000	1.000000	9.908991	353834.002313
8.000000	62.000000	0.000000	9.572957	678291.527299
8.000000	62.000000	0.100000	9.248925	390926.837370
8.000000	62.000000	0.200000	9.312931	370119.564155
8.000000	62.000000	0.300000	9.312931	362977.512624
8.000000	62.000000	0.400000	9.748975	359381.619794
8.000000	62.000000	0.500000	9.748975	357172.729673
8.000000	62.000000	0.600000	9.748975	355662.536927
8.000000	62.000000	0.700000	9.992999	354601.379693
8.000000	62.000000	0.800000	9.992999	353859.598270
8.000000	62.000000	0.900000	9.992999	353276.814682
8.000000	62.000000	1.000000	9.992999	352806.843718
8.000000	63.000000	0.000000	9.804980	677757.152857
8.000000	63.000000	0.100000	9.944994	391832.473494
8.000000	63.000000	0.200000	9.896990	370925.296437
8.000000	63.000000	0.300000	9.944994	363685.110469
8.000000	63.000000	0.400000	9.944994	360019.968874
8.000000	63.000000	0.500000	9.944994	357801.949174
8.000000	63.000000	0.600000	9.944994	356306.882508
8.000000	63.000000	0.700000	9.944994	355222.803711
8.000000	63.000000	0.800000	9.944994	354394.823966
8.000000	63.000000	0.900000	9.944994	353737.885971
8.000000	63.000000	1.000000	9.944994	353201.518439
8.000000	64.000000	0.000000	9.584958	686698.928858
8.000000	64.000000	0.100000	9.476948	393568.750372
8.000000	64.000000	0.200000	9.476948	371413.259417
8.000000	64.000000	0.300000	9.476948	363721.602133
8.000000	64.000000	0.400000	9.584958	359827.433130
8.000000	64.000000	0.500000	9.584958	357492.840793
8.000000	64.000000	0.600000	9.584958	355905.050246
8.000000	64.000000	0.700000	9.584958	354750.199077
8.000000	64.000000	0.800000	9.584958	353869.770193
8.000000	64.000000	0.900000	9.584958	353174.631910
8.000000	64.000000	1.000000	9.584958	352610.646435
8.000000	65.000000	0.000000	10.125013	686748.483339
8.000000	65.000000	0.100000	10.077008	392043.489299
8.000000	65.000000	0.200000	10.061006	370383.545603
8.000000	65.000000	0.300000	10.045005	362914.811109
8.000000	65.000000	0.400000	10.045005	359041.579029
8.000000	65.000000	0.500000	10.045005	356619.320582
8.000000	65.000000	0.600000	10.045005	354959.540496
8.000000	65.000000	0.700000	10.045005	353753.784242
8.000000	65.000000	0.800000	10.045005	352840.755870
8.000000	65.000000	0.900000	10.045005	352127.247399
8.000000	65.000000	1.000000	10.045005	351555.505784
9.000000	55.000000	0.000000	10.065007	759908.460364
9.000000	55.000000	0.100000	9.052905	400631.505165
9.000000	55.000000	0.200000	9.308931	375239.662496
9.000000	55.000000	0.300000	9.308931	366523.935562
9.000000	55.000000	0.400000	9.308931	362023.198051
9.000000	55.000000	0.500000	9.308931	359247.149507
9.000000	55.000000	0.600000	10.001000	357355.818701
9.000000	55.000000	0.700000	10.001000	356089.480988
9.000000	55.000000	0.800000	10.001000	355126.551779
9.000000	55.000000	0.900000	10.001000	354367.575670
9.000000	55.000000	1.000000	10.001000	353752.665495
9.000000	56.000000	0.000000	3.112311	761581.167633
9.000000	56.000000	0.100000	9.968997	402058.384001
9.000000	56.000000	0.200000	9.968997	375263.618207
9.000000	56.000000	0.300000	9.988999	365850.972400
9.000000	56.000000	0.400000	9.988999	361088.203186
9.000000	56.000000	0.500000	9.988999	358188.965357
9.000000	56.000000	0.600000	9.312931	356371.228033
9.000000	56.000000	0.700000	9.312931	355097.660130
9.000000	56.000000	0.800000	9.368937	354144.619528
9.000000	56.000000	0.900000	9.368937	353445.307351
9.000000	56.000000	1.000000	9.368937	352871.639755
9.000000	57.000000	0.000000	0.424042	768004.950862
9.000000	57.000000	0.100000	1.180118	404151.944733
9.000000	57.000000	0.200000	7.636764	376211.907865
9.000000	57.000000	0.300000	7.636764	366941.275110
9.000000	57.000000	0.400000	7.636764	362086.268502
9.000000	57.000000	0.500000	7.636764	359065.802057
9.000000	57.000000	0.600000	9.424942	357096.739440
9.000000	57.000000	0.700000	9.424942	355746.941523
9.000000	57.000000	0.800000	9.424942	354733.551334
9.000000	57.000000	0.900000	9.424942	353944.894939
9.000000	57.000000	1.000000	9.424942	353313.467205
9.000000	58.000000	0.000000	9.556956	766036.111755
9.000000	58.000000	0.100000	9.692969	402613.055028
9.000000	58.000000	0.200000	9.708971	376204.319907
9.000000	58.000000	0.300000	10.001000	367278.290220
9.000000	58.000000	0.400000	10.001000	362983.294841
9.000000	58.000000	0.500000	10.001000	360407.544252
9.000000	58.000000	0.600000	10.001000	358684.055612
9.000000	58.000000	0.700000	10.001000	357444.897464
9.000000	58.000000	0.800000	10.001000	356507.969611
9.000000	58.000000	0.900000	10.001000	355772.736995
9.000000	58.000000	1.000000	10.001000	355179.019938
9.000000	59.000000	0.000000	10.517052	762800.450281
9.000000	59.000000	0.100000	8.972897	400931.730175
9.000000	59.000000	0.200000	9.292929	375037.086568
9.000000	59.000000	0.300000	9.308931	366479.245808
9.000000	59.000000	0.400000	9.308931	362116.740730
9.000000	59.000000	0.500000	9.460946	359496.163823
9.000000	59.000000	0.600000	9.968997	357761.677869
9.000000	59.000000	0.700000	9.968997	356648.874345
9.000000	59.000000	0.800000	9.984998	355839.865316
9.000000	59.000000	0.900000	9.984998	355248.982520
9.000000	59.000000	1.000000	9.984998	354785.364913
9.000000	60.000000	0.000000	9.988999	793508.446700
9.000000	60.000000	0.100000	9.988999	436009.065441
9.000000	60.000000	0.200000	9.988999	405370.386866
9.000000	60.000000	0.300000	9.988999	392789.490221
9.000000	60.000000	0.400000	9.988999	385390.323471
9.000000	60.000000	0.500000	9.988999	380336.098526
9.000000	60.000000	0.600000	9.988999	376586.662826
9.000000	60.000000	0.700000	9.988999	373657.582857
9.000000	60.000000	0.800000	9.988999	371287.677797
9.000000	60.000000	0.900000	9.988999	369321.140851
9.000000	60.000000	1.000000	9.988999	367657.894746
9.000000	61.000000	0.000000	9.332933	760888.765392
9.000000	61.000000	0.100000	9.400940	402564.325507
9.000000	61.000000	0.200000	9.516952	377049.046370
9.000000	61.000000	0.300000	9.516952	368354.892965
9.000000	61.000000	0.400000	9.516952	363887.998739
9.000000	61.000000	0.500000	9.516952	361142.094141
9.000000	61.000000	0.600000	9.516952	359265.118308
9.000000	61.000000	0.700000	9.516952	357886.384671
9.000000	61.000000	0.800000	9.516952	356819.280934
9.000000	61.000000	0.900000	9.516952	355960.289310
9.000000	61.000000	1.000000	9.908991	355311.573158
9.000000	62.000000	0.000000	9.572957	764762.615025
9.000000	62.000000	0.100000	9.248925	402124.421803
9.000000	62.000000	0.200000	9.312931	375888.149661
9.000000	62.000000	0.300000	9.216922	366932.369095
9.000000	62.000000	0.400000	9.748975	362410.818472
9.000000	62.000000	0.500000	9.748975	359644.594610
9.000000	62.000000	0.600000	9.748975	357758.145921
9.000000	62.000000	0.700000	9.748975	356384.577384
9.000000	62.000000	0.800000	9.992999	355444.572600
9.000000	62.000000	0.900000	9.992999	354710.823276
9.000000	62.000000	1.000000	9.992999	354119.611592
9.000000	63.000000	0.000000	9.804980	764198.460063
9.000000	63.000000	0.100000	9.944994	403103.896323
9.000000	63.000000	0.200000	9.896990	376791.003407
9.000000	63.000000	0.300000	9.896990	367699.684836
9.000000	63.000000	0.400000	9.944994	363098.385488
9.000000	63.000000	0.500000	9.944994	360321.890851
9.000000	63.000000	0.600000	9.944994	358452.459001
9.000000	63.000000	0.700000	9.944994	357098.954575
9.000000	63.000000	0.800000	9.944994	356067.040378
9.000000	63.000000	0.900000	9.944994	355249.867346
9.000000	63.000000	1.000000	9.944994	354583.959522
9.000000	64.000000	0.000000	9.584958	774220.169980
9.000000	64.000000	0.100000	9.476948	405044.527900
9.000000	64.000000	0.200000	9.476948	377309.267696
9.000000	64.000000	0.300000	9.476948	367718.746717
9.000000	64.000000	0.400000	9.584958	362900.344256
9.000000	64.000000	0.500000	9.584958	359992.705400
9.000000	64.000000	0.600000	9.584958	358018.959183
9.000000	64.000000	0.700000	9.584958	356585.835838
9.000000	64.000000	0.800000	9.584958	355494.916358
9.000000	64.000000	0.900000	9.584958	354634.768001
9.000000	64.000000	1.000000	9.584958	353937.789991
9.000000	65.000000	0.000000	10.125013	774438.560596
9.000000	65.000000	0.100000	10.077008	403454.620206
9.000000	65.000000	0.200000	10.077008	376274.460268
9.000000	65.000000	0.300000	10.061006	366903.145833
9.000000	65.000000	0.400000	10.045005	362036.062770
9.000000	65.000000	0.500000	10.045005	359029.799539
9.000000	65.000000	0.600000	10.045005	356975.065088
9.000000	65.000000	0.700000	10.045005	355484.673520
9.000000	65.000000	0.800000	10.045005	354357.079614
9.000000	65.000000	0.900000	10.045005	353476.264793
9.000000	65.000000	1.000000	10.045005	352770.561123
10.000000	55.000000	0.000000	10.065007	855908.941340
10.000000	55.000000	0.100000	9.052905	412948.269610
10.000000	55.000000	0.200000	9.308931	381562.488125
10.000000	55.000000	0.300000	9.308931	370836.784236
10.000000	55.000000	0.400000	9.308931	365315.182825
10.000000	55.000000	0.500000	9.308931	361918.214990
10.000000	55.000000	0.600000	9.308931	359605.578562
10.000000	55.000000	0.700000	10.001000	358001.920475
10.000000	55.000000	0.800000	10.001000	356820.402447
10.000000	55.000000	0.900000	10.001000	355890.298081
10.000000	55.000000	1.000000	10.001000	355137.626350
10.000000	56.000000	0.000000	3.112311	858000.560488
10.000000	56.000000	0.100000	9.968997	414471.414932
10.000000	56.000000	0.200000	9.968997	381576.860826
10.000000	56.000000	0.300000	9.988999	370054.250561
10.000000	56.000000	0.400000	9.988999	364241.502824
10.000000	56.000000	0.500000	10.133013	360785.700575
10.000000	56.000000	0.600000	10.133013	358527.995520
10.000000	56.000000	0.700000	9.312931	356949.205592
10.000000	56.000000	0.800000	9.368937	355759.546850
10.000000	56.000000	0.900000	9.368937	354895.735751
10.000000	56.000000	1.000000	9.368937	354188.889117
10.000000	57.000000	0.000000	0.424042	865024.983410
10.000000	57.000000	0.100000	1.180118	417024.135914
10.000000	57.000000	0.200000	7.636764	382900.758832
10.000000	57.000000	0.300000	7.636764	371558.492936
10.000000	57.000000	0.400000	7.636764	365643.259213
10.000000	57.000000	0.500000	7.636764	361974.715950
10.000000	57.000000	0.600000	7.636764	359460.028385
10.000000	57.000000	0.700000	9.424942	357665.601802
10.000000	57.000000	0.800000	9.424942	356428.016035
10.000000	57.000000	0.900000	9.424942	355464.933591
10.000000	57.000000	1.000000	9.424942	354693.909034
10.000000	58.000000	0.000000	9.556956	862651.250290
10.000000	58.000000	0.100000	9.692969	415119.715677
10.000000	58.000000	0.200000	9.708971	382649.474919
10.000000	58.000000	0.300000	9.708971	371648.987505
10.000000	58.000000	0.400000	10.001000	366331.291741
10.000000	58.000000	0.500000	10.001000	363156.877212
10.000000	58.000000	0.600000	10.001000	361033.576655
10.000000	58.000000	0.700000	10.001000	359507.938946
10.000000	58.000000	0.800000	10.001000	358355.311337
10.000000	58.000000	0.900000	10.001000	357451.588653
10.000000	58.000000	1.000000	10.001000	356722.464855
10.000000	59.000000	0.000000	10.517052	859636.136634
10.000000	59.000000	0.100000	8.972897	413292.562901
10.000000	59.000000	0.200000	9.292929	381352.834682
10.000000	59.000000	0.300000	9.308931	370787.129038
10.000000	59.000000	0.400000	9.308931	365419.119250
10.000000	59.000000	0.500000	9.460946	362180.718593
10.000000	59.000000	0.600000	9.968997	360047.133142
10.000000	59.000000	0.700000	9.968997	358661.889465
10.000000	59.000000	0.800000	9.968997	357644.118645
10.000000	59.000000	0.900000	9.984998	356895.094888
10.000000	59.000000	1.000000	9.984998	356310.526039
10.000000	60.000000	0.000000	9.988999	893141.099087
10.000000	60.000000	0.100000	9.988999	452171.842253
10.000000	60.000000	0.200000	9.988999	415006.273967
10.000000	60.000000	0.300000	9.988999	399985.937098
10.000000	60.000000	0.400000	9.988999	391243.858789
10.000000	60.000000	0.500000	9.988999	385315.583874
10.000000	60.000000	0.600000	9.988999	380941.231037
10.000000	60.000000	0.700000	9.988999	377537.902425
10.000000	60.000000	0.800000	9.988999	374793.077926
10.000000	60.000000	0.900000	9.988999	372521.239330
10.000000	60.000000	1.000000	9.988999	370603.749931
10.000000	61.000000	0.000000	9.332933	856929.368409
10.000000	61.000000	0.100000	9.400940	415030.566626
10.000000	61.000000	0.200000	9.516952	383560.480807
10.000000	61.000000	0.300000	9.516952	372858.747541
10.000000	61.000000	0.400000	9.516952	367374.749816
10.000000	61.000000	0.500000	9.516952	364011.275289
10.000000	61.000000	0.600000	9.516952	361717.433417
10.000000	61.000000	0.700000	9.516952	360036.711843
10.000000	61.000000	0.800000	9.516952	358739.444374
10.000000	61.000000	0.900000	9.516952	357698.211693
10.000000	61.000000	1.000000	9.908991	356914.130168
10.000000	62.000000	0.000000	9.572957	861232.702751
10.000000	62.000000	0.100000	9.216922	414579.578120
10.000000	62.000000	0.200000	9.312931	382281.672329
10.000000	62.000000	0.300000	9.216922	371313.940961
10.000000	62.000000	0.400000	9.748975	365752.485366
10.000000	62.000000	0.500000	9.748975	362366.433880
10.000000	62.000000	0.600000	9.748975	360062.066614
10.000000	62.000000	0.700000	9.748975	358387.084042
10.000000	62.000000	0.800000	9.992999	357185.780239
10.000000	62.000000	0.900000	9.992999	356283.705670
10.000000	62.000000	1.000000	9.992999	355557.365632
10.000000	63.000000	0.000000	9.804980	860638.767269
10.000000	63.000000	0.100000	9.944994	415624.774732
10.000000	63.000000	0.200000	9.816982	383292.226841
10.000000	63.000000	0.300000	9.816982	372145.181784
10.000000	63.000000	0.400000	9.944994	366489.270319
10.000000	63.000000	0.500000	9.944994	363091.806860
10.000000	63.000000	0.600000	9.944994	360806.347194
10.000000	63.000000	0.700000	9.944994	359153.658077
10.000000	63.000000	0.800000	9.944994	357895.490099
10.000000	63.000000	0.900000	9.944994	356900.722521
10.000000	63.000000	1.000000	9.944994	356091.386772
10.000000	64.000000	0.000000	9.584958	871740.411102
10.000000	64.000000	0.100000	9.476948	417769.761007
10.000000	64.000000	0.200000	9.476948	383830.213136
10.000000	64.000000	0.300000	9.600960	372139.379813
10.000000	64.000000	0.400000	9.584958	366285.723597
10.000000	64.000000	0.500000	9.584958	362742.544339
10.000000	64.000000	0.600000	9.584958	360341.179819
10.000000	64.000000	0.700000	9.584958	358600.025236
10.000000	64.000000	0.800000	9.584958	357276.295830
10.000000	64.000000	0.900000	9.584958	356233.777890
10.000000	64.000000	1.000000	9.584958	355389.919710
10.000000	65.000000	0.000000	10.125013	872127.637853
10.000000	65.000000	0.100000	10.077008	416115.206693
10.000000	65.000000	0.200000	10.077008	382792.436893
10.000000	65.000000	0.300000	10.061006	371315.347904
10.000000	65.000000	0.400000	10.061006	365354.263647
10.000000	65.000000	0.500000	10.045005	361690.252825
10.000000	65.000000	0.600000	10.045005	359198.901375
10.000000	65.000000	0.700000	10.045005	357394.115431
10.000000	65.000000	0.800000	10.045005	356029.636660
10.000000	65.000000	0.900000	10.045005	354964.155980
10.000000	65.000000	1.000000	10.045005	354110.602620
11.000000	55.000000	0.000000	10.065007	961908.422315
11.000000	55.000000	0.100000	9.052905	426514.489627
11.000000	55.000000	0.200000	9.308931	388510.250902
11.000000	55.000000	0.300000	9.308931	375566.257487
11.000000	55.000000	0.400000	9.308931	368919.635788
11.000000	55.000000	0.500000	9.308931	364839.254770
11.000000	55.000000	0.600000	9.308931	362066.210176
11.000000	55.000000	0.700000	10.001000	360092.912549
11.000000	55.000000	0.800000	10.001000	358670.486364
11.000000	55.000000	0.900000	10.001000	357551.894226
11.000000	55.000000	1.000000	10.001000	356647.573298
11.000000	56.000000	0.000000	3.112311	964418.953342
11.000000	56.000000	0.100000	9.968997	428133.901439
11.000000	56.000000	0.200000	9.968997	388515.040596
11.000000	56.000000	0.300000	9.988999	374674.153306
11.000000	56.000000	0.400000	10.133013	367790.073579
11.000000	56.000000	0.500000	10.133013	363751.330046
11.000000	56.000000	0.600000	10.133013	361038.709972
11.000000	56.000000	0.700000	10.133013	359089.839552
11.000000	56.000000	0.800000	10.133013	357620.508491
11.000000	56.000000	0.900000	10.117012	356539.657902
11.000000	56.000000	1.000000	10.117012	355677.253683
11.000000	57.000000	0.000000	0.424042	972044.015959
11.000000	57.000000	0.100000	1.180118	431145.782672
11.000000	57.000000	0.200000	7.636764	390214.546954
11.000000	57.000000	0.300000	7.636764	376592.335351
11.000000	57.000000	0.400000	7.636764	369512.718126
11.000000	57.000000	0.500000	7.636764	365133.604157
11.000000	57.000000	0.600000	7.636764	362138.303331
11.000000	57.000000	0.700000	7.636764	359949.130700
11.000000	57.000000	0.800000	9.424942	358278.714014
11.000000	57.000000	0.900000	9.424942	357123.846007
11.000000	57.000000	1.000000	9.424942	356199.336990
11.000000	58.000000	0.000000	9.556956	969265.388824
11.000000	58.000000	0.100000	9.692969	428875.831903
11.000000	58.000000	0.200000	9.708971	389719.567089
11.000000	58.000000	0.300000	9.708971	376473.311822
11.000000	58.000000	0.400000	10.001000	369991.756847
11.000000	58.000000	0.500000	10.001000	366156.184493
11.000000	58.000000	0.600000	10.001000	363591.409382
11.000000	58.000000	0.700000	10.001000	361749.533047
11.000000	58.000000	0.800000	10.001000	360358.886350
11.000000	58.000000	0.900000	10.001000	359269.314088
11.000000	58.000000	1.000000	10.001000	358390.895912
11.000000	59.000000	0.000000	10.517052	966470.822988
11.000000	59.000000	0.100000	10.433043	427278.755402
11.000000	59.000000	0.200000	9.292929	388293.519955
11.000000	59.000000	0.300000	9.308931	375511.636864
11.000000	59.000000	0.400000	9.308931	369033.965980
11.000000	59.000000	0.500000	9.460946	365115.247688
11.000000	59.000000	0.600000	9.968997	362540.900105
11.000000	59.000000	0.700000	9.968997	360853.457212
11.000000	59.000000	0.800000	9.968997	359611.152988
11.000000	59.000000	0.900000	9.984998	358680.081042
11.000000	59.000000	1.000000	9.984998	357960.673317
11.000000	60.000000	0.000000	9.988999	1002772.751474
11.000000	60.000000	0.100000	9.988999	469584.074645
11.000000	60.000000	0.200000	9.988999	425267.098231
11.000000	60.000000	0.300000	9.988999	407599.008574
11.000000	60.000000	0.400000	9.988999	397409.862321
11.000000	60.000000	0.500000	9.988999	390545.043551
11.000000	60.000000	0.600000	9.988999	385504.110943
11.000000	60.000000	0.700000	9.988999	381596.774624
11.000000	60.000000	0.800000	9.988999	378454.711358
11.000000	60.000000	0.900000	9.988999	375860.211603
11.000000	60.000000	1.000000	9.988999	373674.591276
11.000000	61.000000	0.000000	9.332933	962968.971426
11.000000	61.000000	0.100000	9.400940	428746.263325
11.000000	61.000000	0.200000	9.516952	390696.852407
11.000000	61.000000	0.300000	9.516952	377779.226716
11.000000	61.000000	0.400000	9.516952	371173.969108
11.000000	61.000000	0.500000	9.516952	367130.430769
11.000000	61.000000	0.600000	9.516952	364378.060225
11.000000	61.000000	0.700000	9.516952	362365.591651
11.000000	61.000000	0.800000	9.516952	360815.841120
11.000000	61.000000	0.900000	9.516952	359575.007873
11.000000	61.000000	1.000000	9.908991	358641.673341
11.000000	62.000000	0.000000	9.572957	967701.790477
11.000000	62.000000	0.100000	9.216922	428284.908695
11.000000	62.000000	0.200000	9.216922	389307.119209
11.000000	62.000000	0.300000	9.216922	376112.137428
11.000000	62.000000	0.400000	9.748975	369406.620476
11.000000	62.000000	0.500000	9.748975	365338.247484
11.000000	62.000000	0.600000	9.748975	362574.299007
11.000000	62.000000	0.700000	9.748975	360568.143337
11.000000	62.000000	0.800000	9.992999	359083.221186
11.000000	62.000000	0.900000	9.992999	357995.461864
11.000000	62.000000	1.000000	9.992999	357120.105839
11.000000	63.000000	0.000000	9.804980	967078.074475
11.000000	63.000000	0.100000	9.944994	429395.108722
11.000000	63.000000	0.200000	9.816982	390440.165588
11.000000	63.000000	0.300000	9.816982	377032.696928
11.000000	63.000000	0.400000	9.896990	370194.622433
11.000000	63.000000	0.500000	9.944994	366111.697203
11.000000	63.000000	0.600000	9.944994	363368.547087
11.000000	63.000000	0.700000	9.944994	361386.914217
11.000000	63.000000	0.800000	9.944994	359880.173127
11.000000	63.000000	0.900000	9.944994	358690.451496
11.000000	63.000000	1.000000	9.944994	357723.800188
11.000000	64.000000	0.000000	9.584958	979259.652224
11.000000	64.000000	0.100000	9.460946	431745.805622
11.000000	64.000000	0.200000	9.476948	390976.095740
11.000000	64.000000	0.300000	9.600960	377000.223534
11.000000	64.000000	0.400000	9.584958	369983.571153
11.000000	64.000000	0.500000	9.584958	365742.357610
11.000000	64.000000	0.600000	9.584958	362871.712153
11.000000	64.000000	0.700000	9.584958	360792.767269
11.000000	64.000000	0.800000	9.584958	359213.908607
11.000000	64.000000	0.900000	9.584958	357971.661576
11.000000	64.000000	1.000000	9.584958	356967.035593
11.000000	65.000000	0.000000	10.125013	979815.715110
11.000000	65.000000	0.100000	10.077008	430025.248759
11.000000	65.000000	0.200000	10.077008	389935.350680
11.000000	65.000000	0.300000	10.061006	376144.174572
11.000000	65.000000	0.400000	10.061006	369014.121776
11.000000	65.000000	0.500000	10.061006	364610.465350
11.000000	65.000000	0.600000	10.045005	361631.049357
11.000000	65.000000	0.700000	10.045005	359482.109974
11.000000	65.000000	0.800000	10.045005	357858.427008
11.000000	65.000000	0.900000	10.045005	356590.920960
11.000000	65.000000	1.000000	10.045005	355575.630275
12.000000	55.000000	0.000000	10.065007	1077906.903291
12.000000	55.000000	0.100000	9.052905	441330.165218
12.000000	55.000000	0.200000	9.072907	396090.332340
12.000000	55.000000	0.300000	9.072907	380715.786830
12.000000	55.000000	0.400000	9.308931	372836.556937
12.000000	55.000000	0.500000	9.308931	368010.268848
12.000000	55.000000	0.600000	9.308931	364735.153446
12.000000	55.000000	0.700000	10.001000	362362.457210
12.000000	55.000000	0.800000	10.001000	360676.803532
12.000000	55.000000	0.900000	10.001000	359352.364105
12.000000	55.000000	1.000000	10.001000	358282.506341
12.000000	56.000000	0.000000	3.112311	1080836.346197
12.000000	56.000000	0.100000	9.968997	443045.843520
12.000000	56.000000	0.200000	9.968997	396078.157518
12.000000	56.000000	0.300000	9.988999	379710.680635
12.000000	56.000000	0.400000	10.133013	371747.799191
12.000000	56.000000	0.500000	10.133013	366966.933822
12.000000	56.000000	0.600000	10.133013	363757.736092
12.000000	56.000000	0.700000	10.133013	361453.141229
12.000000	56.000000	0.800000	10.133013	359716.318606
12.000000	56.000000	0.900000	10.117012	358400.464462
12.000000	56.000000	1.000000	10.117012	357376.334027
12.000000	57.000000	0.000000	0.424042	1089062.048507
12.000000	57.000000	0.100000	1.180118	446516.885007
12.000000	57.000000	0.200000	7.636764	398153.272232
12.000000	57.000000	0.300000	7.636764	382042.802354
12.000000	57.000000	0.400000	7.636764	373694.645240
12.000000	57.000000	0.500000	7.636764	368542.466678
12.000000	57.000000	0.600000	7.636764	365024.889953
12.000000	57.000000	0.700000	7.636764	362458.147234
12.000000	57.000000	0.800000	7.636764	360494.740850
12.000000	57.000000	0.900000	7.636764	358939.192671
12.000000	57.000000	1.000000	9.424942	357829.751075
12.000000	58.000000	0.000000	9.556956	1085878.527359
12.000000	58.000000	0.100000	9.692969	443881.403706
12.000000	58.000000	0.200000	9.708971	397414.596417
12.000000	58.000000	0.300000	9.708971	381714.260732
12.000000	58.000000	0.400000	10.001000	373964.690159
12.000000	58.000000	0.500000	10.001000	369405.466094
12.000000	58.000000	0.600000	10.001000	366357.553794
12.000000	58.000000	0.700000	10.001000	364169.679769
12.000000	58.000000	0.800000	10.001000	362518.694650
12.000000	58.000000	0.900000	10.001000	361225.913299
12.000000	58.000000	1.000000	10.001000	360184.313110
12.000000	59.000000	0.000000	10.517052	1083304.509341
12.000000	59.000000	0.100000	10.433043	442540.737121
12.000000	59.000000	0.200000	9.292929	395859.142389
12.000000	59.000000	0.300000	9.308931	380652.769286
12.000000	59.000000	0.400000	9.308931	372961.280921
12.000000	59.000000	0.500000	9.460946	368299.751108
12.000000	59.000000	0.600000	9.612961	365248.098692
12.000000	59.000000	0.700000	9.968997	363223.577586
12.000000	59.000000	0.800000	9.968997	361734.420626
12.000000	59.000000	0.900000	9.984998	360603.940982
12.000000	59.000000	1.000000	9.984998	359735.806745
12.000000	60.000000	0.000000	9.988999	1122403.403862
12.000000	60.000000	0.100000	9.988999	488245.762616
12.000000	60.000000	0.200000	9.988999	436152.859655
12.000000	60.000000	0.300000	9.988999	415628.704646
12.000000	60.000000	0.400000	9.988999	403888.334066
12.000000	60.000000	0.500000	9.988999	396024.477558
12.000000	60.000000	0.600000	9.988999	390275.302544
12.000000	60.000000	0.700000	9.988999	385834.199457
12.000000	60.000000	0.800000	9.988999	382272.578092
12.000000	60.000000	0.900000	9.988999	379338.057667
12.000000	60.000000	1.000000	9.988999	376870.418779
12.000000	61.000000	0.000000	9.332933	1079007.574444
12.000000	61.000000	0.100000	9.400940	443711.415605
12.000000	61.000000	0.200000	9.516952	398458.161169
12.000000	61.000000	0.300000	9.516952	383116.330490
12.000000	61.000000	0.400000	9.516952	375285.656616
12.000000	61.000000	0.500000	9.516952	370499.560580
12.000000	61.000000	0.600000	9.516952	367246.998731
12.000000	61.000000	0.700000	9.516952	364873.024095
12.000000	61.000000	0.800000	9.516952	363048.471172
12.000000	61.000000	0.900000	9.908991	361593.718525
12.000000	61.000000	1.000000	9.908991	360494.202678
12.000000	62.000000	0.000000	9.572957	1084169.878203
12.000000	62.000000	0.100000	9.216922	443239.694849
12.000000	62.000000	0.200000	9.216922	396971.359452
12.000000	62.000000	0.300000	9.216922	381326.958494
12.000000	62.000000	0.400000	9.748975	373373.223804
12.000000	62.000000	0.500000	9.748975	368560.035421
12.000000	62.000000	0.600000	9.748975	365294.843101
12.000000	62.000000	0.700000	9.748975	362927.755271
12.000000	62.000000	0.800000	9.992999	361136.895441
12.000000	62.000000	0.900000	9.992999	359846.091858
12.000000	62.000000	1.000000	9.992999	358807.832211
12.000000	63.000000	0.000000	9.804980	1083516.381680
12.000000	63.000000	0.100000	9.944994	444414.898292
12.000000	63.000000	0.200000	9.816982	398213.041497
12.000000	63.000000	0.300000	9.816982	382336.836672
12.000000	63.000000	0.400000	9.816982	374246.907511
12.000000	63.000000	0.500000	9.944994	369381.561879
12.000000	63.000000	0.600000	9.944994	366139.058679
12.000000	63.000000	0.700000	9.944994	363798.722995
12.000000	63.000000	0.800000	9.944994	362021.089463
12.000000	63.000000	0.900000	9.944994	360619.054270
12.000000	63.000000	1.000000	9.944994	359481.199770
12.000000	64.000000	0.000000	9.584958	1096777.893346
12.000000	64.000000	0.100000	9.460946	446984.520018
12.000000	64.000000	0.200000	9.476948	398746.915505
12.000000	64.000000	0.300000	9.600960	382277.691855
12.000000	64.000000	0.400000	9.600960	373995.118281
12.000000	64.000000	0.500000	9.584958	368992.145213
12.000000	64.000000	0.600000	9.584958	365610.556185
12.000000	64.000000	0.700000	9.584958	363164.061939
12.000000	64.000000	0.800000	9.584958	361307.754690
12.000000	64.000000	0.900000	9.584958	359848.419059
12.000000	64.000000	1.000000	9.584958	358669.137640
12.000000	65.000000	0.000000	10.125013	1097502.792367
12.000000	65.000000	0.100000	10.077008	445184.746405
12.000000	65.000000	0.200000	10.077008	397703.201627
12.000000	65.000000	0.300000	10.061006	381389.625838
12.000000	65.000000	0.400000	10.061006	372986.448120
12.000000	65.000000	0.500000	10.061006	367807.495986
12.000000	65.000000	0.600000	10.061006	364293.816973
12.000000	65.000000	0.700000	10.061006	361758.123967
12.000000	65.000000	0.800000	10.061006	359846.412070
12.000000	65.000000	0.900000	10.061006	358356.690182
12.000000	65.000000	1.000000	10.045005	357165.644090
13.000000	55.000000	0.000000	10.065007	1203904.384266
13.000000	55.000000	0.100000	9.052905	457395.296381
13.000000	55.000000	0.200000	9.072907	404313.910475
13.000000	55.000000	0.300000	9.072907	386304.121132
13.000000	55.000000	0.400000	9.072907	377077.947251
13.000000	55.000000	0.500000	9.308931	371431.257222
13.000000	55.000000	0.600000	9.308931	367612.408373
13.000000	55.000000	0.700000	9.308931	364845.838350
13.000000	55.000000	0.800000	10.001000	362839.353949
13.000000	55.000000	0.900000	10.001000	361291.707719
13.000000	55.000000	1.000000	10.001000	360042.425477
13.000000	56.000000	0.000000	3.112311	1207252.739051
13.000000	56.000000	0.100000	9.968997	459207.241176
13.000000	56.000000	0.200000	10.149015	404326.839646
13.000000	56.000000	0.300000	10.149015	385333.413633
13.000000	56.000000	0.400000	10.133013	376017.992999
13.000000	56.000000	0.500000	10.133013	370432.511905
13.000000	56.000000	0.600000	10.133013	366685.073878
13.000000	56.000000	0.700000	10.133013	363994.995506
13.000000	56.000000	0.800000	10.133013	361968.361986
13.000000	56.000000	0.900000	10.117012	360400.144774
13.000000	56.000000	1.000000	10.117012	359200.400483
13.000000	57.000000	0.000000	0.424042	1216079.081055
13.000000	57.000000	0.100000	1.180118	463137.442918
13.000000	57.000000	0.200000	7.636764	406716.934664
13.000000	57.000000	0.300000	7.636764	387909.893946
13.000000	57.000000	0.400000	7.636764	378189.040556
13.000000	57.000000	0.500000	7.636764	372201.303513
13.000000	57.000000	0.600000	7.636764	368119.788253
13.000000	57.000000	0.700000	7.636764	365145.716379
13.000000	57.000000	0.800000	7.636764	362873.617128
13.000000	57.000000	0.900000	7.636764	361075.603105
13.000000	57.000000	1.000000	7.636764	359613.643881
13.000000	58.000000	0.000000	9.556956	1212490.665893
13.000000	58.000000	0.100000	9.692969	460136.431088
13.000000	58.000000	0.200000	9.708971	405734.562903
13.000000	58.000000	0.300000	9.708971	387371.834235
13.000000	58.000000	0.400000	10.001000	378250.091678
13.000000	58.000000	0.500000	10.001000	372904.722016
13.000000	58.000000	0.600000	10.001000	369332.009890
13.000000	58.000000	0.700000	10.001000	366768.379111
13.000000	58.000000	0.800000	10.001000	364834.736238
13.000000	58.000000	0.900000	10.001000	363321.386287
13.000000	58.000000	1.000000	10.001000	362102.716449
13.000000	59.000000	0.000000	10.517052	1210137.195695
13.000000	59.000000	0.100000	10.433043	459052.174418
13.000000	59.000000	0.200000	9.292929	404049.701982
13.000000	59.000000	0.300000	9.308931	386210.526302
13.000000	59.000000	0.400000	9.308931	377201.064072
13.000000	59.000000	0.500000	9.460946	371734.228854
13.000000	59.000000	0.600000	9.612961	368179.792242
13.000000	59.000000	0.700000	9.968997	365772.250587
13.000000	59.000000	0.800000	9.968997	364013.921560
13.000000	59.000000	0.900000	9.968997	362667.653299
13.000000	59.000000	1.000000	9.984998	361635.926324
13.000000	60.000000	0.000000	9.988999	1252033.056249
13.000000	60.000000	0.100000	9.988999	508156.906167
13.000000	60.000000	0.200000	9.988999	447663.558241
13.000000	60.000000	0.300000	9.988999	424075.025317
13.000000	60.000000	0.400000	9.988999	410679.274024
13.000000	60.000000	0.500000	9.988999	401753.885894
13.000000	60.000000	0.600000	9.988999	395254.805840
13.000000	60.000000	0.700000	9.988999	390250.176921
13.000000	60.000000	0.800000	9.988999	386246.678128
13.000000	60.000000	0.900000	9.988999	382954.777525
13.000000	60.000000	1.000000	9.988999	380191.232441
13.000000	61.000000	0.000000	9.332933	1205045.177461
13.000000	61.000000	0.100000	9.400940	459926.023464
13.000000	61.000000	0.200000	9.516952	406844.407093
13.000000	61.000000	0.300000	9.516952	388870.058863
13.000000	61.000000	0.400000	9.516952	379709.812339
13.000000	61.000000	0.500000	9.516952	374118.664724
13.000000	61.000000	0.600000	9.516952	370324.248935
13.000000	61.000000	0.700000	9.516952	367559.009176
13.000000	61.000000	0.800000	9.516952	365437.334530
13.000000	61.000000	0.900000	9.908991	363753.129965
13.000000	61.000000	1.000000	9.908991	362471.718179
13.000000	62.000000	0.000000	8.588859	1210644.371265
13.000000	62.000000	0.100000	9.216922	459443.936585
13.000000	62.000000	0.200000	9.216922	405260.536858
13.000000	62.000000	0.300000	9.216922	386958.404160
13.000000	62.000000	0.400000	9.748975	377652.295347
13.000000	62.000000	0.500000	9.748975	372031.797690
13.000000	62.000000	0.600000	9.748975	368223.698893
13.000000	62.000000	0.700000	9.748975	365465.919842
13.000000	62.000000	0.800000	9.748975	363373.658605
13.000000	62.000000	0.900000	9.992999	361835.595651
13.000000	62.000000	1.000000	9.992999	360620.544750
13.000000	63.000000	0.000000	9.804980	1209953.688886
13.000000	63.000000	0.100000	9.944994	460684.143442
13.000000	63.000000	0.200000	9.816982	406610.854569
13.000000	63.000000	0.300000	9.816982	388057.601015
13.000000	63.000000	0.400000	9.816982	378616.494599
13.000000	63.000000	0.500000	9.944994	372901.400888
13.000000	63.000000	0.600000	9.944994	369117.881971
13.000000	63.000000	0.700000	9.944994	366389.084411
13.000000	63.000000	0.800000	9.944994	364318.239108
13.000000	63.000000	0.900000	9.944994	362686.530843
13.000000	63.000000	1.000000	9.944994	361363.585518
13.000000	64.000000	0.000000	9.584958	1224295.134468
13.000000	64.000000	0.100000	9.460946	463472.689995
13.000000	64.000000	0.200000	9.460946	407146.994009
13.000000	64.000000	0.300000	9.600960	387971.784774
13.000000	64.000000	0.400000	9.600960	378321.980242
13.000000	64.000000	0.500000	9.584958	372491.907148
13.000000	64.000000	0.600000	9.584958	368557.711915
13.000000	64.000000	0.700000	9.584958	365713.909244
13.000000	64.000000	0.800000	9.584958	363557.834080
13.000000	64.000000	0.900000	9.584958	361864.050339
13.000000	64.000000	1.000000	9.584958	360496.225850
13.000000	65.000000	0.000000	10.125013	1225188.869623
13.000000	65.000000	0.100000	10.077008	461593.699631
13.000000	65.000000	0.200000	10.077008	406095.989737
13.000000	65.000000	0.300000	10.061006	387051.701701
13.000000	65.000000	0.400000	10.061006	377271.242676
13.000000	65.000000	0.500000	10.061006	371254.500951
13.000000	65.000000	0.600000	10.061006	367177.208232
13.000000	65.000000	0.700000	10.061006	364236.773568
13.000000	65.000000	0.800000	10.061006	362020.676697
13.000000	65.000000	0.900000	10.061006	360293.974509
13.000000	65.000000	1.000000	10.061006	358912.786714
14.000000	55.000000	0.000000	10.101010	1339909.108813
14.000000	55.000000	0.100000	9.052905	474709.883118
14.000000	55.000000	0.200000	9.072907	413162.425757
14.000000	55.000000	0.300000	9.072907	392309.080011
14.000000	55.000000	0.400000	9.072907	381644.105713
14.000000	55.000000	0.500000	9.072907	375113.161604
14.000000	55.000000	0.600000	9.308931	370697.974956
14.000000	55.000000	0.700000	9.308931	367510.278370
14.000000	55.000000	0.800000	10.001000	365158.137617
14.000000	55.000000	0.900000	10.001000	363369.925068
14.000000	55.000000	1.000000	10.001000	361927.330707
14.000000	56.000000	0.000000	3.112311	1343668.131906
14.000000	56.000000	0.100000	9.968997	476618.094407
14.000000	56.000000	0.200000	10.149015	413290.619630
14.000000	56.000000	0.300000	10.149015	391377.972868
14.000000	56.000000	0.400000	10.133013	380600.655001
14.000000	56.000000	0.500000	10.133013	374148.064294
14.000000	56.000000	0.600000	10.133013	369820.723332
14.000000	56.000000	0.700000	10.133013	366715.402383
14.000000	56.000000	0.800000	10.133013	364376.638631
14.000000	56.000000	0.900000	10.133013	362549.933942
14.000000	56.000000	1.000000	10.117012	361149.453051
14.000000	57.000000	0.000000	0.424042	1353095.113604
14.000000	57.000000	0.100000	1.180118	481007.456406
14.000000	57.000000	0.200000	7.636764	415905.534252
14.000000	57.000000	0.300000	7.636764	394193.610126
14.000000	57.000000	0.400000	7.636764	382995.904072
14.000000	57.000000	0.500000	7.636764	376110.114662
14.000000	57.000000	0.600000	7.636764	371422.998229
14.000000	57.000000	0.700000	7.636764	368011.838135
14.000000	57.000000	0.800000	7.636764	365408.726683
14.000000	57.000000	0.900000	7.636764	363350.887303
14.000000	57.000000	1.000000	7.636764	361679.256218
14.000000	58.000000	0.000000	9.556956	1349101.804427
14.000000	58.000000	0.100000	9.692969	477640.914047
14.000000	58.000000	0.200000	9.708971	414679.466546
14.000000	58.000000	0.300000	9.708971	393446.032329
14.000000	58.000000	0.400000	10.001000	382847.961403
14.000000	58.000000	0.500000	10.001000	376653.952258
14.000000	58.000000	0.600000	10.001000	372514.777671
14.000000	58.000000	0.700000	10.001000	369545.631073
14.000000	58.000000	0.800000	10.001000	367307.011114
14.000000	58.000000	0.900000	10.001000	365555.733052
14.000000	58.000000	1.000000	10.001000	364146.105928
14.000000	59.000000	0.000000	10.517052	1346968.882048
14.000000	59.000000	0.100000	10.433043	476813.067294
14.000000	59.000000	0.200000	10.517052	413073.399039
14.000000	59.000000	0.300000	9.308931	392184.907914
14.000000	59.000000	0.400000	9.308931	381753.315434
14.000000	59.000000	0.500000	9.460946	375418.680926
14.000000	59.000000	0.600000	9.612961	371319.797483
14.000000	59.000000	0.700000	9.968997	368499.476215
14.000000	59.000000	0.800000	9.968997	366449.655791
14.000000	59.000000	0.900000	9.968997	364878.311862
14.000000	59.000000	1.000000	9.984998	363661.032054
14.000000	60.000000	0.000000	9.988999	1391661.708637
14.000000	60.000000	0.100000	9.988999	529317.505297
14.000000	60.000000	0.200000	9.988999	459799.193988
14.000000	60.000000	0.300000	9.988999	432937.970585
14.000000	60.000000	0.400000	9.988999	417782.682196
14.000000	60.000000	0.500000	9.988999	407733.268559
14.000000	60.000000	0.600000	9.988999	400442.620832
14.000000	60.000000	0.700000	9.988999	394844.707019
14.000000	60.000000	0.800000	9.988999	390377.011466
14.000000	60.000000	0.900000	9.988999	386710.371176
14.000000	60.000000	1.000000	9.988999	383637.032261
14.000000	61.000000	0.000000	9.332933	1341081.780478
14.000000	61.000000	0.100000	9.400940	477390.086903
14.000000	61.000000	0.200000	9.516952	415855.590180
14.000000	61.000000	0.300000	9.516952	395040.411835
14.000000	61.000000	0.400000	9.516952	384446.436278
14.000000	61.000000	0.500000	9.516952	377987.743199
14.000000	61.000000	0.600000	9.516952	373609.810837
14.000000	61.000000	0.700000	9.516952	370423.546892
14.000000	61.000000	0.800000	9.516952	367982.431194
14.000000	61.000000	0.900000	9.908991	366051.415202
14.000000	61.000000	1.000000	9.908991	364574.219843
14.000000	62.000000	0.000000	8.588859	1347217.031364
14.000000	62.000000	0.100000	9.216922	476897.633900
14.000000	62.000000	0.200000	9.216922	414174.651426
14.000000	62.000000	0.300000	9.216922	393006.474426
14.000000	62.000000	0.400000	9.748975	382243.835107
14.000000	62.000000	0.500000	9.748975	375753.534293
14.000000	62.000000	0.600000	9.748975	371360.866386
14.000000	62.000000	0.700000	9.748975	368182.637050
14.000000	62.000000	0.800000	9.748975	365773.197333
14.000000	62.000000	0.900000	9.992999	363963.973243
14.000000	62.000000	1.000000	9.992999	362558.243455
14.000000	63.000000	0.000000	9.804980	1346389.996092
14.000000	63.000000	0.100000	9.896990	478205.176585
14.000000	63.000000	0.200000	9.816982	415633.604804
14.000000	63.000000	0.300000	9.816982	394194.989958
14.000000	63.000000	0.400000	9.816982	383298.549904
14.000000	63.000000	0.500000	9.816982	376672.266038
14.000000	63.000000	0.600000	9.944994	372305.016962
14.000000	63.000000	0.700000	9.944994	369157.998464
14.000000	63.000000	0.800000	9.944994	366771.622060
14.000000	63.000000	0.900000	9.944994	364892.881217
14.000000	63.000000	1.000000	9.944994	363370.957433
14.000000	64.000000	0.000000	9.584958	1361811.375590
14.000000	64.000000	0.100000	9.460946	481210.315551
14.000000	64.000000	0.200000	9.460946	416180.244797
14.000000	64.000000	0.300000	9.600960	394082.502292
14.000000	64.000000	0.400000	9.600960	382961.310419
14.000000	64.000000	0.500000	9.584958	376241.643414
14.000000	64.000000	0.600000	9.584958	371713.179344
14.000000	64.000000	0.700000	9.584958	368442.309185
14.000000	64.000000	0.800000	9.584958	365964.146775
14.000000	64.000000	0.900000	9.584958	364018.555417
14.000000	64.000000	1.000000	9.584958	362448.300224
14.000000	65.000000	0.000000	10.125013	1362873.946880
14.000000	65.000000	0.100000	10.077008	479252.108436
14.000000	65.000000	0.200000	10.077008	415113.715007
14.000000	65.000000	0.300000	10.061006	393130.402162
14.000000	65.000000	0.400000	10.061006	381868.505447
14.000000	65.000000	0.500000	10.061006	374951.480246
14.000000	65.000000	0.600000	10.061006	370268.911186
14.000000	65.000000	0.700000	10.061006	366893.975801
14.000000	65.000000	0.800000	10.061006	364351.174626
14.000000	65.000000	0.900000	10.061006	362370.132629
14.000000	65.000000	1.000000	10.061006	360785.486180
15.000000	55.000000	0.000000	10.101010	1485928.717382
15.000000	55.000000	0.100000	6.252625	493436.087905
15.000000	55.000000	0.200000	9.072907	422635.878188
15.000000	55.000000	0.300000	9.072907	398730.663469
15.000000	55.000000	0.400000	9.072907	386522.732363
15.000000	55.000000	0.500000	9.072907	379056.588067
15.000000	55.000000	0.600000	9.072907	373995.006385
15.000000	55.000000	0.700000	9.308931	370353.270977
15.000000	55.000000	0.800000	10.001000	367633.154535
15.000000	55.000000	0.900000	10.001000	365587.016150
15.000000	55.000000	1.000000	10.001000	363937.222031
15.000000	56.000000	0.000000	3.112311	1490082.524760
15.000000	56.000000	0.100000	10.149015	495367.218077
15.000000	56.000000	0.200000	10.149015	422879.336767
15.000000	56.000000	0.300000	10.149015	397839.156687
15.000000	56.000000	0.400000	10.133013	385495.785198
15.000000	56.000000	0.500000	10.133013	378113.590990
15.000000	56.000000	0.600000	10.133013	373164.684454
15.000000	56.000000	0.700000	10.133013	369614.361860
15.000000	56.000000	0.800000	10.133013	366941.148540
15.000000	56.000000	0.900000	10.133013	364853.768591
15.000000	56.000000	1.000000	10.117012	363223.491732
15.000000	57.000000	0.000000	0.424042	1500110.146152
15.000000	57.000000	0.100000	1.180118	500126.925470
15.000000	57.000000	0.200000	7.636764	425719.070996
15.000000	57.000000	0.300000	7.636764	400893.950894
15.000000	57.000000	0.400000	7.636764	388115.235790
15.000000	57.000000	0.500000	7.636764	380268.900125
15.000000	57.000000	0.600000	7.636764	374934.519881
15.000000	57.000000	0.700000	7.636764	371056.512502
15.000000	57.000000	0.800000	7.636764	368100.069516
15.000000	57.000000	0.900000	7.636764	365765.045267
15.000000	57.000000	1.000000	7.636764	363869.854682
15.000000	58.000000	0.000000	9.556956	1495711.942962
15.000000	58.000000	0.100000	9.692969	496394.852584
15.000000	58.000000	0.200000	9.708971	424249.307347
15.000000	58.000000	0.300000	9.708971	399936.855016
15.000000	58.000000	0.400000	9.708971	387767.149557
15.000000	58.000000	0.500000	10.001000	380653.156820
15.000000	58.000000	0.600000	10.001000	375905.857136
15.000000	58.000000	0.700000	10.001000	372501.435655
15.000000	58.000000	0.800000	10.001000	369935.519278
15.000000	58.000000	0.900000	10.001000	367928.953593
15.000000	58.000000	1.000000	10.001000	366314.481549
15.000000	59.000000	0.000000	10.517052	1493799.568401
15.000000	59.000000	0.100000	10.433043	495823.415749
15.000000	59.000000	0.200000	10.517052	422891.793876
15.000000	59.000000	0.300000	9.308931	398575.914122
15.000000	59.000000	0.400000	9.308931	386618.035006
15.000000	59.000000	0.500000	9.460946	379353.107323
15.000000	59.000000	0.600000	9.612961	374668.114414
15.000000	59.000000	0.700000	9.968997	371405.254471
15.000000	59.000000	0.800000	9.968997	369041.623316
15.000000	59.000000	0.900000	9.968997	367227.844212
15.000000	59.000000	1.000000	9.984998	365811.123935
15.000000	60.000000	0.000000	9.988999	1541289.361024
15.000000	60.000000	0.100000	9.988999	551727.560007
15.000000	60.000000	0.200000	9.988999	472559.766897
15.000000	60.000000	0.300000	9.988999	442217.540450
15.000000	60.000000	0.400000	9.988999	425198.558582
15.000000	60.000000	0.500000	9.988999	413962.625553
15.000000	60.000000	0.600000	9.988999	405838.747519
15.000000	60.000000	0.700000	9.988999	399617.789748
15.000000	60.000000	0.800000	9.988999	394663.578105
15.000000	60.000000	0.900000	9.988999	390604.838619
15.000000	60.000000	1.000000	9.988999	387207.818240
15.000000	61.000000	0.000000	9.332933	1487117.383496
15.000000	61.000000	0.100000	9.400940	496103.605922
15.000000	61.000000	0.200000	9.516952	425491.710429
15.000000	61.000000	0.300000	9.516952	401627.389406
15.000000	61.000000	0.400000	9.516952	389495.528433
15.000000	61.000000	0.500000	9.516952	382106.796006
15.000000	61.000000	0.600000	9.516952	377103.684437
15.000000	61.000000	0.700000	9.516952	373466.637244
15.000000	61.000000	0.800000	9.516952	370683.761163
15.000000	61.000000	0.900000	9.908991	368488.574236
15.000000	61.000000	1.000000	9.908991	366801.707671
15.000000	62.000000	0.000000	8.588859	1493788.691463
15.000000	62.000000	0.100000	9.216922	495600.786796
15.000000	62.000000	0.200000	9.216922	423713.703158
15.000000	62.000000	0.300000	9.216922	399471.169291
15.000000	62.000000	0.400000	9.748975	387147.843084
15.000000	62.000000	0.500000	9.748975	379725.245229
15.000000	62.000000	0.600000	9.748975	374706.345578
15.000000	62.000000	0.700000	9.748975	371077.906897
15.000000	62.000000	0.800000	9.748975	368328.969369
15.000000	62.000000	0.900000	9.992999	366231.224636
15.000000	62.000000	1.000000	9.992999	364620.928327
15.000000	63.000000	0.000000	9.804980	1492825.303298
15.000000	63.000000	0.100000	9.896990	496983.793298
15.000000	63.000000	0.200000	9.816982	425281.292202
15.000000	63.000000	0.300000	9.816982	400749.003501
15.000000	63.000000	0.400000	9.816982	388293.073425
15.000000	63.000000	0.500000	9.816982	380724.779444
15.000000	63.000000	0.600000	9.944994	375700.463654
15.000000	63.000000	0.700000	9.944994	372105.465156
15.000000	63.000000	0.800000	9.944994	369381.238320
15.000000	63.000000	0.900000	9.944994	367238.105389
15.000000	63.000000	1.000000	9.944994	365503.315514
15.000000	64.000000	0.000000	9.584958	1509326.616712
15.000000	64.000000	0.100000	9.460946	500197.396688
15.000000	64.000000	0.200000	9.460946	425838.432747
15.000000	64.000000	0.300000	9.600960	400609.844410
15.000000	64.000000	0.400000	9.600960	387913.108811
15.000000	64.000000	0.500000	9.584958	380241.354012
15.000000	64.000000	0.600000	9.584958	375076.958470
15.000000	64.000000	0.700000	9.584958	371349.261763
15.000000	64.000000	0.800000	9.584958	368526.692776
15.000000	64.000000	0.900000	9.584958	366311.934293
15.000000	64.000000	1.000000	9.584958	364525.360762
15.000000	65.000000	0.000000	10.125013	1510558.024137
15.000000	65.000000	0.100000	10.093009	498164.701298
15.000000	65.000000	0.200000	10.077008	424756.377439
15.000000	65.000000	0.300000	10.061006	399625.727220
15.000000	65.000000	0.400000	10.061006	386778.236430
15.000000	65.000000	0.500000	10.061006	378898.433870
15.000000	65.000000	0.600000	10.061006	373568.925835
15.000000	65.000000	0.700000	10.061006	369729.730667
15.000000	65.000000	0.800000	10.061006	366837.905858
15.000000	65.000000	0.900000	10.061006	364585.164542
15.000000	65.000000	1.000000	10.077008	362788.700916
