5.000000	55.000000	0.000000	45.416542	33882937.515585
5.000000	55.000000	0.100000	45.428543	33738534.858040
5.000000	55.000000	0.200000	45.428543	33732973.384393
5.000000	55.000000	0.300000	45.428543	33729038.479915
5.000000	55.000000	0.400000	45.428543	33725955.901671
5.000000	55.000000	0.500000	45.428543	33723498.115458
5.000000	55.000000	0.600000	45.428543	33721518.725942
5.000000	55.000000	0.700000	45.428543	33719903.839704
5.000000	55.000000	0.800000	45.428543	33718567.054903
5.000000	55.000000	0.900000	45.428543	33717444.432482
5.000000	55.000000	1.000000	45.428543	33716488.908786
5.000000	56.000000	0.000000	45.400540	33861271.810604
5.000000	56.000000	0.100000	45.432543	33725627.099137
5.000000	56.000000	0.200000	45.396540	33716848.764099
5.000000	56.000000	0.300000	45.428543	33714448.271506
5.000000	56.000000	0.400000	45.428543	33712919.207125
5.000000	56.000000	0.500000	45.428543	33711783.456829
5.000000	56.000000	0.600000	45.428543	33710884.444873
5.000000	56.000000	0.700000	45.428543	33710153.338421
5.000000	56.000000	0.800000	45.424542	33709876.605098
5.000000	56.000000	0.900000	45.424542	33709896.143955
5.000000	56.000000	1.000000	45.424542	33709889.632442
5.000000	57.000000	0.000000	45.420542	33898337.049054
5.000000	57.000000	0.100000	45.420542	33737114.367396
5.000000	57.000000	0.200000	45.420542	33724108.925893
5.000000	57.000000	0.300000	45.420542	33719279.607941
5.000000	57.000000	0.400000	45.420542	33716595.347407
5.000000	57.000000	0.500000	45.420542	33714884.323995
5.000000	57.000000	0.600000	45.420542	33713709.446296
5.000000	57.000000	0.700000	45.420542	33712856.931696
5.000000	57.000000	0.800000	45.420542	33712209.480672
5.000000	57.000000	0.900000	45.420542	33711699.038696
5.000000	57.000000	1.000000	45.420542	33711284.542721
5.000000	58.000000	0.000000	44.568457	33851330.439749
5.000000	58.000000	0.100000	45.428543	33731044.211862
5.000000	58.000000	0.200000	45.424542	33720579.124453
5.000000	58.000000	0.300000	45.424542	33718919.436446
5.000000	58.000000	0.400000	45.424542	33717783.718209
5.000000	58.000000	0.500000	45.424542	33716873.685443
5.000000	58.000000	0.600000	45.424542	33716100.492453
5.000000	58.000000	0.700000	45.424542	33715425.019153
5.000000	58.000000	0.800000	45.424542	33714825.548847
5.000000	58.000000	0.900000	45.424542	33714288.210577
5.000000	58.000000	1.000000	45.424542	33713803.429698
5.000000	59.000000	0.000000	45.396540	33865332.434550
5.000000	59.000000	0.100000	45.432543	33723729.147534
5.000000	59.000000	0.200000	45.428543	33718384.365247
5.000000	59.000000	0.300000	45.424542	33717178.901706
5.000000	59.000000	0.400000	45.424542	33716423.986786
5.000000	59.000000	0.500000	45.424542	33715548.683972
5.000000	59.000000	0.600000	45.424542	33714714.948710
5.000000	59.000000	0.700000	45.424542	33713971.678453
5.000000	59.000000	0.800000	45.424542	33713325.028293
5.000000	59.000000	0.900000	45.424542	33712767.049599
5.000000	59.000000	1.000000	45.424542	33712286.257345
5.000000	60.000000	0.000000	45.432543	33906687.177837
5.000000	60.000000	0.100000	45.432543	33745076.400056
5.000000	60.000000	0.200000	45.432543	33727601.867479
5.000000	60.000000	0.300000	45.432543	33719215.340266
5.000000	60.000000	0.400000	45.432543	33714225.344358
5.000000	60.000000	0.500000	45.432543	33711040.994814
5.000000	60.000000	0.600000	45.428543	33709206.883379
5.000000	60.000000	0.700000	45.428543	33708775.767619
5.000000	60.000000	0.800000	45.428543	33708440.162377
5.000000	60.000000	0.900000	45.424542	33708633.996398
5.000000	60.000000	1.000000	45.424542	33708930.986988
5.000000	61.000000	0.000000	45.428543	33861641.076706
5.000000	61.000000	0.100000	45.424542	33732893.300794
5.000000	61.000000	0.200000	45.424542	33723496.428505
5.000000	61.000000	0.300000	45.424542	33718836.498394
5.000000	61.000000	0.400000	45.424542	33716206.491907
5.000000	61.000000	0.500000	45.424542	33714673.246745
5.000000	61.000000	0.600000	45.424542	33713763.910458
5.000000	61.000000	0.700000	45.424542	33713215.625877
5.000000	61.000000	0.800000	45.424542	33712876.856380
5.000000	61.000000	0.900000	45.424542	33712658.879827
5.000000	61.000000	1.000000	45.424542	33712509.517923
5.000000	62.000000	0.000000	45.428543	33865666.175520
5.000000	62.000000	0.100000	45.424542	33737901.778224
5.000000	62.000000	0.200000	45.428543	33726038.963363
5.000000	62.000000	0.300000	45.428543	33722760.672498
5.000000	62.000000	0.400000	45.428543	33720653.362244
5.000000	62.000000	0.500000	45.428543	33718971.944728
5.000000	62.000000	0.600000	45.428543	33717568.081896
5.000000	62.000000	0.700000	45.428543	33716390.136278
5.000000	62.000000	0.800000	45.428543	33715402.296597
5.000000	62.000000	0.900000	45.428543	33714573.121541
5.000000	62.000000	1.000000	45.428543	33713875.025803
5.000000	63.000000	0.000000	44.588459	33843884.597933
5.000000	63.000000	0.100000	44.600460	33736455.582004
5.000000	63.000000	0.200000	44.600460	33726748.614321
5.000000	63.000000	0.300000	44.600460	33722522.992651
5.000000	63.000000	0.400000	44.600460	33719632.021009
5.000000	63.000000	0.500000	44.600460	33717318.329708
5.000000	63.000000	0.600000	45.424542	33715712.114367
5.000000	63.000000	0.700000	45.424542	33714496.061681
5.000000	63.000000	0.800000	45.424542	33713482.156634
5.000000	63.000000	0.900000	45.424542	33712638.878856
5.000000	63.000000	1.000000	45.428543	33712035.498165
5.000000	64.000000	0.000000	45.340534	33878390.500715
5.000000	64.000000	0.100000	45.428543	33732764.124232
5.000000	64.000000	0.200000	45.428543	33724192.490817
5.000000	64.000000	0.300000	45.428543	33719280.075092
5.000000	64.000000	0.400000	45.428543	33716198.461110
5.000000	64.000000	0.500000	45.428543	33714136.337962
5.000000	64.000000	0.600000	45.428543	33712702.495183
5.000000	64.000000	0.700000	45.428543	33711680.362525
5.000000	64.000000	0.800000	45.428543	33710938.491131
5.000000	64.000000	0.900000	45.428543	33710392.499249
5.000000	64.000000	1.000000	45.428543	33709986.116709
5.000000	65.000000	0.000000	45.424542	33852399.269720
5.000000	65.000000	0.100000	44.588459	33736855.510452
5.000000	65.000000	0.200000	44.588459	33730607.094045
5.000000	65.000000	0.300000	44.588459	33725890.582941
5.000000	65.000000	0.400000	45.432543	33722692.884155
5.000000	65.000000	0.500000	45.432543	33720377.417773
5.000000	65.000000	0.600000	45.432543	33718525.017522
5.000000	65.000000	0.700000	45.420542	33717282.470546
5.000000	65.000000	0.800000	45.420542	33716363.522314
5.000000	65.000000	0.900000	45.420542	33715585.636357
5.000000	65.000000	1.000000	45.420542	33714916.756113
6.000000	55.000000	0.000000	45.416542	33949846.389932
6.000000	55.000000	0.100000	45.428543	33749008.169186
6.000000	55.000000	0.200000	45.428543	33740460.845536
6.000000	55.000000	0.300000	45.428543	33735114.022451
6.000000	55.000000	0.400000	45.428543	33731102.459386
6.000000	55.000000	0.500000	45.428543	33727965.634259
6.000000	55.000000	0.600000	45.428543	33725465.378918
6.000000	55.000000	0.700000	45.428543	33723438.238225
6.000000	55.000000	0.800000	45.428543	33721767.138453
6.000000	55.000000	0.900000	45.428543	33720367.913000
6.000000	55.000000	1.000000	45.428543	33719179.621644
6.000000	56.000000	0.000000	45.400540	33922897.183948
6.000000	56.000000	0.100000	45.396540	33733840.237472
6.000000	56.000000	0.200000	45.396540	33721563.215671
6.000000	56.000000	0.300000	45.428543	33717605.772376
6.000000	56.000000	0.400000	45.428543	33715458.425953
6.000000	56.000000	0.500000	45.428543	33713908.043931
6.000000	56.000000	0.600000	45.428543	33712704.241669
6.000000	56.000000	0.700000	45.428543	33711737.636724
6.000000	56.000000	0.800000	45.424542	33711010.962707
6.000000	56.000000	0.900000	45.424542	33710982.330794
6.000000	56.000000	1.000000	45.424542	33710932.854062
6.000000	57.000000	0.000000	45.420542	33966574.859170
6.000000	57.000000	0.100000	45.420542	33746859.007910
6.000000	57.000000	0.200000	45.420542	33729378.922843
6.000000	57.000000	0.300000	45.420542	33722958.803599
6.000000	57.000000	0.400000	45.420542	33719425.221798
6.000000	57.000000	0.500000	45.420542	33717184.512041
6.000000	57.000000	0.600000	45.420542	33715649.670890
6.000000	57.000000	0.700000	45.420542	33714537.376173
6.000000	57.000000	0.800000	45.420542	33713693.476944
6.000000	57.000000	0.900000	45.420542	33713028.868035
6.000000	57.000000	1.000000	45.420542	33712489.809954
6.000000	58.000000	0.000000	44.568457	33913465.435001
6.000000	58.000000	0.100000	45.428543	33740019.393786
6.000000	58.000000	0.200000	45.424542	33725260.097611
6.000000	58.000000	0.300000	45.424542	33722643.534307
6.000000	58.000000	0.400000	45.424542	33720968.203265
6.000000	58.000000	0.500000	45.424542	33719688.682288
6.000000	58.000000	0.600000	45.424542	33718635.862792
6.000000	58.000000	0.700000	45.424542	33717736.017639
6.000000	58.000000	0.800000	45.424542	33716949.695274
6.000000	58.000000	0.900000	45.424542	33716252.810817
6.000000	58.000000	1.000000	45.424542	33715629.410855
6.000000	59.000000	0.000000	45.396540	33927865.808756
6.000000	59.000000	0.100000	45.432543	33731540.312603
6.000000	59.000000	0.200000	45.428543	33722954.022594
6.000000	59.000000	0.300000	45.428543	33720606.439066
6.000000	59.000000	0.400000	45.424542	33719336.525569
6.000000	59.000000	0.500000	45.424542	33718098.680538
6.000000	59.000000	0.600000	45.424542	33716973.210319
6.000000	59.000000	0.700000	45.424542	33715992.008820
6.000000	59.000000	0.800000	45.424542	33715149.070634
6.000000	59.000000	0.900000	45.424542	33714427.417672
6.000000	59.000000	1.000000	45.424542	33713808.804061
6.000000	60.000000	0.000000	45.432543	33977338.582231
6.000000	60.000000	0.100000	45.432543	33757157.015632
6.000000	60.000000	0.200000	45.432543	33734314.021285
6.000000	60.000000	0.300000	45.432543	33723625.250938
6.000000	60.000000	0.400000	45.432543	33717324.786696
6.000000	60.000000	0.500000	45.432543	33713316.085591
6.000000	60.000000	0.600000	45.428543	33710691.167959
6.000000	60.000000	0.700000	45.428543	33710084.551859
6.000000	60.000000	0.800000	45.428543	33709614.867577
6.000000	60.000000	0.900000	45.424542	33709467.753851
6.000000	60.000000	1.000000	45.424542	33709782.479657
6.000000	61.000000	0.000000	44.676468	33924532.254940
6.000000	61.000000	0.100000	45.424542	33741910.664488
6.000000	61.000000	0.200000	45.424542	33728760.862488
6.000000	61.000000	0.300000	45.424542	33722544.008664
6.000000	61.000000	0.400000	45.424542	33719075.531730
6.000000	61.000000	0.500000	45.424542	33717048.155885
6.000000	61.000000	0.600000	45.424542	33715831.964439
6.000000	61.000000	0.700000	45.424542	33715084.745755
6.000000	61.000000	0.800000	45.424542	33714611.264369
6.000000	61.000000	0.900000	45.424542	33714297.613980
6.000000	61.000000	1.000000	45.424542	33714076.716794
6.000000	62.000000	0.000000	45.428543	33927814.383443
6.000000	62.000000	0.100000	45.424542	33747920.837404
6.000000	62.000000	0.200000	45.428543	33732139.540343
6.000000	62.000000	0.300000	45.428543	33727580.653616
6.000000	62.000000	0.400000	45.428543	33724739.412160
6.000000	62.000000	0.500000	45.428543	33722534.229492
6.000000	62.000000	0.600000	45.428543	33720724.606193
6.000000	62.000000	0.700000	45.428543	33719221.794266
6.000000	62.000000	0.800000	45.428543	33717969.428659
6.000000	62.000000	0.900000	45.428543	33716922.340067
6.000000	62.000000	1.000000	45.428543	33716042.962281
6.000000	63.000000	0.000000	44.588459	33902409.992546
6.000000	63.000000	0.100000	44.600460	33748183.151913
6.000000	63.000000	0.200000	44.600460	33734661.235441
6.000000	63.000000	0.300000	44.600460	33728965.551748
6.000000	63.000000	0.400000	44.600460	33725183.916628
6.000000	63.000000	0.500000	44.600460	33722220.005416
6.000000	63.000000	0.600000	44.600460	33719785.238567
6.000000	63.000000	0.700000	44.600460	33717755.606428
6.000000	63.000000	0.800000	44.600460	33716047.440707
6.000000	63.000000	0.900000	44.600460	33714594.855351
6.000000	63.000000	1.000000	45.428543	33713835.529115
6.000000	64.000000	0.000000	45.340534	33944632.200699
6.000000	64.000000	0.100000	45.428543	33742083.288637
6.000000	64.000000	0.200000	45.428543	33729923.773287
6.000000	64.000000	0.300000	45.428543	33723403.936727
6.000000	64.000000	0.400000	45.428543	33719393.530797
6.000000	64.000000	0.500000	45.428543	33716731.501368
6.000000	64.000000	0.600000	45.428543	33714885.902133
6.000000	64.000000	0.700000	45.428543	33713570.065757
6.000000	64.000000	0.800000	45.428543	33712612.862094
6.000000	64.000000	0.900000	45.400540	33712057.195498
6.000000	64.000000	1.000000	45.400540	33711716.856492
6.000000	65.000000	0.000000	45.424542	33911566.460458
6.000000	65.000000	0.100000	44.588459	33747726.454308
6.000000	65.000000	0.200000	44.588459	33738354.799365
6.000000	65.000000	0.300000	44.588459	33732070.048349
6.000000	65.000000	0.400000	45.432543	33727485.834453
6.000000	65.000000	0.500000	45.432543	33724519.793141
6.000000	65.000000	0.600000	45.432543	33722171.924938
6.000000	65.000000	0.700000	45.432543	33720297.821615
6.000000	65.000000	0.800000	45.432543	33718784.313616
6.000000	65.000000	0.900000	45.420542	33717692.785311
6.000000	65.000000	1.000000	45.420542	33716848.466117
7.000000	55.000000	0.000000	45.416542	34026754.264279
7.000000	55.000000	0.100000	45.428543	33760730.935905
7.000000	55.000000	0.200000	45.428543	33748573.243827
7.000000	55.000000	0.300000	45.428543	33741606.189565
7.000000	55.000000	0.400000	45.428543	33736561.485289
7.000000	55.000000	0.500000	45.428543	33732683.127357
7.000000	55.000000	0.600000	45.428543	33729620.343550
7.000000	55.000000	0.700000	45.428543	33727151.189333
7.000000	55.000000	0.800000	45.428543	33725123.455253
7.000000	55.000000	0.900000	45.428543	33723430.267253
7.000000	55.000000	1.000000	45.428543	33721995.320595
7.000000	56.000000	0.000000	45.400540	33994521.557293
7.000000	56.000000	0.100000	45.396540	33743411.610976
7.000000	56.000000	0.200000	45.396540	33726902.604396
7.000000	56.000000	0.300000	45.428543	33721179.897831
7.000000	56.000000	0.400000	45.428543	33718310.112976
7.000000	56.000000	0.500000	45.428543	33716282.605340
7.000000	56.000000	0.600000	45.428543	33714732.350131
7.000000	56.000000	0.700000	45.428543	33713500.487627
7.000000	56.000000	0.800000	45.428543	33712501.676274
7.000000	56.000000	0.900000	45.424542	33712207.391384
7.000000	56.000000	1.000000	45.424542	33712101.061795
7.000000	57.000000	0.000000	45.420542	34044811.669286
7.000000	57.000000	0.100000	45.420542	33757853.104000
7.000000	57.000000	0.200000	45.420542	33735273.856948
7.000000	57.000000	0.300000	45.420542	33727054.623846
7.000000	57.000000	0.400000	45.420542	33722567.564389
7.000000	57.000000	0.500000	45.420542	33719734.674402
7.000000	57.000000	0.600000	45.420542	33717798.207162
7.000000	57.000000	0.700000	45.420542	33716396.373261
7.000000	57.000000	0.800000	45.420542	33715333.706493
7.000000	57.000000	0.900000	45.420542	33714497.571140
7.000000	57.000000	1.000000	45.420542	33713820.063315
7.000000	58.000000	0.000000	44.568457	33985599.430254
7.000000	58.000000	0.100000	45.428543	33750244.031288
7.000000	58.000000	0.200000	45.424542	33730566.007928
7.000000	58.000000	0.300000	45.424542	33726784.256760
7.000000	58.000000	0.400000	45.424542	33724465.156527
7.000000	58.000000	0.500000	45.424542	33722753.653453
7.000000	58.000000	0.600000	45.424542	33721379.544815
7.000000	58.000000	0.700000	45.424542	33720225.568744
7.000000	58.000000	0.800000	45.424542	33719230.074988
7.000000	58.000000	0.900000	45.424542	33718356.284834
7.000000	58.000000	1.000000	45.424542	33717580.378153
7.000000	59.000000	0.000000	45.396540	34000398.182961
7.000000	59.000000	0.100000	45.432543	33740600.933251
7.000000	59.000000	0.200000	45.428543	33728148.617102
7.000000	59.000000	0.300000	45.428543	33724680.675676
7.000000	59.000000	0.400000	45.424542	33722561.532563
7.000000	59.000000	0.500000	45.424542	33720898.651430
7.000000	59.000000	0.600000	45.424542	33719439.783618
7.000000	59.000000	0.700000	45.424542	33718190.891814
7.000000	59.000000	0.800000	45.424542	33717129.346270
7.000000	59.000000	0.900000	45.424542	33716226.659530
7.000000	59.000000	1.000000	45.424542	33715456.336929
7.000000	60.000000	0.000000	45.432543	34057988.986624
7.000000	60.000000	0.100000	45.432543	33770487.086787
7.000000	60.000000	0.200000	45.432543	33741651.112252
7.000000	60.000000	0.300000	45.432543	33728451.786207
7.000000	60.000000	0.400000	45.432543	33720736.697248
7.000000	60.000000	0.500000	45.432543	33715841.150697
7.000000	60.000000	0.600000	45.432543	33712543.630502
7.000000	60.000000	0.700000	45.428543	33711571.888731
7.000000	60.000000	0.800000	45.428543	33710945.806078
7.000000	60.000000	0.900000	45.428543	33710440.921811
7.000000	60.000000	1.000000	45.424542	33710758.958484
7.000000	61.000000	0.000000	44.676468	33999982.769325
7.000000	61.000000	0.100000	45.424542	33752177.483762
7.000000	61.000000	0.200000	45.424542	33734650.233633
7.000000	61.000000	0.300000	45.424542	33726668.143534
7.000000	61.000000	0.400000	45.424542	33722257.039768
7.000000	61.000000	0.500000	45.424542	33719673.039356
7.000000	61.000000	0.600000	45.424542	33718108.330119
7.000000	61.000000	0.700000	45.424542	33717132.418269
7.000000	61.000000	0.800000	45.424542	33716501.905664
7.000000	61.000000	0.900000	45.424542	33716075.221929
7.000000	61.000000	1.000000	45.424542	33715768.901828
7.000000	62.000000	0.000000	45.428543	33999961.591365
7.000000	62.000000	0.100000	45.424542	33759189.352165
7.000000	62.000000	0.200000	45.428543	33738865.054486
7.000000	62.000000	0.300000	45.428543	33732817.259333
7.000000	62.000000	0.400000	45.428543	33729137.930294
7.000000	62.000000	0.500000	45.428543	33726346.488588
7.000000	62.000000	0.600000	45.428543	33724089.442189
7.000000	62.000000	0.700000	45.428543	33722232.004891
7.000000	62.000000	0.800000	45.428543	33720692.794029
7.000000	62.000000	0.900000	45.428543	33719410.432392
7.000000	62.000000	1.000000	45.428543	33718335.884926
7.000000	63.000000	0.000000	44.332433	33971096.129071
7.000000	63.000000	0.100000	44.600460	33761160.177402
7.000000	63.000000	0.200000	44.600460	33743198.793724
7.000000	63.000000	0.300000	44.600460	33735824.735445
7.000000	63.000000	0.400000	44.600460	33731048.280463
7.000000	63.000000	0.500000	44.600460	33727371.655457
7.000000	63.000000	0.600000	44.600460	33724385.274917
7.000000	63.000000	0.700000	44.600460	33721913.214037
7.000000	63.000000	0.800000	44.600460	33719842.236375
7.000000	63.000000	0.900000	44.600460	33718086.795181
7.000000	63.000000	1.000000	44.600460	33716580.476950
7.000000	64.000000	0.000000	45.340534	34020872.900684
7.000000	64.000000	0.100000	45.428543	33752651.908622
7.000000	64.000000	0.200000	45.428543	33736279.992918
7.000000	64.000000	0.300000	45.428543	33727944.422960
7.000000	64.000000	0.400000	45.428543	33722901.068699
7.000000	64.000000	0.500000	45.428543	33719576.639106
7.000000	64.000000	0.600000	45.428543	33717277.620780
7.000000	64.000000	0.700000	45.428543	33715638.321625
7.000000	64.000000	0.800000	45.400540	33714549.517930
7.000000	64.000000	0.900000	45.400540	33714031.129058
7.000000	64.000000	1.000000	45.400540	33713585.460166
7.000000	65.000000	0.000000	45.424542	33980732.651197
7.000000	65.000000	0.100000	44.588459	33759846.853743
7.000000	65.000000	0.200000	44.588459	33746727.441847
7.000000	65.000000	0.300000	44.588459	33738666.138354
7.000000	65.000000	0.400000	44.588459	33732794.270828
7.000000	65.000000	0.500000	45.432543	33728912.142839
7.000000	65.000000	0.600000	45.432543	33726027.144049
7.000000	65.000000	0.700000	45.432543	33723736.533452
7.000000	65.000000	0.800000	45.432543	33721892.656464
7.000000	65.000000	0.900000	45.432543	33720387.245610
7.000000	65.000000	1.000000	45.432543	33719141.208897
8.000000	55.000000	0.000000	45.416542	34113661.138627
8.000000	55.000000	0.100000	45.428543	33773703.158197
8.000000	55.000000	0.200000	45.428543	33757310.579266
8.000000	55.000000	0.300000	45.428543	33748514.981257
8.000000	55.000000	0.400000	45.428543	33742332.979380
8.000000	55.000000	0.500000	45.428543	33737650.594752
8.000000	55.000000	0.600000	45.428543	33733983.619839
8.000000	55.000000	0.700000	45.428543	33731042.693028
8.000000	55.000000	0.800000	45.428543	33728636.005302
8.000000	55.000000	0.900000	45.428543	33726631.495241
8.000000	55.000000	1.000000	45.428543	33724936.005640
8.000000	56.000000	0.000000	45.400540	34076144.930637
8.000000	56.000000	0.100000	45.396540	33754232.440055
8.000000	56.000000	0.200000	45.396540	33732866.930272
8.000000	56.000000	0.300000	45.428543	33725170.647869
8.000000	56.000000	0.400000	45.428543	33721474.268195
8.000000	56.000000	0.500000	45.428543	33718907.141055
8.000000	56.000000	0.600000	45.428543	33716968.770261
8.000000	56.000000	0.700000	45.428543	33715441.891129
8.000000	56.000000	0.800000	45.428543	33714211.115101
8.000000	56.000000	0.900000	45.424542	33713571.325725
8.000000	56.000000	1.000000	45.424542	33713394.255639
8.000000	57.000000	0.000000	45.420542	34133047.479402
8.000000	57.000000	0.100000	45.420542	33770096.655667
8.000000	57.000000	0.200000	45.420542	33741793.728208
8.000000	57.000000	0.300000	45.420542	33731567.068681
8.000000	57.000000	0.400000	45.420542	33726022.375182
8.000000	57.000000	0.500000	45.420542	33722534.811076
8.000000	57.000000	0.600000	45.420542	33720155.055110
8.000000	57.000000	0.700000	45.420542	33718433.922960
8.000000	57.000000	0.800000	45.420542	33717130.169319
8.000000	57.000000	0.900000	45.420542	33716105.148010
8.000000	57.000000	1.000000	45.420542	33715275.302804
8.000000	58.000000	0.000000	44.568457	34067732.425506
8.000000	58.000000	0.100000	45.428543	33761718.124368
8.000000	58.000000	0.200000	45.424542	33736496.855403
8.000000	58.000000	0.300000	45.424542	33731341.603805
8.000000	58.000000	0.400000	45.424542	33728274.577995
8.000000	58.000000	0.500000	45.424542	33726068.598938
8.000000	58.000000	0.600000	45.424542	33724331.538523
8.000000	58.000000	0.700000	45.424542	33722893.672470
8.000000	58.000000	0.800000	45.424542	33721666.687991
8.000000	58.000000	0.900000	45.424542	33720598.632628
8.000000	58.000000	1.000000	45.424542	33719656.331591
8.000000	59.000000	0.000000	45.396540	34082929.557167
8.000000	59.000000	0.100000	45.432543	33750911.009477
8.000000	59.000000	0.200000	45.428543	33733968.148769
8.000000	59.000000	0.300000	45.428543	33729171.536881
8.000000	59.000000	0.400000	45.424542	33726099.007767
8.000000	59.000000	0.500000	45.424542	33723948.596646
8.000000	59.000000	0.600000	45.424542	33722114.668608
8.000000	59.000000	0.700000	45.424542	33720568.327435
8.000000	59.000000	0.800000	45.424542	33719265.855203
8.000000	59.000000	0.900000	45.424542	33718164.775174
8.000000	59.000000	1.000000	45.424542	33717228.855948
8.000000	60.000000	0.000000	45.432543	34148638.391018
8.000000	60.000000	0.100000	45.432543	33785066.613522
8.000000	60.000000	0.200000	45.432543	33749613.140381
8.000000	60.000000	0.300000	45.432543	33733694.946074
8.000000	60.000000	0.400000	45.432543	33724461.076013
8.000000	60.000000	0.500000	45.432543	33718616.190133
8.000000	60.000000	0.600000	45.432543	33714680.945088
8.000000	60.000000	0.700000	45.428543	33713237.778236
8.000000	60.000000	0.800000	45.428543	33712432.977882
8.000000	60.000000	0.900000	45.428543	33711786.529254
8.000000	60.000000	1.000000	45.424542	33711860.423469
8.000000	61.000000	0.000000	44.676468	34085432.283710
8.000000	61.000000	0.100000	45.424542	33763693.758616
8.000000	61.000000	0.200000	45.424542	33741164.541941
8.000000	61.000000	0.300000	45.424542	33731208.903003
8.000000	61.000000	0.400000	45.424542	33725751.016021
8.000000	61.000000	0.500000	45.424542	33722547.897159
8.000000	61.000000	0.600000	45.424542	33720593.007496
8.000000	61.000000	0.700000	45.424542	33719358.643419
8.000000	61.000000	0.800000	45.424542	33718548.780264
8.000000	61.000000	0.900000	45.424542	33717991.703676
8.000000	61.000000	1.000000	45.424542	33717586.073026
8.000000	62.000000	0.000000	45.428543	34082107.799288
8.000000	62.000000	0.100000	45.280528	33772387.971452
8.000000	62.000000	0.200000	45.428543	33746215.505792
8.000000	62.000000	0.300000	45.428543	33738470.489651
8.000000	62.000000	0.400000	45.428543	33733848.916644
8.000000	62.000000	0.500000	45.428543	33730408.722018
8.000000	62.000000	0.600000	45.428543	33727662.589886
8.000000	62.000000	0.700000	45.428543	33725420.768155
8.000000	62.000000	0.800000	45.428543	33723572.392707
8.000000	62.000000	0.900000	45.428543	33722037.398517
8.000000	62.000000	1.000000	45.428543	33720753.793736
8.000000	63.000000	0.000000	44.332433	34052812.864040
8.000000	63.000000	0.100000	44.584458	33775702.336489
8.000000	63.000000	0.200000	44.584458	33752437.665543
8.000000	63.000000	0.300000	44.600460	33743100.543741
8.000000	63.000000	0.400000	44.600460	33737225.112514
8.000000	63.000000	0.500000	44.600460	33732773.279832
8.000000	63.000000	0.600000	44.600460	33729193.622966
8.000000	63.000000	0.700000	44.600460	33726249.374285
8.000000	63.000000	0.800000	44.600460	33723793.265352
8.000000	63.000000	0.900000	44.600460	33721717.608810
8.000000	63.000000	1.000000	44.600460	33719940.551727
8.000000	64.000000	0.000000	45.340534	34107112.600669
8.000000	64.000000	0.100000	45.428543	33764469.984187
8.000000	64.000000	0.200000	45.428543	33743261.149712
8.000000	64.000000	0.300000	45.428543	33732901.533793
8.000000	64.000000	0.400000	45.428543	33726721.074817
8.000000	64.000000	0.500000	45.428543	33722671.751176
8.000000	64.000000	0.600000	45.428543	33719877.651127
8.000000	64.000000	0.700000	45.428543	33717885.130128
8.000000	64.000000	0.800000	45.400540	33716805.818875
8.000000	64.000000	0.900000	45.400540	33716143.936415
8.000000	64.000000	1.000000	45.400540	33715579.050005
8.000000	65.000000	0.000000	45.424542	34059897.841936
8.000000	65.000000	0.100000	44.588459	33773216.708758
8.000000	65.000000	0.200000	44.588459	33755725.021489
8.000000	65.000000	0.300000	44.588459	33745678.852957
8.000000	65.000000	0.400000	44.588459	33738551.521676
8.000000	65.000000	0.500000	45.432543	33733554.466866
8.000000	65.000000	0.600000	45.432543	33730090.674855
8.000000	65.000000	0.700000	45.432543	33727353.797922
8.000000	65.000000	0.800000	45.432543	33725157.232613
8.000000	65.000000	0.900000	45.432543	33723367.325030
8.000000	65.000000	1.000000	45.432543	33721887.732536
9.000000	55.000000	0.000000	45.416542	34210567.012974
9.000000	55.000000	0.100000	45.428543	33787924.836062
9.000000	55.000000	0.200000	45.428543	33766672.851854
9.000000	55.000000	0.300000	45.428543	33755840.397527
9.000000	55.000000	0.400000	45.428543	33748416.941658
9.000000	55.000000	0.500000	45.428543	33742868.036444
9.000000	55.000000	0.600000	45.428543	33738555.207784
9.000000	55.000000	0.700000	45.428543	33735112.749310
9.000000	55.000000	0.800000	45.428543	33732304.788602
9.000000	55.000000	0.900000	45.428543	33729971.596963
9.000000	55.000000	1.000000	45.428543	33728001.676779
9.000000	56.000000	0.000000	45.400540	34167767.303982
9.000000	56.000000	0.100000	45.396540	33766302.724709
9.000000	56.000000	0.200000	45.396540	33739456.193301
9.000000	56.000000	0.300000	44.588459	33730024.856638
9.000000	56.000000	0.400000	44.588459	33725322.769495
9.000000	56.000000	0.500000	44.588459	33722078.419359
9.000000	56.000000	0.600000	44.588459	33719638.627469
9.000000	56.000000	0.700000	44.588459	33717716.688078
9.000000	56.000000	0.800000	44.588459	33716158.758991
9.000000	56.000000	0.900000	45.424542	33715074.133817
9.000000	56.000000	1.000000	45.424542	33714812.435596
9.000000	57.000000	0.000000	45.420542	34231282.289518
9.000000	57.000000	0.100000	45.420542	33783589.662910
9.000000	57.000000	0.200000	44.720472	33749793.886619
9.000000	57.000000	0.300000	44.720472	33736899.343513
9.000000	57.000000	0.400000	45.420542	33729789.654175
9.000000	57.000000	0.500000	45.420542	33725584.922064
9.000000	57.000000	0.600000	45.420542	33722720.214735
9.000000	57.000000	0.700000	45.420542	33720650.025270
9.000000	57.000000	0.800000	45.420542	33719082.865423
9.000000	57.000000	0.900000	45.420542	33717851.598645
9.000000	57.000000	1.000000	45.420542	33716855.528421
9.000000	58.000000	0.000000	44.568457	34159864.420759
9.000000	58.000000	0.100000	45.428543	33774441.673026
9.000000	58.000000	0.200000	45.424542	33743052.640035
9.000000	58.000000	0.300000	45.424542	33736315.575442
9.000000	58.000000	0.400000	45.424542	33732396.467670
9.000000	58.000000	0.500000	45.424542	33729633.518744
9.000000	58.000000	0.600000	45.424542	33727491.843915
9.000000	58.000000	0.700000	45.424542	33725740.328815
9.000000	58.000000	0.800000	45.424542	33724259.534281
9.000000	58.000000	0.900000	45.424542	33722979.854199
9.000000	58.000000	1.000000	45.424542	33721857.271171
9.000000	59.000000	0.000000	45.396540	34175459.931373
9.000000	59.000000	0.100000	45.432543	33762470.541283
9.000000	59.000000	0.200000	45.428543	33740412.617596
9.000000	59.000000	0.300000	45.428543	33734079.022682
9.000000	59.000000	0.400000	45.424542	33729948.951181
9.000000	59.000000	0.500000	45.424542	33727248.516189
9.000000	59.000000	0.600000	45.424542	33724997.865288
9.000000	59.000000	0.700000	45.424542	33723124.315683
9.000000	59.000000	0.800000	45.424542	33721558.597431
9.000000	59.000000	0.900000	45.424542	33720241.764604
9.000000	59.000000	1.000000	45.424542	33719126.361118
9.000000	60.000000	0.000000	45.332533	34249654.206210
9.000000	60.000000	0.100000	45.432543	33800895.595836
9.000000	60.000000	0.200000	45.432543	33758200.105671
9.000000	60.000000	0.300000	45.432543	33739354.730539
9.000000	60.000000	0.400000	45.432543	33728497.922991
9.000000	60.000000	0.500000	45.432543	33721641.203898
9.000000	60.000000	0.600000	45.432543	33717026.571368
9.000000	60.000000	0.700000	45.428543	33715082.220374
9.000000	60.000000	0.800000	45.428543	33714076.382988
9.000000	60.000000	0.900000	45.428543	33713271.010490
9.000000	60.000000	1.000000	45.424542	33713086.874614
9.000000	61.000000	0.000000	44.676468	34180880.798095
9.000000	61.000000	0.100000	45.424542	33776459.489050
9.000000	61.000000	0.200000	45.424542	33748303.787411
9.000000	61.000000	0.300000	45.424542	33736166.287071
9.000000	61.000000	0.400000	45.424542	33729557.460490
9.000000	61.000000	0.500000	45.424542	33725672.729294
9.000000	61.000000	0.600000	45.424542	33723285.996572
9.000000	61.000000	0.700000	45.424542	33721763.421206
9.000000	61.000000	0.800000	45.424542	33720751.888171
9.000000	61.000000	0.900000	45.424542	33720047.059221
9.000000	61.000000	1.000000	45.424542	33719528.230388
9.000000	62.000000	0.000000	45.428543	34174253.007211
9.000000	62.000000	0.100000	45.280528	33787798.795139
9.000000	62.000000	0.200000	45.428543	33754190.894261
9.000000	62.000000	0.300000	45.428543	33744540.344568
9.000000	62.000000	0.400000	45.428543	33738872.371210
9.000000	62.000000	0.500000	45.428543	33734720.929781
9.000000	62.000000	0.600000	45.428543	33731444.049282
9.000000	62.000000	0.700000	45.428543	33728788.084056
9.000000	62.000000	0.800000	45.428543	33726608.224692
9.000000	62.000000	0.900000	45.428543	33724803.238442
9.000000	62.000000	1.000000	45.428543	33723296.688713
9.000000	63.000000	0.000000	44.332433	34144528.599009
9.000000	63.000000	0.100000	44.584458	33791578.567837
9.000000	63.000000	0.200000	44.584458	33762595.480145
9.000000	63.000000	0.300000	44.584458	33751027.561816
9.000000	63.000000	0.400000	44.584458	33743824.702106
9.000000	63.000000	0.500000	44.584458	33738451.733930
9.000000	63.000000	0.600000	44.600460	33734210.282715
9.000000	63.000000	0.700000	44.600460	33730764.087170
9.000000	63.000000	0.800000	44.600460	33727900.527636
9.000000	63.000000	0.900000	44.600460	33725487.296239
9.000000	63.000000	1.000000	44.600460	33723425.612670
9.000000	64.000000	0.000000	45.340534	34203351.300654
9.000000	64.000000	0.100000	45.428543	33777537.515333
9.000000	64.000000	0.200000	45.428543	33750867.243669
9.000000	64.000000	0.300000	45.428543	33738275.269224
9.000000	64.000000	0.400000	45.428543	33730853.549150
9.000000	64.000000	0.500000	45.428543	33726016.837578
9.000000	64.000000	0.600000	45.428543	33722685.993171
9.000000	64.000000	0.700000	45.428543	33720310.491268
9.000000	64.000000	0.800000	45.400540	33719218.353126
9.000000	64.000000	0.900000	45.400540	33718395.617569
9.000000	64.000000	1.000000	45.400540	33717697.626006
9.000000	65.000000	0.000000	45.396540	34149281.337696
9.000000	65.000000	0.100000	44.588459	33787836.019353
9.000000	65.000000	0.200000	44.588459	33765347.538294
9.000000	65.000000	0.300000	44.588459	33753108.192157
9.000000	65.000000	0.400000	44.588459	33744621.240738
9.000000	65.000000	0.500000	45.432543	33738446.765223
9.000000	65.000000	0.600000	45.432543	33734362.517356
9.000000	65.000000	0.700000	45.432543	33731149.615025
9.000000	65.000000	0.800000	45.432543	33728578.042065
9.000000	65.000000	0.900000	45.432543	33726486.278242
9.000000	65.000000	1.000000	45.432543	33724759.242333
10.000000	55.000000	0.000000	45.416542	34317471.887321
10.000000	55.000000	0.100000	45.412541	33804114.000212
10.000000	55.000000	0.200000	45.428543	33776660.061590
10.000000	55.000000	0.300000	45.428543	33763582.438376
10.000000	55.000000	0.400000	45.428543	33754813.372123
10.000000	55.000000	0.500000	45.428543	33748335.452433
10.000000	55.000000	0.600000	45.428543	33743335.107385
10.000000	55.000000	0.700000	45.428543	33739361.358180
10.000000	55.000000	0.800000	45.428543	33736129.805152
10.000000	55.000000	0.900000	45.428543	33733450.572419
10.000000	55.000000	1.000000	45.428543	33731192.334012
10.000000	56.000000	0.000000	45.400540	34269388.677326
10.000000	56.000000	0.100000	45.396540	33779622.464938
10.000000	56.000000	0.200000	45.396540	33746670.393482
10.000000	56.000000	0.300000	44.588459	33735306.005308
10.000000	56.000000	0.400000	44.588459	33729560.682095
10.000000	56.000000	0.500000	44.588459	33725643.379167
10.000000	56.000000	0.600000	44.588459	33722724.186095
10.000000	56.000000	0.700000	44.588459	33720439.902546
10.000000	56.000000	0.800000	44.588459	33718597.273551
10.000000	56.000000	0.900000	44.588459	33717078.753725
10.000000	56.000000	1.000000	45.424542	33716355.601666
10.000000	57.000000	0.000000	45.420542	34339516.099634
10.000000	57.000000	0.100000	45.420542	33798332.125730
10.000000	57.000000	0.200000	44.720472	33759273.044630
10.000000	57.000000	0.300000	44.720472	33743904.211677
10.000000	57.000000	0.400000	44.720472	33735014.235928
10.000000	57.000000	0.500000	44.720472	33729198.436438
10.000000	57.000000	0.600000	45.420542	33725493.686036
10.000000	57.000000	0.700000	45.420542	33723044.680192
10.000000	57.000000	0.800000	45.420542	33721191.794804
10.000000	57.000000	0.900000	45.420542	33719736.923046
10.000000	57.000000	1.000000	45.420542	33718560.740166
10.000000	58.000000	0.000000	44.568457	34261995.416011
10.000000	58.000000	0.100000	45.428543	33788414.677261
10.000000	58.000000	0.200000	45.424542	33750233.361825
10.000000	58.000000	0.300000	45.424542	33741706.171672
10.000000	58.000000	0.400000	45.424542	33736830.825551
10.000000	58.000000	0.500000	45.424542	33733448.412870
10.000000	58.000000	0.600000	45.424542	33730860.460991
10.000000	58.000000	0.700000	45.424542	33728765.537780
10.000000	58.000000	0.800000	45.424542	33727008.613858
10.000000	58.000000	0.900000	45.424542	33725499.949546
10.000000	58.000000	1.000000	45.424542	33724183.196891
10.000000	59.000000	0.000000	45.396540	34277989.305579
10.000000	59.000000	0.100000	45.432543	33775279.528667
10.000000	59.000000	0.200000	45.428543	33747482.023583
10.000000	59.000000	0.300000	45.428543	33739403.133077
10.000000	59.000000	0.400000	45.424542	33734111.362806
10.000000	59.000000	0.500000	45.424542	33730798.410057
10.000000	59.000000	0.600000	45.424542	33728089.373659
10.000000	59.000000	0.700000	45.424542	33725858.856559
10.000000	59.000000	0.800000	45.424542	33724007.572956
10.000000	59.000000	0.900000	45.424542	33722457.627821
10.000000	59.000000	1.000000	45.424542	33721148.852439
10.000000	60.000000	0.000000	45.332533	34361129.838721
10.000000	60.000000	0.100000	45.432543	33817974.033730
10.000000	60.000000	0.200000	45.432543	33767412.008123
10.000000	60.000000	0.300000	45.432543	33745431.139601
10.000000	60.000000	0.400000	45.432543	33732847.238183
10.000000	60.000000	0.500000	45.432543	33724916.191992
10.000000	60.000000	0.600000	45.432543	33719580.509344
10.000000	60.000000	0.700000	45.428543	33717105.215143
10.000000	60.000000	0.800000	45.428543	33715876.021395
10.000000	60.000000	0.900000	45.428543	33714894.365518
10.000000	60.000000	1.000000	45.424542	33714438.311917
10.000000	61.000000	0.000000	44.676468	34286328.312479
10.000000	61.000000	0.100000	45.424542	33790474.675064
10.000000	61.000000	0.200000	45.424542	33756067.970044
10.000000	61.000000	0.300000	45.424542	33741540.295739
10.000000	61.000000	0.400000	45.424542	33733676.373175
10.000000	61.000000	0.500000	45.424542	33729047.535761
10.000000	61.000000	0.600000	45.424542	33726187.297346
10.000000	61.000000	0.700000	45.424542	33724346.751628
10.000000	61.000000	0.800000	45.424542	33723111.229384
10.000000	61.000000	0.900000	45.424542	33722241.288562
10.000000	61.000000	1.000000	45.424542	33721595.373913
10.000000	62.000000	0.000000	45.428543	34276397.215133
10.000000	62.000000	0.100000	45.280528	33804459.074407
10.000000	62.000000	0.200000	45.280528	33763230.431997
10.000000	62.000000	0.300000	45.428543	33751026.824085
10.000000	62.000000	0.400000	45.428543	33744208.293993
10.000000	62.000000	0.500000	45.428543	33739283.111877
10.000000	62.000000	0.600000	45.428543	33735433.820378
10.000000	62.000000	0.700000	45.428543	33732333.952594
10.000000	62.000000	0.800000	45.428543	33729800.289986
10.000000	62.000000	0.900000	45.428543	33727707.952166
10.000000	62.000000	1.000000	45.428543	33725964.569856
10.000000	63.000000	0.000000	44.332433	34246243.333978
10.000000	63.000000	0.100000	44.584458	33808704.254766
10.000000	63.000000	0.200000	44.584458	33773378.231910
10.000000	63.000000	0.300000	44.584458	33759483.426506
10.000000	63.000000	0.400000	44.584458	33750959.467135
10.000000	63.000000	0.500000	44.584458	33744677.033078
10.000000	63.000000	0.600000	44.584458	33739718.345205
10.000000	63.000000	0.700000	44.584458	33735689.856329
10.000000	63.000000	0.800000	44.584458	33732358.272167
10.000000	63.000000	0.900000	44.584458	33729561.080054
10.000000	63.000000	1.000000	44.584458	33727178.804795
10.000000	64.000000	0.000000	45.340534	34309589.000638
10.000000	64.000000	0.100000	45.428543	33791854.502058
10.000000	64.000000	0.200000	45.428543	33759098.274788
10.000000	64.000000	0.300000	45.428543	33744065.629255
10.000000	64.000000	0.400000	45.428543	33735298.491699
10.000000	64.000000	0.500000	45.428543	33729611.898312
10.000000	64.000000	0.600000	45.428543	33725702.646913
10.000000	64.000000	0.700000	45.400540	33722993.519077
10.000000	64.000000	0.800000	45.400540	33721787.120683
10.000000	64.000000	0.900000	45.400540	33720786.172521
10.000000	64.000000	1.000000	45.400540	33719941.188172
10.000000	65.000000	0.000000	45.396540	34248901.979272
10.000000	65.000000	0.100000	44.588459	33803704.785527
10.000000	65.000000	0.200000	44.588459	33775594.992259
10.000000	65.000000	0.300000	44.588459	33760954.155955
10.000000	65.000000	0.400000	44.588459	33751003.428013
10.000000	65.000000	0.500000	44.588459	33743780.700158
10.000000	65.000000	0.600000	45.432543	33738842.671553
10.000000	65.000000	0.700000	45.432543	33735123.984760
10.000000	65.000000	0.800000	45.432543	33732155.084818
10.000000	65.000000	0.900000	45.432543	33729744.105247
10.000000	65.000000	1.000000	45.432543	33727755.738288
11.000000	55.000000	0.000000	45.416542	34434375.761669
11.000000	55.000000	0.100000	45.412541	33821723.730284
11.000000	55.000000	0.200000	45.428543	33787272.208475
11.000000	55.000000	0.300000	45.428543	33771741.103802
11.000000	55.000000	0.400000	45.428543	33761522.270776
11.000000	55.000000	0.500000	45.428543	33754052.842719
11.000000	55.000000	0.600000	45.428543	33748323.318642
11.000000	55.000000	0.700000	45.428543	33743788.519636
11.000000	55.000000	0.800000	45.428543	33740111.054952
11.000000	55.000000	0.900000	45.428543	33737068.421610
11.000000	55.000000	1.000000	45.428543	33734507.977339
11.000000	56.000000	0.000000	45.400540	34381009.050671
11.000000	56.000000	0.100000	45.396540	33794191.660742
11.000000	56.000000	0.200000	45.396540	33754509.530815
11.000000	56.000000	0.300000	44.588459	33741003.778563
11.000000	56.000000	0.400000	44.588459	33734111.062890
11.000000	56.000000	0.500000	44.588459	33729458.313281
11.000000	56.000000	0.600000	44.588459	33726018.056388
11.000000	56.000000	0.700000	44.588459	33723341.669614
11.000000	56.000000	0.800000	44.588459	33721192.021376
11.000000	56.000000	0.900000	44.588459	33719426.172241
11.000000	56.000000	1.000000	45.424542	33718023.753847
11.000000	57.000000	0.000000	44.840484	34460147.873934
11.000000	57.000000	0.100000	44.720472	33815632.516109
11.000000	57.000000	0.200000	44.720472	33769377.139796
11.000000	57.000000	0.300000	44.720472	33751325.704430
11.000000	57.000000	0.400000	44.720472	33740973.870976
11.000000	57.000000	0.500000	44.720472	33734232.775158
11.000000	57.000000	0.600000	44.720472	33729514.877943
11.000000	57.000000	0.700000	44.720472	33726028.541887
11.000000	57.000000	0.800000	45.420542	33723456.957463
11.000000	57.000000	0.900000	45.420542	33721761.121211
11.000000	57.000000	1.000000	45.420542	33720390.938039
11.000000	58.000000	0.000000	44.568457	34374125.411264
11.000000	58.000000	0.100000	44.584458	33804578.511526
11.000000	58.000000	0.200000	45.424542	33758039.020773
11.000000	58.000000	0.300000	45.424542	33747513.392494
11.000000	58.000000	0.400000	45.424542	33741577.651638
11.000000	58.000000	0.500000	45.424542	33737513.281317
11.000000	58.000000	0.600000	45.424542	33734437.389753
11.000000	58.000000	0.700000	45.424542	33731969.299366
11.000000	58.000000	0.800000	45.424542	33729913.926723
11.000000	58.000000	0.900000	45.424542	33728158.918670
11.000000	58.000000	1.000000	45.424542	33726634.108752
11.000000	59.000000	0.000000	45.396540	34390517.679785
11.000000	59.000000	0.100000	45.432543	33789337.971630
11.000000	59.000000	0.200000	45.428543	33755176.366730
11.000000	59.000000	0.300000	45.428543	33745143.868068
11.000000	59.000000	0.400000	45.424542	33738586.242641
11.000000	59.000000	0.500000	45.424542	33734598.278250
11.000000	59.000000	0.600000	45.424542	33731389.193721
11.000000	59.000000	0.700000	45.424542	33728771.950061
11.000000	59.000000	0.800000	45.424542	33726612.781776
11.000000	59.000000	0.900000	45.424542	33724812.364823
11.000000	59.000000	1.000000	45.424542	33723296.329911
11.000000	60.000000	0.000000	45.332533	34482604.471231
11.000000	60.000000	0.100000	45.432543	33836301.927204
11.000000	60.000000	0.200000	45.432543	33777248.847736
11.000000	60.000000	0.300000	45.432543	33751924.173261
11.000000	60.000000	0.400000	45.432543	33737509.021589
11.000000	60.000000	0.500000	45.432543	33728441.154415
11.000000	60.000000	0.600000	45.432543	33722342.759015
11.000000	60.000000	0.700000	45.428543	33719306.762546
11.000000	60.000000	0.800000	45.428543	33717831.893105
11.000000	60.000000	0.900000	45.428543	33716656.594340
11.000000	60.000000	1.000000	45.424542	33715914.735379
11.000000	61.000000	0.000000	44.676468	34401774.826864
11.000000	61.000000	0.100000	45.424542	33805739.316658
11.000000	61.000000	0.200000	45.424542	33764457.089839
11.000000	61.000000	0.300000	45.424542	33747330.929005
11.000000	61.000000	0.400000	45.424542	33738107.754075
11.000000	61.000000	0.500000	45.424542	33732672.316559
11.000000	61.000000	0.600000	45.424542	33729296.909818
11.000000	61.000000	0.700000	45.424542	33727108.634686
11.000000	61.000000	0.800000	45.424542	33725626.803902
11.000000	61.000000	0.900000	45.424542	33724574.391701
11.000000	61.000000	1.000000	45.424542	33723787.503603
11.000000	62.000000	0.000000	45.428543	34388540.423056
11.000000	62.000000	0.100000	45.280528	33822368.809255
11.000000	62.000000	0.200000	45.280528	33773582.451308
11.000000	62.000000	0.300000	45.428543	33757929.928202
11.000000	62.000000	0.400000	45.428543	33749856.684992
11.000000	62.000000	0.500000	45.428543	33744095.268306
11.000000	62.000000	0.600000	45.428543	33739631.903173
11.000000	62.000000	0.700000	45.428543	33736058.373771
11.000000	62.000000	0.800000	45.428543	33733148.588588
11.000000	62.000000	0.900000	45.428543	33730751.539690
11.000000	62.000000	1.000000	45.428543	33728757.437165
11.000000	63.000000	0.000000	44.332433	34357957.068947
11.000000	63.000000	0.100000	44.584458	33827079.397276
11.000000	63.000000	0.200000	44.584458	33784785.920838
11.000000	63.000000	0.300000	44.584458	33768355.915797
11.000000	63.000000	0.400000	44.584458	33758406.700380
11.000000	63.000000	0.500000	44.584458	33751152.306558
11.000000	63.000000	0.600000	44.584458	33745468.605415
11.000000	63.000000	0.700000	44.584458	33740873.592811
11.000000	63.000000	0.800000	44.584458	33737086.093918
11.000000	63.000000	0.900000	44.584458	33733913.705298
11.000000	63.000000	1.000000	44.584458	33731216.820529
11.000000	64.000000	0.000000	45.340534	34425825.700623
11.000000	64.000000	0.100000	45.428543	33807420.944363
11.000000	64.000000	0.200000	45.428543	33767954.243069
11.000000	64.000000	0.300000	45.428543	33750272.613885
11.000000	64.000000	0.400000	45.428543	33740055.902463
11.000000	64.000000	0.500000	45.428543	33733456.933377
11.000000	64.000000	0.600000	45.428543	33728927.612354
11.000000	64.000000	0.700000	45.400540	33725961.916095
11.000000	64.000000	0.800000	45.400540	33724512.121545
11.000000	64.000000	0.900000	45.400540	33723315.601270
11.000000	64.000000	1.000000	45.400540	33722309.736501
11.000000	65.000000	0.000000	45.656566	34359276.649424
11.000000	65.000000	0.100000	44.588459	33820823.007281
11.000000	65.000000	0.200000	44.588459	33786467.383386
11.000000	65.000000	0.300000	44.588459	33769216.744350
11.000000	65.000000	0.400000	44.588459	33757698.083502
11.000000	65.000000	0.500000	44.588459	33749409.366498
11.000000	65.000000	0.600000	45.432543	33743531.137444
11.000000	65.000000	0.700000	45.432543	33739276.907127
11.000000	65.000000	0.800000	45.432543	33735888.360873
11.000000	65.000000	0.900000	45.432543	33733140.806044
11.000000	65.000000	1.000000	45.432543	33730877.220402
12.000000	55.000000	0.000000	45.416542	34561278.636016
12.000000	55.000000	0.100000	45.412541	33840582.915929
12.000000	55.000000	0.200000	45.428543	33798509.292508
12.000000	55.000000	0.300000	45.428543	33780316.393807
12.000000	55.000000	0.400000	45.428543	33768543.637617
12.000000	55.000000	0.500000	45.428543	33760020.207301
12.000000	55.000000	0.600000	45.428543	33753519.841556
12.000000	55.000000	0.700000	45.428543	33748394.233680
12.000000	55.000000	0.800000	45.428543	33744248.538002
12.000000	55.000000	0.900000	45.428543	33740825.144535
12.000000	55.000000	1.000000	45.428543	33737948.606760
12.000000	56.000000	0.000000	45.400540	34502628.424015
12.000000	56.000000	0.100000	45.396540	33810010.312121
12.000000	56.000000	0.200000	45.396540	33762973.605300
12.000000	56.000000	0.300000	44.588459	33747118.176401
12.000000	56.000000	0.400000	44.588459	33738973.911880
12.000000	56.000000	0.500000	44.588459	33733523.221701
12.000000	56.000000	0.600000	44.588459	33729520.238349
12.000000	56.000000	0.700000	44.588459	33726421.989282
12.000000	56.000000	0.800000	44.588459	33723943.002466
12.000000	56.000000	0.900000	44.588459	33721912.464509
12.000000	56.000000	1.000000	44.588459	33720218.862419
12.000000	57.000000	0.000000	44.840484	34591014.748258
12.000000	57.000000	0.100000	44.720472	33834313.693168
12.000000	57.000000	0.200000	44.720472	33780106.172117
12.000000	57.000000	0.300000	44.720472	33759163.821771
12.000000	57.000000	0.400000	44.720472	33747245.974225
12.000000	57.000000	0.500000	44.720472	33739517.088191
12.000000	57.000000	0.600000	44.720472	33734120.315407
12.000000	57.000000	0.700000	44.720472	33730138.485315
12.000000	57.000000	0.800000	44.720472	33727066.523288
12.000000	57.000000	0.900000	44.720472	33724608.683299
12.000000	57.000000	1.000000	44.720472	33722583.504707
12.000000	58.000000	0.000000	44.568457	34496254.406516
12.000000	58.000000	0.100000	44.584458	33822157.574532
12.000000	58.000000	0.200000	45.424542	33766469.616879
12.000000	58.000000	0.300000	45.424542	33753737.237908
12.000000	58.000000	0.400000	45.424542	33746636.945931
12.000000	58.000000	0.500000	45.424542	33741828.124084
12.000000	58.000000	0.600000	45.424542	33738222.630198
12.000000	58.000000	0.700000	45.424542	33735351.613571
12.000000	58.000000	0.800000	45.424542	33732975.472876
12.000000	58.000000	0.900000	45.424542	33730956.761570
12.000000	58.000000	1.000000	45.424542	33729210.006754
12.000000	59.000000	0.000000	45.396540	34513045.053991
12.000000	59.000000	0.100000	45.432543	33804645.870172
12.000000	59.000000	0.200000	45.428543	33763495.647037
12.000000	59.000000	0.300000	45.428543	33751301.227655
12.000000	59.000000	0.400000	45.424542	33743373.590687
12.000000	59.000000	0.500000	45.424542	33738648.120769
12.000000	59.000000	0.600000	45.424542	33734897.325473
12.000000	59.000000	0.700000	45.424542	33731863.596191
12.000000	59.000000	0.800000	45.424542	33729374.223891
12.000000	59.000000	0.900000	45.424542	33727305.975611
12.000000	59.000000	1.000000	45.424542	33725568.793534
12.000000	60.000000	0.000000	45.332533	34614078.103742
12.000000	60.000000	0.100000	45.432543	33855879.276257
12.000000	60.000000	0.200000	45.432543	33787710.624510
12.000000	60.000000	0.300000	45.432543	33758833.831518
12.000000	60.000000	0.400000	45.432543	33742483.273207
12.000000	60.000000	0.500000	45.432543	33732216.091168
12.000000	60.000000	0.600000	45.432543	33725313.320381
12.000000	60.000000	0.700000	45.428543	33721686.862581
12.000000	60.000000	0.800000	45.428543	33719943.998116
12.000000	60.000000	0.900000	45.428543	33718557.696954
12.000000	60.000000	1.000000	45.424542	33717516.144999
12.000000	61.000000	0.000000	44.676468	34527220.341249
12.000000	61.000000	0.100000	45.424542	33822253.413833
12.000000	61.000000	0.200000	45.424542	33773471.146796
12.000000	61.000000	0.300000	45.424542	33753538.186870
12.000000	61.000000	0.400000	45.424542	33742851.603191
12.000000	61.000000	0.500000	45.424542	33736547.071690
12.000000	61.000000	0.600000	45.424542	33732614.833989
12.000000	61.000000	0.700000	45.424542	33730049.070381
12.000000	61.000000	0.800000	45.424542	33728298.611727
12.000000	61.000000	0.900000	45.424542	33727046.368638
12.000000	61.000000	1.000000	45.424542	33726104.619455
12.000000	62.000000	0.000000	45.072507	34512945.170040
12.000000	62.000000	0.100000	45.280528	33841527.999683
12.000000	62.000000	0.200000	45.280528	33784559.407782
12.000000	62.000000	0.300000	45.428543	33765249.656919
12.000000	62.000000	0.400000	45.428543	33755817.544208
12.000000	62.000000	0.500000	45.428543	33749157.399068
12.000000	62.000000	0.600000	45.428543	33744038.297669
12.000000	62.000000	0.700000	45.428543	33739961.347585
12.000000	62.000000	0.800000	45.428543	33736653.120498
12.000000	62.000000	0.900000	45.428543	33733934.001013
12.000000	62.000000	1.000000	45.428543	33731675.290640
12.000000	63.000000	0.000000	44.332433	34479669.803916
12.000000	63.000000	0.100000	44.584458	33846703.995365
12.000000	63.000000	0.200000	44.584458	33796818.546929
12.000000	63.000000	0.300000	44.584458	33777645.029688
12.000000	63.000000	0.400000	44.584458	33766166.401842
12.000000	63.000000	0.500000	44.584458	33757877.554372
12.000000	63.000000	0.600000	44.584458	33751427.177325
12.000000	63.000000	0.700000	44.584458	33746235.881930
12.000000	63.000000	0.800000	44.584458	33741970.148978
12.000000	63.000000	0.900000	44.584458	33738405.204342
12.000000	63.000000	1.000000	44.584458	33735379.822430
12.000000	64.000000	0.000000	45.340534	34552061.400608
12.000000	64.000000	0.100000	45.428543	33824236.842249
12.000000	64.000000	0.200000	45.428543	33777435.148513
12.000000	64.000000	0.300000	45.428543	33756896.223113
12.000000	64.000000	0.400000	45.428543	33745125.781443
12.000000	64.000000	0.500000	45.428543	33737551.942775
12.000000	64.000000	0.600000	45.428543	33732360.889493
12.000000	64.000000	0.700000	45.400540	33729108.865748
12.000000	64.000000	0.800000	45.400540	33727393.355714
12.000000	64.000000	0.900000	45.400540	33725983.903816
12.000000	64.000000	1.000000	45.400540	33724803.270994
12.000000	65.000000	0.000000	45.656566	34481104.935603
12.000000	65.000000	0.100000	44.588459	33839190.684614
12.000000	65.000000	0.200000	44.588459	33797964.711675
12.000000	65.000000	0.300000	44.588459	33777895.957343
12.000000	65.000000	0.400000	44.588459	33764705.207204
12.000000	65.000000	0.500000	44.588459	33755288.007168
12.000000	65.000000	0.600000	45.432543	33748427.915031
12.000000	65.000000	0.700000	45.432543	33743608.382127
12.000000	65.000000	0.800000	45.432543	33739777.870230
12.000000	65.000000	0.900000	45.432543	33736676.380635
12.000000	65.000000	1.000000	45.432543	33734123.688675
13.000000	55.000000	0.000000	45.416542	34698180.510363
13.000000	55.000000	0.100000	45.412541	33860691.557148
13.000000	55.000000	0.200000	45.428543	33810371.313690
13.000000	55.000000	0.300000	45.428543	33789308.308390
13.000000	55.000000	0.400000	45.428543	33775877.472645
13.000000	55.000000	0.500000	45.428543	33766237.546181
13.000000	55.000000	0.600000	45.428543	33758924.676126
13.000000	55.000000	0.700000	45.428543	33753178.500311
13.000000	55.000000	0.800000	45.428543	33748542.254302
13.000000	55.000000	0.900000	45.428543	33744720.741195
13.000000	55.000000	1.000000	45.428543	33741514.222274
13.000000	56.000000	0.000000	45.400540	34634246.797360
13.000000	56.000000	0.100000	45.396540	33827078.419075
13.000000	56.000000	0.200000	45.396540	33772062.616937
13.000000	56.000000	0.300000	44.588459	33753649.198823
13.000000	56.000000	0.400000	44.588459	33744149.229064
13.000000	56.000000	0.500000	44.588459	33737838.104427
13.000000	56.000000	0.600000	44.588459	33733230.731977
13.000000	56.000000	0.700000	44.588459	33729680.861551
13.000000	56.000000	0.800000	44.588459	33726850.216821
13.000000	56.000000	0.900000	44.588459	33724537.630528
13.000000	56.000000	1.000000	44.588459	33722612.625278
13.000000	57.000000	0.000000	44.840484	34731880.622582
13.000000	57.000000	0.100000	44.720472	33854244.325803
13.000000	57.000000	0.200000	44.720472	33791460.141593
13.000000	57.000000	0.300000	44.720472	33767418.563700
13.000000	57.000000	0.400000	44.720472	33753830.545675
13.000000	57.000000	0.500000	44.720472	33745051.375538
13.000000	57.000000	0.600000	44.720472	33738934.064547
13.000000	57.000000	0.700000	44.720472	33734426.981353
13.000000	57.000000	0.800000	44.720472	33730953.946822
13.000000	57.000000	0.900000	44.720472	33728178.450004
13.000000	57.000000	1.000000	44.720472	33725894.236889
13.000000	58.000000	0.000000	44.568457	34628382.401769
13.000000	58.000000	0.100000	44.584458	33840986.093116
13.000000	58.000000	0.200000	45.424542	33775525.150142
13.000000	58.000000	0.300000	45.424542	33760377.707914
13.000000	58.000000	0.400000	45.424542	33752008.708431
13.000000	58.000000	0.500000	45.424542	33746392.941171
13.000000	58.000000	0.600000	45.424542	33742216.182328
13.000000	58.000000	0.700000	45.424542	33738912.480396
13.000000	58.000000	0.800000	45.424542	33736193.252317
13.000000	58.000000	0.900000	45.424542	33733893.478248
13.000000	58.000000	1.000000	45.424542	33731910.890896
13.000000	59.000000	0.000000	45.396540	34645571.428197
13.000000	59.000000	0.100000	45.432543	33821203.224293
13.000000	59.000000	0.200000	45.428543	33772439.864503
13.000000	59.000000	0.300000	45.428543	33757875.211837
13.000000	59.000000	0.400000	45.424542	33748473.406943
13.000000	59.000000	0.500000	45.424542	33742947.937613
13.000000	59.000000	0.600000	45.424542	33738613.768916
13.000000	59.000000	0.700000	45.424542	33735133.794948
13.000000	59.000000	0.800000	45.424542	33732291.899303
13.000000	59.000000	0.900000	45.424542	33729938.460185
13.000000	59.000000	1.000000	45.424542	33727966.243308
13.000000	60.000000	0.000000	45.332533	34755550.736253
13.000000	60.000000	0.100000	45.432543	33876706.080890
13.000000	60.000000	0.200000	45.432543	33798797.338446
13.000000	60.000000	0.300000	45.432543	33766160.114373
13.000000	60.000000	0.400000	45.432543	33747769.993040
13.000000	60.000000	0.500000	45.432543	33736241.002250
13.000000	60.000000	0.600000	45.432543	33728492.193443
13.000000	60.000000	0.700000	45.396540	33724251.128042
13.000000	60.000000	0.800000	45.428543	33722212.336429
13.000000	60.000000	0.900000	45.428543	33720597.673361
13.000000	60.000000	1.000000	45.428543	33719273.549831
13.000000	61.000000	0.000000	44.676468	34662664.855634
13.000000	61.000000	0.100000	45.424542	33840016.966587
13.000000	61.000000	0.200000	45.424542	33783110.140916
13.000000	61.000000	0.300000	45.424542	33760162.069335
13.000000	61.000000	0.400000	45.424542	33747907.920522
13.000000	61.000000	0.500000	45.424542	33740671.801152
13.000000	61.000000	0.600000	45.424542	33736141.069857
13.000000	61.000000	0.700000	45.424542	33733168.058711
13.000000	61.000000	0.800000	45.424542	33731126.652857
13.000000	61.000000	0.900000	45.424542	33729657.219372
13.000000	61.000000	1.000000	45.424542	33728546.721472
13.000000	62.000000	0.000000	45.072507	34648425.065834
13.000000	62.000000	0.100000	45.280528	33861936.645691
13.000000	62.000000	0.200000	45.280528	33796161.301419
13.000000	62.000000	0.300000	45.428543	33772986.010235
13.000000	62.000000	0.400000	45.428543	33762090.871640
13.000000	62.000000	0.500000	45.428543	33754469.504163
13.000000	62.000000	0.600000	45.428543	33748653.003864
13.000000	62.000000	0.700000	45.428543	33744042.874037
13.000000	62.000000	0.800000	45.428543	33740313.885716
13.000000	62.000000	0.900000	45.428543	33737255.336136
13.000000	62.000000	1.000000	45.428543	33734718.130282
13.000000	63.000000	0.000000	44.332433	34611381.538885
13.000000	63.000000	0.100000	44.584458	33867578.049035
13.000000	63.000000	0.200000	44.584458	33809476.110183
13.000000	63.000000	0.300000	44.584458	33787350.768178
13.000000	63.000000	0.400000	44.584458	33774238.571520
13.000000	63.000000	0.500000	44.584458	33764852.776519
13.000000	63.000000	0.600000	44.584458	33757594.060935
13.000000	63.000000	0.700000	44.584458	33751776.723688
13.000000	63.000000	0.800000	44.584458	33747010.437345
13.000000	63.000000	0.900000	44.584458	33743035.577185
13.000000	63.000000	1.000000	44.584458	33739667.810498
13.000000	64.000000	0.000000	45.340534	34688296.100593
13.000000	64.000000	0.100000	45.428543	33842302.195714
13.000000	64.000000	0.200000	45.428543	33787540.991119
13.000000	64.000000	0.300000	45.428543	33763936.456941
13.000000	64.000000	0.400000	45.428543	33750508.128638
13.000000	64.000000	0.500000	45.428543	33741896.926504
13.000000	64.000000	0.600000	45.428543	33736002.478330
13.000000	64.000000	0.700000	45.400540	33732434.368038
13.000000	64.000000	0.800000	45.400540	33730430.823189
13.000000	64.000000	0.900000	45.400540	33728791.080160
13.000000	64.000000	1.000000	45.400540	33727421.791651
13.000000	65.000000	0.000000	45.656566	34612932.221782
13.000000	65.000000	0.100000	44.588459	33858807.817527
13.000000	65.000000	0.200000	44.588459	33810086.977124
13.000000	65.000000	0.300000	44.588459	33786991.794934
13.000000	65.000000	0.400000	44.588459	33772024.799119
13.000000	65.000000	0.500000	44.588459	33761416.622167
13.000000	65.000000	0.600000	45.432543	33753533.004313
13.000000	65.000000	0.700000	45.432543	33748118.409759
13.000000	65.000000	0.800000	45.432543	33743823.612889
13.000000	65.000000	0.900000	45.432543	33740350.829018
13.000000	65.000000	1.000000	45.432543	33737495.143106
14.000000	55.000000	0.000000	45.416542	34845081.384710
14.000000	55.000000	0.100000	45.412541	33882049.653940
14.000000	55.000000	0.200000	45.428543	33822858.272020
14.000000	55.000000	0.300000	45.428543	33798716.847551
14.000000	55.000000	0.400000	45.428543	33783523.775861
14.000000	55.000000	0.500000	45.428543	33772704.859357
14.000000	55.000000	0.600000	45.428543	33764537.822353
14.000000	55.000000	0.700000	45.428543	33758141.319528
14.000000	55.000000	0.800000	45.428543	33752992.203853
14.000000	55.000000	0.900000	45.428543	33748755.211589
14.000000	55.000000	1.000000	45.428543	33745204.823883
14.000000	56.000000	0.000000	45.400540	34775864.170704
14.000000	56.000000	0.100000	45.396540	33845395.981604
14.000000	56.000000	0.200000	45.396540	33781776.565726
14.000000	56.000000	0.300000	44.588459	33760596.845828
14.000000	56.000000	0.400000	44.588459	33749637.014444
14.000000	56.000000	0.500000	44.588459	33742402.961459
14.000000	56.000000	0.600000	44.588459	33737149.537273
14.000000	56.000000	0.700000	44.588459	33733118.286419
14.000000	56.000000	0.800000	44.588459	33729913.664440
14.000000	56.000000	0.900000	44.588459	33727301.670298
14.000000	56.000000	1.000000	44.588459	33725131.374250
14.000000	57.000000	0.000000	44.840484	34882745.496906
14.000000	57.000000	0.100000	44.720472	33875424.414015
14.000000	57.000000	0.200000	44.720472	33803439.048225
14.000000	57.000000	0.300000	44.720472	33776089.930218
14.000000	57.000000	0.400000	44.720472	33760727.585327
14.000000	57.000000	0.500000	44.720472	33750835.637199
14.000000	57.000000	0.600000	44.720472	33743956.125364
14.000000	57.000000	0.700000	44.720472	33738894.030002
14.000000	57.000000	0.800000	44.720472	33734997.603633
14.000000	57.000000	0.900000	44.720472	33731887.090475
14.000000	57.000000	1.000000	44.720472	33729329.955198
14.000000	58.000000	0.000000	44.568457	34770509.397022
14.000000	58.000000	0.100000	44.584458	33861064.067278
14.000000	58.000000	0.200000	45.424542	33785205.620564
14.000000	58.000000	0.300000	45.424542	33767434.802513
14.000000	58.000000	0.400000	45.424542	33757692.939137
14.000000	58.000000	0.500000	45.424542	33751207.732579
14.000000	58.000000	0.600000	45.424542	33746418.046143
14.000000	58.000000	0.700000	45.424542	33742651.899842
14.000000	58.000000	0.800000	45.424542	33739567.265045
14.000000	58.000000	0.900000	45.424542	33736969.068702
14.000000	58.000000	1.000000	45.424542	33734736.761179
14.000000	59.000000	0.000000	45.396540	34788096.802403
14.000000	59.000000	0.100000	45.280528	33839428.297452
14.000000	59.000000	0.200000	45.428543	33782009.019130
14.000000	59.000000	0.300000	45.428543	33764865.820614
14.000000	59.000000	0.400000	45.424542	33753885.691410
14.000000	59.000000	0.500000	45.424542	33747497.728783
14.000000	59.000000	0.600000	45.424542	33742538.524050
14.000000	59.000000	0.700000	45.424542	33738582.546332
14.000000	59.000000	0.800000	45.424542	33735365.808010
14.000000	59.000000	0.900000	45.424542	33732709.818544
14.000000	59.000000	1.000000	45.424542	33730488.679233
14.000000	60.000000	0.000000	45.332533	34907022.368764
14.000000	60.000000	0.100000	45.432543	33898782.341102
14.000000	60.000000	0.200000	45.432543	33810508.989543
14.000000	60.000000	0.300000	45.432543	33773903.021825
14.000000	60.000000	0.400000	45.432543	33753369.181085
14.000000	60.000000	0.500000	45.432543	33740515.887662
14.000000	60.000000	0.600000	45.280528	33732554.580947
14.000000	60.000000	0.700000	45.280528	33727433.869476
14.000000	60.000000	0.800000	45.428543	33724636.908044
14.000000	60.000000	0.900000	45.428543	33722776.523561
14.000000	60.000000	1.000000	44.588459	33721433.200300
14.000000	61.000000	0.000000	44.676468	34808108.370019
14.000000	61.000000	0.100000	45.424542	33859029.974921
14.000000	61.000000	0.200000	45.424542	33793374.072198
14.000000	61.000000	0.300000	45.424542	33767202.576398
14.000000	61.000000	0.400000	45.424542	33753276.706068
14.000000	61.000000	0.500000	45.424542	33745046.504946
14.000000	61.000000	0.600000	45.424542	33739875.617424
14.000000	61.000000	0.700000	45.424542	33736465.599678
14.000000	61.000000	0.800000	45.424542	33734110.927294
14.000000	61.000000	0.900000	45.424542	33732406.943903
14.000000	61.000000	1.000000	45.424542	33731113.809652
14.000000	62.000000	0.000000	45.072507	34793903.961627
14.000000	62.000000	0.100000	45.280528	33883594.747280
14.000000	62.000000	0.200000	45.280528	33808388.132219
14.000000	62.000000	0.300000	45.428543	33781138.988152
14.000000	62.000000	0.400000	45.428543	33768676.667288
14.000000	62.000000	0.500000	45.428543	33760031.583592
14.000000	62.000000	0.600000	45.428543	33753476.021759
14.000000	62.000000	0.700000	45.428543	33748302.953127
14.000000	62.000000	0.800000	45.428543	33744130.884241
14.000000	62.000000	0.900000	45.428543	33740715.545059
14.000000	62.000000	1.000000	45.428543	33737885.956089
14.000000	63.000000	0.000000	44.332433	34753092.273854
14.000000	63.000000	0.100000	44.584458	33889701.558286
14.000000	63.000000	0.200000	44.584458	33822758.610599
14.000000	63.000000	0.300000	44.584458	33797473.131269
14.000000	63.000000	0.400000	44.584458	33782623.209414
14.000000	63.000000	0.500000	44.584458	33772077.972999
14.000000	63.000000	0.600000	44.584458	33763969.256244
14.000000	63.000000	0.700000	44.584458	33757496.118083
14.000000	63.000000	0.800000	44.584458	33752206.959021
14.000000	63.000000	0.900000	44.584458	33747804.823828
14.000000	63.000000	1.000000	44.584458	33744080.784731
14.000000	64.000000	0.000000	45.340534	34834529.800577
14.000000	64.000000	0.100000	45.428543	33861617.004760
14.000000	64.000000	0.200000	45.428543	33798271.770888
14.000000	64.000000	0.300000	45.428543	33771393.315368
14.000000	64.000000	0.400000	45.428543	33756202.944049
14.000000	64.000000	0.500000	45.428543	33746491.884565
14.000000	64.000000	0.600000	45.428543	33739852.378866
14.000000	64.000000	0.700000	45.400540	33735938.422963
14.000000	64.000000	0.800000	45.400540	33733624.523969
14.000000	64.000000	0.900000	45.400540	33731737.130301
14.000000	64.000000	1.000000	45.400540	33730165.298471
14.000000	65.000000	0.000000	45.656566	34754758.507960
14.000000	65.000000	0.100000	44.588459	33879674.406019
14.000000	65.000000	0.200000	44.588459	33822834.179735
14.000000	65.000000	0.300000	44.588459	33796504.257122
14.000000	65.000000	0.400000	44.588459	33779656.859248
14.000000	65.000000	0.500000	44.588459	33767795.211495
14.000000	65.000000	0.600000	44.588459	33759001.385914
14.000000	65.000000	0.700000	45.432543	33752806.990024
14.000000	65.000000	0.800000	45.432543	33748025.588849
14.000000	65.000000	0.900000	45.432543	33744164.151194
14.000000	65.000000	1.000000	45.432543	33740991.583695
15.000000	55.000000	0.000000	45.416542	35001981.259058
15.000000	55.000000	0.100000	45.412541	33904657.206304
15.000000	55.000000	0.200000	45.428543	33835970.167498
15.000000	55.000000	0.300000	45.428543	33808542.011290
15.000000	55.000000	0.400000	45.428543	33791482.547264
15.000000	55.000000	0.500000	45.428543	33779422.146831
15.000000	55.000000	0.600000	45.428543	33770359.280235
15.000000	55.000000	0.700000	45.428543	33763282.691334
15.000000	55.000000	0.800000	45.428543	33757598.386653
15.000000	55.000000	0.900000	45.428543	33752928.555718
15.000000	55.000000	1.000000	45.428543	33749020.411585
15.000000	56.000000	0.000000	45.400540	34927480.544048
15.000000	56.000000	0.100000	45.396540	33864962.999707
15.000000	56.000000	0.200000	45.396540	33792115.451668
15.000000	56.000000	0.300000	44.588459	33767961.117417
15.000000	56.000000	0.400000	44.588459	33755437.268019
15.000000	56.000000	0.500000	44.588459	33747217.792798
15.000000	56.000000	0.600000	44.588459	33741276.654236
15.000000	56.000000	0.700000	44.588459	33736734.263887
15.000000	56.000000	0.800000	44.588459	33733133.345324
15.000000	56.000000	0.900000	44.588459	33730204.583819
15.000000	56.000000	1.000000	44.588459	33727775.109334
15.000000	57.000000	0.000000	44.840484	35043609.371230
15.000000	57.000000	0.100000	44.720472	33897853.957803
15.000000	57.000000	0.200000	44.720472	33816042.892011
15.000000	57.000000	0.300000	44.720472	33785177.921324
15.000000	57.000000	0.400000	44.720472	33767937.093179
15.000000	57.000000	0.500000	44.720472	33756869.873175
15.000000	57.000000	0.600000	44.720472	33749186.497857
15.000000	57.000000	0.700000	44.720472	33743539.631262
15.000000	57.000000	0.800000	44.720472	33739197.493722
15.000000	57.000000	0.900000	44.720472	33735734.604711
15.000000	57.000000	1.000000	44.720472	33732890.659635
15.000000	58.000000	0.000000	44.568457	34922635.392274
15.000000	58.000000	0.100000	44.584458	33882391.497018
15.000000	58.000000	0.200000	44.584458	33795670.244241
15.000000	58.000000	0.300000	45.424542	33774908.521703
15.000000	58.000000	0.400000	45.424542	33763689.638050
15.000000	58.000000	0.500000	45.424542	33756272.498307
15.000000	58.000000	0.600000	45.424542	33750828.221642
15.000000	58.000000	0.700000	45.424542	33746569.871907
15.000000	58.000000	0.800000	45.424542	33743097.511061
15.000000	58.000000	0.900000	45.424542	33740183.532933
15.000000	58.000000	1.000000	45.424542	33737687.617604
15.000000	59.000000	0.000000	45.396540	34940621.176609
15.000000	59.000000	0.100000	45.280528	33859181.108194
15.000000	59.000000	0.200000	45.428543	33792203.110916
15.000000	59.000000	0.300000	45.428543	33772273.053986
15.000000	59.000000	0.400000	45.424542	33759610.444086
15.000000	59.000000	0.500000	45.424542	33752297.494279
15.000000	59.000000	0.600000	45.424542	33746671.590874
15.000000	59.000000	0.700000	45.424542	33742209.850343
15.000000	59.000000	0.800000	45.424542	33738595.950014
15.000000	59.000000	0.900000	45.424542	33735620.050690
15.000000	59.000000	1.000000	45.424542	33733136.101309
15.000000	60.000000	0.000000	45.332533	35068493.001275
15.000000	60.000000	0.100000	45.432543	33922108.056894
15.000000	60.000000	0.200000	45.432543	33822845.577801
15.000000	60.000000	0.300000	45.432543	33782062.553875
15.000000	60.000000	0.400000	45.432543	33759280.837345
15.000000	60.000000	0.500000	45.432543	33745040.747402
15.000000	60.000000	0.600000	45.280528	33736864.975668
15.000000	60.000000	0.700000	45.280528	33731155.306122
15.000000	60.000000	0.800000	45.428543	33727217.712961
15.000000	60.000000	0.900000	44.588459	33725098.792433
15.000000	60.000000	1.000000	44.588459	33723812.780450
15.000000	61.000000	0.000000	44.676468	34963550.884404
15.000000	61.000000	0.100000	45.424542	33879292.438836
15.000000	61.000000	0.200000	45.424542	33804262.940643
15.000000	61.000000	0.300000	45.424542	33774659.708061
15.000000	61.000000	0.400000	44.724472	33759230.470553
15.000000	61.000000	0.500000	44.724472	33750334.305861
15.000000	61.000000	0.600000	45.424542	33743818.476689
15.000000	61.000000	0.700000	45.424542	33739941.693280
15.000000	61.000000	0.800000	45.424542	33737251.435037
15.000000	61.000000	0.900000	45.424542	33735295.542231
15.000000	61.000000	1.000000	45.424542	33733805.883997
15.000000	62.000000	0.000000	45.072507	34949381.857421
15.000000	62.000000	0.100000	45.280528	33906502.304449
15.000000	62.000000	0.200000	45.280528	33821239.900182
15.000000	62.000000	0.300000	45.428543	33789708.590668
15.000000	62.000000	0.400000	45.428543	33775574.931154
15.000000	62.000000	0.500000	45.428543	33765843.637353
15.000000	62.000000	0.600000	45.428543	33758507.351353
15.000000	62.000000	0.700000	45.428543	33752741.584855
15.000000	62.000000	0.800000	45.428543	33748104.116075
15.000000	62.000000	0.900000	45.428543	33744314.627781
15.000000	62.000000	1.000000	45.428543	33741178.768064
15.000000	63.000000	0.000000	44.332433	34904802.008823
15.000000	63.000000	0.100000	44.584458	33913074.523116
15.000000	63.000000	0.200000	44.584458	33836666.048179
15.000000	63.000000	0.300000	44.584458	33808012.118959
15.000000	63.000000	0.400000	44.584458	33791320.315525
15.000000	63.000000	0.500000	44.584458	33779553.143813
15.000000	63.000000	0.600000	44.584458	33770552.763253
15.000000	63.000000	0.700000	44.584458	33763394.065115
15.000000	63.000000	0.800000	44.584458	33757559.714004
15.000000	63.000000	0.900000	44.584458	33752712.944270
15.000000	63.000000	1.000000	44.584458	33748618.745130
15.000000	64.000000	0.000000	45.340534	34990762.500562
15.000000	64.000000	0.100000	45.428543	33882181.269385
15.000000	64.000000	0.200000	45.428543	33809627.487818
15.000000	64.000000	0.300000	45.428543	33779266.798394
15.000000	64.000000	0.400000	45.428543	33762210.227675
15.000000	64.000000	0.500000	45.428543	33751336.816958
15.000000	64.000000	0.600000	45.428543	33743910.591099
15.000000	64.000000	0.700000	45.400540	33739621.030525
15.000000	64.000000	0.800000	45.400540	33736974.458056
15.000000	64.000000	0.900000	45.400540	33734822.054240
15.000000	64.000000	1.000000	45.400540	33733033.791455
15.000000	65.000000	0.000000	10.125013	34918261.584168
15.000000	65.000000	0.100000	44.588459	33901790.450091
15.000000	65.000000	0.200000	44.588459	33836206.319508
15.000000	65.000000	0.300000	44.588459	33806433.343908
15.000000	65.000000	0.400000	44.588459	33787601.387590
15.000000	65.000000	0.500000	44.588459	33774423.775152
15.000000	65.000000	0.600000	44.588459	33764689.349416
15.000000	65.000000	0.700000	45.432543	33757674.122921
15.000000	65.000000	0.800000	45.432543	33752383.798112
15.000000	65.000000	0.900000	45.432543	33748116.347162
15.000000	65.000000	1.000000	45.432543	33744613.010444
