5.000000	55.000000	0.000000	51.389139	449682.455583
5.000000	55.000000	0.100000	53.537354	345405.586794
5.000000	55.000000	0.200000	55.757576	338098.526668
5.000000	55.000000	0.300000	55.757576	335679.357120
5.000000	55.000000	0.400000	55.757576	334507.314079
5.000000	55.000000	0.500000	55.757576	333832.553355
5.000000	55.000000	0.600000	55.757576	333405.003569
5.000000	55.000000	0.700000	52.273227	333050.321524
5.000000	55.000000	0.800000	52.273227	332745.823575
5.000000	55.000000	0.900000	52.273227	332515.139502
5.000000	55.000000	1.000000	52.273227	332335.768935
5.000000	56.000000	0.000000	51.269127	450422.250044
5.000000	56.000000	0.100000	37.227723	345259.190160
5.000000	56.000000	0.200000	14.281428	337658.518824
5.000000	56.000000	0.300000	14.281428	335287.644488
5.000000	56.000000	0.400000	17.441744	334161.109114
5.000000	56.000000	0.500000	17.441744	333368.015562
5.000000	56.000000	0.600000	17.441744	332866.371918
5.000000	56.000000	0.700000	17.441744	332526.030244
5.000000	56.000000	0.800000	17.441744	332283.026031
5.000000	56.000000	0.900000	17.441744	332102.774092
5.000000	56.000000	1.000000	17.441744	331965.138093
5.000000	57.000000	0.000000	14.553455	449409.291308
5.000000	57.000000	0.100000	17.517752	344705.091036
5.000000	57.000000	0.200000	17.517752	337695.822038
5.000000	57.000000	0.300000	17.517752	335393.459616
5.000000	57.000000	0.400000	17.517752	334251.377774
5.000000	57.000000	0.500000	17.765777	333550.483967
5.000000	57.000000	0.600000	17.765777	333074.464248
5.000000	57.000000	0.700000	17.765777	332749.982689
5.000000	57.000000	0.800000	17.765777	332519.002449
5.000000	57.000000	0.900000	17.765777	332348.839413
5.000000	57.000000	1.000000	17.765777	332219.872122
5.000000	58.000000	0.000000	14.789479	451585.354882
5.000000	58.000000	0.100000	17.461746	344442.471174
5.000000	58.000000	0.200000	17.461746	337566.263147
5.000000	58.000000	0.300000	52.337234	335139.625693
5.000000	58.000000	0.400000	52.337234	333925.538471
5.000000	58.000000	0.500000	52.337234	333215.481937
5.000000	58.000000	0.600000	52.337234	332758.771772
5.000000	58.000000	0.700000	52.337234	332446.628869
5.000000	58.000000	0.800000	52.337234	332224.063067
5.000000	58.000000	0.900000	52.337234	332060.302981
5.000000	58.000000	1.000000	52.337234	331936.837065
5.000000	59.000000	0.000000	17.441744	447667.921077
5.000000	59.000000	0.100000	55.681568	343666.717763
5.000000	59.000000	0.200000	55.681568	336266.247932
5.000000	59.000000	0.300000	55.681568	334301.132424
5.000000	59.000000	0.400000	55.681568	333499.100672
5.000000	59.000000	0.500000	55.681568	333088.066953
5.000000	59.000000	0.600000	55.629563	332833.849174
5.000000	59.000000	0.700000	55.645565	332614.034550
5.000000	59.000000	0.800000	55.645565	332435.172282
5.000000	59.000000	0.900000	55.645565	332301.957055
5.000000	59.000000	1.000000	55.645565	332200.052092
5.000000	60.000000	0.000000	2.264226	445177.695094
5.000000	60.000000	0.100000	10.481048	340120.675863
5.000000	60.000000	0.200000	10.481048	334651.803614
5.000000	60.000000	0.300000	11.481148	333713.798250
5.000000	60.000000	0.400000	11.581158	333262.627255
5.000000	60.000000	0.500000	11.581158	333097.172560
5.000000	60.000000	0.600000	17.517752	332866.477982
5.000000	60.000000	0.700000	17.517752	332568.792552
5.000000	60.000000	0.800000	17.517752	332357.860741
5.000000	60.000000	0.900000	17.517752	332202.532031
5.000000	60.000000	1.000000	17.517752	332084.642658
5.000000	61.000000	0.000000	51.309131	450090.600156
5.000000	61.000000	0.100000	20.470047	345421.346189
5.000000	61.000000	0.200000	20.470047	338012.422694
5.000000	61.000000	0.300000	20.470047	335592.536394
5.000000	61.000000	0.400000	20.470047	334424.293146
5.000000	61.000000	0.500000	20.470047	333760.106289
5.000000	61.000000	0.600000	20.470047	333345.897683
5.000000	61.000000	0.700000	52.293229	333031.130548
5.000000	61.000000	0.800000	52.293229	332776.084164
5.000000	61.000000	0.900000	52.293229	332579.485677
5.000000	61.000000	1.000000	52.293229	332423.488603
5.000000	62.000000	0.000000	17.805781	451211.234988
5.000000	62.000000	0.100000	17.517752	345241.595807
5.000000	62.000000	0.200000	51.545155	337682.278268
5.000000	62.000000	0.300000	52.333233	335120.695945
5.000000	62.000000	0.400000	52.333233	333915.125780
5.000000	62.000000	0.500000	52.333233	333259.884940
5.000000	62.000000	0.600000	52.333233	332863.848331
5.000000	62.000000	0.700000	53.285329	332559.721081
5.000000	62.000000	0.800000	53.285329	332344.696770
5.000000	62.000000	0.900000	53.285329	332186.386451
5.000000	62.000000	1.000000	53.285329	332066.103953
5.000000	63.000000	0.000000	22.226223	449349.451313
5.000000	63.000000	0.100000	53.113311	345371.420530
5.000000	63.000000	0.200000	53.065307	337745.462756
5.000000	63.000000	0.300000	53.065307	335554.357014
5.000000	63.000000	0.400000	51.313131	334374.348565
5.000000	63.000000	0.500000	51.313131	333558.280693
5.000000	63.000000	0.600000	51.313131	333052.448736
5.000000	63.000000	0.700000	51.313131	332719.103487
5.000000	63.000000	0.800000	51.313131	332488.862341
5.000000	63.000000	0.900000	51.313131	332323.826546
5.000000	63.000000	1.000000	51.313131	332201.944354
5.000000	64.000000	0.000000	53.145315	444082.921577
5.000000	64.000000	0.100000	17.857786	344095.467990
5.000000	64.000000	0.200000	17.857786	337502.994713
5.000000	64.000000	0.300000	17.857786	335298.457148
5.000000	64.000000	0.400000	17.857786	334207.772037
5.000000	64.000000	0.500000	17.857786	333567.948048
5.000000	64.000000	0.600000	53.289329	333110.356274
5.000000	64.000000	0.700000	53.289329	332770.070324
5.000000	64.000000	0.800000	53.289329	332522.143767
5.000000	64.000000	0.900000	53.289329	332335.072455
5.000000	64.000000	1.000000	53.289329	332190.250518
5.000000	65.000000	0.000000	12.149215	444979.508433
5.000000	65.000000	0.100000	18.533853	343643.341496
5.000000	65.000000	0.200000	52.125213	337260.506343
5.000000	65.000000	0.300000	52.125213	335075.698662
5.000000	65.000000	0.400000	52.125213	334031.989664
5.000000	65.000000	0.500000	52.125213	333430.439180
5.000000	65.000000	0.600000	52.125213	333041.466559
5.000000	65.000000	0.700000	17.445745	332735.250131
5.000000	65.000000	0.800000	17.445745	332463.335633
5.000000	65.000000	0.900000	17.445745	332256.091655
5.000000	65.000000	1.000000	17.461746	332090.564422
6.000000	55.000000	0.000000	51.389139	503253.888484
6.000000	55.000000	0.100000	37.055706	351691.197639
6.000000	55.000000	0.200000	55.757576	341168.739088
6.000000	55.000000	0.300000	55.757576	337640.797920
6.000000	55.000000	0.400000	55.757576	335921.877098
6.000000	55.000000	0.500000	55.757576	334924.682558
6.000000	55.000000	0.600000	55.757576	334286.634893
6.000000	55.000000	0.700000	55.757576	333851.922615
6.000000	55.000000	0.800000	52.273227	333491.709622
6.000000	55.000000	0.900000	52.273227	333162.810188
6.000000	55.000000	1.000000	52.273227	332905.902586
6.000000	56.000000	0.000000	51.073107	504120.245600
6.000000	56.000000	0.100000	37.227723	351293.306825
6.000000	56.000000	0.200000	14.281428	340467.402682
6.000000	56.000000	0.300000	14.281428	336997.415773
6.000000	56.000000	0.400000	14.281428	335450.688335
6.000000	56.000000	0.500000	17.441744	334484.895710
6.000000	56.000000	0.600000	17.441744	333757.935420
6.000000	56.000000	0.700000	17.441744	333260.248210
6.000000	56.000000	0.800000	17.441744	332901.685149
6.000000	56.000000	0.900000	17.441744	332633.304280
6.000000	56.000000	1.000000	17.441744	332426.478165
6.000000	57.000000	0.000000	14.553455	502760.341495
6.000000	57.000000	0.100000	17.517752	351080.835885
6.000000	57.000000	0.200000	17.517752	340796.157824
6.000000	57.000000	0.300000	17.517752	337408.385217
6.000000	57.000000	0.400000	17.781778	335719.986823
6.000000	57.000000	0.500000	17.765777	334679.965729
6.000000	57.000000	0.600000	17.765777	333983.754155
6.000000	57.000000	0.700000	17.765777	333505.099087
6.000000	57.000000	0.800000	17.765777	333160.964799
6.000000	57.000000	0.900000	17.765777	332904.690619
6.000000	57.000000	1.000000	17.765777	332708.266957
6.000000	58.000000	0.000000	14.789479	505385.769987
6.000000	58.000000	0.100000	17.461746	350782.668750
6.000000	58.000000	0.200000	16.857686	340655.440999
6.000000	58.000000	0.300000	52.337234	337138.914153
6.000000	58.000000	0.400000	52.337234	335369.540329
6.000000	58.000000	0.500000	52.337234	334329.990831
6.000000	58.000000	0.600000	52.337234	333656.950725
6.000000	58.000000	0.700000	52.337234	333193.102048
6.000000	58.000000	0.800000	52.337234	332859.065088
6.000000	58.000000	0.900000	52.337234	332610.474452
6.000000	58.000000	1.000000	52.337234	332420.652446
6.000000	59.000000	0.000000	17.441744	500891.859409
6.000000	59.000000	0.100000	55.681568	349756.339115
6.000000	59.000000	0.200000	55.681568	339002.220060
6.000000	59.000000	0.300000	55.681568	336019.143757
6.000000	59.000000	0.400000	55.681568	334744.236499
6.000000	59.000000	0.500000	55.681568	334063.514383
6.000000	59.000000	0.600000	55.629563	333606.308970
6.000000	59.000000	0.700000	55.645565	333262.908662
6.000000	59.000000	0.800000	55.645565	332981.315946
6.000000	59.000000	0.900000	55.645565	332769.379144
6.000000	59.000000	1.000000	55.645565	332605.430284
6.000000	60.000000	0.000000	2.264226	495494.567207
6.000000	60.000000	0.100000	10.281028	343450.275876
6.000000	60.000000	0.200000	10.481048	335209.371030
6.000000	60.000000	0.300000	10.481048	333659.970501
6.000000	60.000000	0.400000	10.781078	333447.120094
6.000000	60.000000	0.500000	11.481148	333330.006774
6.000000	60.000000	0.600000	11.481148	333191.081255
6.000000	60.000000	0.700000	11.581158	333130.292640
6.000000	60.000000	0.800000	17.517752	332984.492707
6.000000	60.000000	0.900000	17.517752	332746.019728
6.000000	60.000000	1.000000	17.517752	332562.889578
6.000000	61.000000	0.000000	51.309131	503763.122538
6.000000	61.000000	0.100000	20.470047	351820.493153
6.000000	61.000000	0.200000	20.470047	341056.229705
6.000000	61.000000	0.300000	20.470047	337527.428456
6.000000	61.000000	0.400000	20.470047	335813.067407
6.000000	61.000000	0.500000	20.470047	334828.561528
6.000000	61.000000	0.600000	20.470047	334206.523299
6.000000	61.000000	0.700000	20.470047	333787.091425
6.000000	61.000000	0.800000	20.470047	333489.895860
6.000000	61.000000	0.900000	52.293229	333245.780046
6.000000	61.000000	1.000000	52.293229	333016.920657
6.000000	62.000000	0.000000	21.338134	505144.808845
6.000000	62.000000	0.100000	17.517752	351724.641621
6.000000	62.000000	0.200000	51.545155	340717.171177
6.000000	62.000000	0.300000	52.333233	337134.871512
6.000000	62.000000	0.400000	52.333233	335375.718164
6.000000	62.000000	0.500000	52.333233	334401.947505
6.000000	62.000000	0.600000	53.285329	333734.976175
6.000000	62.000000	0.700000	53.285329	333280.622110
6.000000	62.000000	0.800000	53.285329	332955.634948
6.000000	62.000000	0.900000	53.285329	332713.584040
6.000000	62.000000	1.000000	53.285329	332527.582142
6.000000	63.000000	0.000000	22.226223	502583.095467
6.000000	63.000000	0.100000	53.065307	351853.153751
6.000000	63.000000	0.200000	53.065307	340810.840084
6.000000	63.000000	0.300000	54.445445	337453.921753
6.000000	63.000000	0.400000	51.313131	335829.742804
6.000000	63.000000	0.500000	51.313131	334662.979707
6.000000	63.000000	0.600000	51.313131	333930.993459
6.000000	63.000000	0.700000	51.313131	333441.701974
6.000000	63.000000	0.800000	51.313131	333098.454610
6.000000	63.000000	0.900000	51.313131	332848.333131
6.000000	63.000000	1.000000	51.313131	332660.411600
6.000000	64.000000	0.000000	53.145315	496566.161245
6.000000	64.000000	0.100000	17.857786	350346.769829
6.000000	64.000000	0.200000	17.857786	340562.246644
6.000000	64.000000	0.300000	17.857786	337291.863876
6.000000	64.000000	0.400000	17.857786	335670.572591
6.000000	64.000000	0.500000	17.857786	334715.302154
6.000000	64.000000	0.600000	53.289329	334032.009130
6.000000	64.000000	0.700000	53.289329	333534.388802
6.000000	64.000000	0.800000	53.289329	333169.918945
6.000000	64.000000	0.900000	53.289329	332893.354844
6.000000	64.000000	1.000000	53.289329	332677.905619
6.000000	65.000000	0.000000	12.133213	497182.248147
6.000000	65.000000	0.100000	18.533853	349668.026085
6.000000	65.000000	0.200000	52.125213	340281.454054
6.000000	65.000000	0.300000	52.125213	337034.747146
6.000000	65.000000	0.400000	52.125213	335469.827195
6.000000	65.000000	0.500000	52.125213	334560.484962
6.000000	65.000000	0.600000	52.125213	333968.729914
6.000000	65.000000	0.700000	17.445745	333519.058057
6.000000	65.000000	0.800000	17.445745	333125.802667
6.000000	65.000000	0.900000	17.445745	332825.031365
6.000000	65.000000	1.000000	17.461746	332586.972390
7.000000	55.000000	0.000000	51.389139	566824.321384
7.000000	55.000000	0.100000	37.055706	359110.344224
7.000000	55.000000	0.200000	55.757576	344863.888656
7.000000	55.000000	0.300000	55.757576	340018.863297
7.000000	55.000000	0.400000	55.757576	337648.908304
7.000000	55.000000	0.500000	55.757576	336266.786057
7.000000	55.000000	0.600000	55.757576	335376.577873
7.000000	55.000000	0.700000	55.757576	334765.256806
7.000000	55.000000	0.800000	55.757576	334325.891724
7.000000	55.000000	0.900000	52.273227	333949.354608
7.000000	55.000000	1.000000	52.273227	333601.022330
7.000000	56.000000	0.000000	55.589559	567743.530235
7.000000	56.000000	0.100000	37.227723	358576.879064
7.000000	56.000000	0.200000	14.281428	343901.223693
7.000000	56.000000	0.300000	14.281428	339123.811642
7.000000	56.000000	0.400000	14.281428	336954.748937
7.000000	56.000000	0.500000	14.281428	335772.164326
7.000000	56.000000	0.600000	17.441744	334857.810590
7.000000	56.000000	0.700000	17.441744	334173.018776
7.000000	56.000000	0.800000	17.441744	333676.577531
7.000000	56.000000	0.900000	17.441744	333302.708219
7.000000	56.000000	1.000000	17.441744	333012.804349
7.000000	57.000000	0.000000	14.553455	566110.391682
7.000000	57.000000	0.100000	17.517752	358706.036310
7.000000	57.000000	0.200000	17.517752	344521.430765
7.000000	57.000000	0.300000	17.517752	339839.935406
7.000000	57.000000	0.400000	17.781778	337498.425198
7.000000	57.000000	0.500000	17.765777	336059.421806
7.000000	57.000000	0.600000	17.765777	335101.355739
7.000000	57.000000	0.700000	17.765777	334438.768095
7.000000	57.000000	0.800000	17.765777	333959.160425
7.000000	57.000000	0.900000	17.765777	333599.415589
7.000000	57.000000	1.000000	51.309131	333317.106978
7.000000	58.000000	0.000000	14.789479	569185.185091
7.000000	58.000000	0.100000	16.857686	358263.700925
7.000000	58.000000	0.200000	16.857686	344245.514211
7.000000	58.000000	0.300000	52.337234	339554.827206
7.000000	58.000000	0.400000	52.337234	337126.010394
7.000000	58.000000	0.500000	52.337234	335694.474046
7.000000	58.000000	0.600000	52.337234	334763.441363
7.000000	58.000000	0.700000	52.337234	334118.127847
7.000000	58.000000	0.800000	52.337234	333650.300397
7.000000	58.000000	0.900000	52.337234	333299.519701
7.000000	58.000000	1.000000	52.337234	333029.453967
7.000000	59.000000	0.000000	17.441744	564114.797741
7.000000	59.000000	0.100000	55.681568	357095.416045
7.000000	59.000000	0.200000	55.681568	342363.129349
7.000000	59.000000	0.300000	55.681568	338153.779686
7.000000	59.000000	0.400000	55.681568	336301.840538
7.000000	59.000000	0.500000	55.629563	335287.642962
7.000000	59.000000	0.600000	55.629563	334587.080457
7.000000	59.000000	0.700000	55.645565	334090.335400
7.000000	59.000000	0.800000	55.645565	333683.692906
7.000000	59.000000	0.900000	55.645565	333375.675018
7.000000	59.000000	1.000000	55.645565	333135.794626
7.000000	60.000000	0.000000	2.264226	555810.439320
7.000000	60.000000	0.100000	9.980998	347381.107054
7.000000	60.000000	0.200000	10.281028	336284.027352
7.000000	60.000000	0.300000	10.481048	333855.147684
7.000000	60.000000	0.400000	10.481048	333254.638267
7.000000	60.000000	0.500000	10.481048	333256.502330
7.000000	60.000000	0.600000	10.781078	333337.892429
7.000000	60.000000	0.700000	11.397140	333319.458993
7.000000	60.000000	0.800000	11.481148	333257.554315
7.000000	60.000000	0.900000	11.581158	333224.355849
7.000000	60.000000	1.000000	17.517752	333166.122657
7.000000	61.000000	0.000000	51.325133	567430.828823
7.000000	61.000000	0.100000	20.470047	359469.095697
7.000000	61.000000	0.200000	20.470047	344724.973879
7.000000	61.000000	0.300000	20.470047	339878.945117
7.000000	61.000000	0.400000	20.470047	337514.309884
7.000000	61.000000	0.500000	20.470047	336146.991099
7.000000	61.000000	0.600000	20.470047	335275.460614
7.000000	61.000000	0.700000	20.470047	334681.966710
7.000000	61.000000	0.800000	20.470047	334257.120896
7.000000	61.000000	0.900000	20.470047	333940.542737
7.000000	61.000000	1.000000	20.518052	333682.659910
7.000000	62.000000	0.000000	21.710171	568826.672733
7.000000	62.000000	0.100000	17.517752	359457.143017
7.000000	62.000000	0.200000	51.545155	344377.001249
7.000000	62.000000	0.300000	51.545155	339523.762773
7.000000	62.000000	0.400000	52.333233	337148.778764
7.000000	62.000000	0.500000	53.285329	335741.976494
7.000000	62.000000	0.600000	53.285329	334814.312237
7.000000	62.000000	0.700000	53.285329	334180.075777
7.000000	62.000000	0.800000	53.285329	333722.806434
7.000000	62.000000	0.900000	53.285329	333379.655428
7.000000	62.000000	1.000000	53.285329	333114.046498
7.000000	63.000000	0.000000	22.226223	565815.739621
7.000000	63.000000	0.100000	53.065307	359569.668314
7.000000	63.000000	0.200000	54.081408	344434.391822
7.000000	63.000000	0.300000	54.445445	339661.717584
7.000000	63.000000	0.400000	54.445445	337481.727145
7.000000	63.000000	0.500000	51.313131	336017.653054
7.000000	63.000000	0.600000	51.313131	335017.849881
7.000000	63.000000	0.700000	51.313131	334342.853099
7.000000	63.000000	0.800000	51.313131	333864.280186
7.000000	63.000000	0.900000	51.313131	333511.713514
7.000000	63.000000	1.000000	51.313131	333243.865012
7.000000	64.000000	0.000000	53.145315	559048.400914
7.000000	64.000000	0.100000	37.123712	357769.856122
7.000000	64.000000	0.200000	36.887689	344159.325017
7.000000	64.000000	0.300000	17.857786	339701.895204
7.000000	64.000000	0.400000	17.857786	337445.841362
7.000000	64.000000	0.500000	53.337334	336105.410686
7.000000	64.000000	0.600000	53.337334	335145.910543
7.000000	64.000000	0.700000	53.289329	334477.259917
7.000000	64.000000	0.800000	53.289329	333973.927428
7.000000	64.000000	0.900000	53.289329	333590.511030
7.000000	64.000000	1.000000	53.289329	333290.546884
7.000000	65.000000	0.000000	12.133213	559380.520118
7.000000	65.000000	0.100000	18.533853	356942.166254
7.000000	65.000000	0.200000	18.533853	343890.400236
7.000000	65.000000	0.300000	52.125213	339410.420226
7.000000	65.000000	0.400000	52.125213	337220.132940
7.000000	65.000000	0.500000	52.125213	335940.505074
7.000000	65.000000	0.600000	52.125213	335104.304965
7.000000	65.000000	0.700000	17.445745	334481.418614
7.000000	65.000000	0.800000	17.445745	333944.503003
7.000000	65.000000	0.900000	17.445745	333532.844869
7.000000	65.000000	1.000000	17.461746	333208.366516
8.000000	55.000000	0.000000	51.389139	640393.754285
8.000000	55.000000	0.100000	37.055706	367778.946383
8.000000	55.000000	0.200000	55.757576	349183.975372
8.000000	55.000000	0.300000	55.757576	342813.553252
8.000000	55.000000	0.400000	55.757576	339688.407698
8.000000	55.000000	0.500000	55.757576	337858.863854
8.000000	55.000000	0.600000	55.757576	336674.832509
8.000000	55.000000	0.700000	55.757576	335857.143584
8.000000	55.000000	0.800000	55.757576	335265.734714
8.000000	55.000000	0.900000	55.757576	334822.538445
8.000000	55.000000	1.000000	52.273227	334421.128169
8.000000	56.000000	0.000000	55.589559	641358.892100
8.000000	56.000000	0.100000	37.227723	367109.906878
8.000000	56.000000	0.200000	14.281428	347959.981855
8.000000	56.000000	0.300000	14.281428	341666.832095
8.000000	56.000000	0.400000	14.281428	338771.277734
8.000000	56.000000	0.500000	14.281428	337169.776909
8.000000	56.000000	0.600000	17.441744	336165.997427
8.000000	56.000000	0.700000	17.441744	335264.341941
8.000000	56.000000	0.800000	17.441744	334607.703178
8.000000	56.000000	0.900000	17.441744	334110.985910
8.000000	56.000000	1.000000	17.441744	333724.116646
8.000000	57.000000	0.000000	14.553455	639459.441869
8.000000	57.000000	0.100000	17.517752	367580.692313
8.000000	57.000000	0.200000	17.517752	348871.640861
8.000000	57.000000	0.300000	17.517752	342688.110183
8.000000	57.000000	0.400000	17.781778	339589.331775
8.000000	57.000000	0.500000	17.765777	337688.852196
8.000000	57.000000	0.600000	17.765777	336427.269000
8.000000	57.000000	0.700000	17.765777	335550.989715
8.000000	57.000000	0.800000	17.765777	334913.589329
8.000000	57.000000	0.900000	17.765777	334433.014325
8.000000	57.000000	1.000000	51.309131	334046.211308
8.000000	58.000000	0.000000	14.789479	642983.600195
8.000000	58.000000	0.100000	16.857686	366979.383077
8.000000	58.000000	0.200000	20.426043	348452.681731
8.000000	58.000000	0.300000	20.494049	342251.945073
8.000000	58.000000	0.400000	52.337234	339194.948665
8.000000	58.000000	0.500000	52.337234	337308.931581
8.000000	58.000000	0.600000	52.337234	336078.243685
8.000000	58.000000	0.700000	52.457246	335219.077277
8.000000	58.000000	0.800000	52.457246	334586.300841
8.000000	58.000000	0.900000	52.457246	334107.752007
8.000000	58.000000	1.000000	52.457246	333735.981697
8.000000	59.000000	0.000000	17.441744	637336.736073
8.000000	59.000000	0.100000	55.681568	365683.948554
8.000000	59.000000	0.200000	55.681568	346348.975797
8.000000	59.000000	0.300000	55.681568	340705.040209
8.000000	59.000000	0.400000	55.681568	338171.912786
8.000000	59.000000	0.500000	55.629563	336743.457037
8.000000	59.000000	0.600000	55.629563	335776.163635
8.000000	59.000000	0.700000	55.645565	335096.314766
8.000000	59.000000	0.800000	55.645565	334542.303162
8.000000	59.000000	0.900000	55.645565	334120.844679
8.000000	59.000000	1.000000	55.645565	333791.145120
8.000000	60.000000	0.000000	2.264226	626125.311434
8.000000	60.000000	0.100000	9.980998	352484.272565
8.000000	60.000000	0.200000	9.980998	337336.548238
8.000000	60.000000	0.300000	9.997000	334350.644297
8.000000	60.000000	0.400000	10.481048	333364.027451
8.000000	60.000000	0.500000	10.481048	333116.182272
8.000000	60.000000	0.600000	10.481048	333205.714489
8.000000	60.000000	0.700000	10.781078	333340.135241
8.000000	60.000000	0.800000	10.781078	333465.718580
8.000000	60.000000	0.900000	11.397140	333408.394401
8.000000	60.000000	1.000000	11.481148	333377.277619
8.000000	61.000000	0.000000	51.325133	641093.045542
8.000000	61.000000	0.100000	20.470047	368367.153820
8.000000	61.000000	0.200000	20.470047	349018.655216
8.000000	61.000000	0.300000	20.470047	342647.086377
8.000000	61.000000	0.400000	20.470047	339528.020576
8.000000	61.000000	0.500000	20.470047	337715.395001
8.000000	61.000000	0.600000	20.470047	336552.709627
8.000000	61.000000	0.700000	20.470047	335755.394631
8.000000	61.000000	0.800000	20.470047	335180.579237
8.000000	61.000000	0.900000	20.518052	334731.243387
8.000000	61.000000	1.000000	20.518052	334377.972347
8.000000	62.000000	0.000000	21.710171	642486.792858
8.000000	62.000000	0.100000	17.517752	368439.099992
8.000000	62.000000	0.200000	51.545155	348661.768484
8.000000	62.000000	0.300000	51.545155	342281.959974
8.000000	62.000000	0.400000	52.769277	339189.791927
8.000000	62.000000	0.500000	53.285329	337328.798254
8.000000	62.000000	0.600000	53.285329	336101.959998
8.000000	62.000000	0.700000	53.285329	335258.082082
8.000000	62.000000	0.800000	53.285329	334646.211228
8.000000	62.000000	0.900000	53.285329	334184.600616
8.000000	62.000000	1.000000	53.285329	333825.497020
8.000000	63.000000	0.000000	22.226223	639047.383774
8.000000	63.000000	0.100000	53.065307	368535.638457
8.000000	63.000000	0.200000	54.445445	348575.938392
8.000000	63.000000	0.300000	54.445445	342286.138015
8.000000	63.000000	0.400000	54.445445	339378.094837
8.000000	63.000000	0.500000	51.313131	337622.300734
8.000000	63.000000	0.600000	51.313131	336313.018003
8.000000	63.000000	0.700000	51.313131	335422.556862
8.000000	63.000000	0.800000	51.313131	334786.339070
8.000000	63.000000	0.900000	51.313131	334313.967698
8.000000	63.000000	1.000000	51.313131	333952.304590
8.000000	64.000000	0.000000	53.145315	631529.640583
8.000000	64.000000	0.100000	37.123712	366230.177482
8.000000	64.000000	0.200000	37.075708	348198.062182
8.000000	64.000000	0.300000	17.857786	342528.551130
8.000000	64.000000	0.400000	17.857786	339533.578347
8.000000	64.000000	0.500000	53.337334	337725.678714
8.000000	64.000000	0.600000	53.337334	336462.456587
8.000000	64.000000	0.700000	53.337334	335585.748018
8.000000	64.000000	0.800000	53.289329	334934.169218
8.000000	64.000000	0.900000	53.289329	334426.541014
8.000000	64.000000	1.000000	53.289329	334028.174312
8.000000	65.000000	0.000000	12.133213	631577.792088
8.000000	65.000000	0.100000	18.533853	365465.762002
8.000000	65.000000	0.200000	18.533853	348051.384309
8.000000	65.000000	0.300000	52.125213	342202.717905
8.000000	65.000000	0.400000	52.125213	339282.906898
8.000000	65.000000	0.500000	52.125213	337570.499515
8.000000	65.000000	0.600000	52.125213	336448.191710
8.000000	65.000000	0.700000	17.445745	335622.331805
8.000000	65.000000	0.800000	17.445745	334919.436641
8.000000	65.000000	0.900000	17.445745	334379.532165
8.000000	65.000000	1.000000	17.461746	333954.746801
9.000000	55.000000	0.000000	51.389139	723962.187185
9.000000	55.000000	0.100000	37.055706	377697.004114
9.000000	55.000000	0.200000	37.055706	354008.556042
9.000000	55.000000	0.300000	55.757576	346024.867786
9.000000	55.000000	0.400000	55.757576	342040.375280
9.000000	55.000000	0.500000	55.757576	339700.915947
9.000000	55.000000	0.600000	55.757576	338181.398801
9.000000	55.000000	0.700000	55.757576	337127.582950
9.000000	55.000000	0.800000	55.757576	336361.810954
9.000000	55.000000	0.900000	55.757576	335785.097332
9.000000	55.000000	1.000000	14.205421	335292.435437
9.000000	56.000000	0.000000	55.589559	724973.253965
9.000000	56.000000	0.100000	37.387739	376888.051769
9.000000	56.000000	0.200000	14.281428	352643.677170
9.000000	56.000000	0.300000	14.281428	344626.477132
9.000000	56.000000	0.400000	14.281428	340900.274726
9.000000	56.000000	0.500000	14.281428	338817.363798
9.000000	56.000000	0.600000	14.281428	337511.294410
9.000000	56.000000	0.700000	17.441744	336534.217707
9.000000	56.000000	0.800000	17.441744	335695.062090
9.000000	56.000000	0.900000	17.441744	335058.137351
9.000000	56.000000	1.000000	17.441744	334560.415055
9.000000	57.000000	0.000000	14.553455	722807.492056
9.000000	57.000000	0.100000	17.517752	377704.803891
9.000000	57.000000	0.200000	17.517752	353846.788113
9.000000	57.000000	0.300000	17.517752	345952.909549
9.000000	57.000000	0.400000	17.781778	341992.706552
9.000000	57.000000	0.500000	17.765777	339568.256900
9.000000	57.000000	0.600000	17.765777	337961.493937
9.000000	57.000000	0.700000	17.765777	336841.763946
9.000000	57.000000	0.800000	17.765777	336024.251510
9.000000	57.000000	0.900000	17.765777	335405.486825
9.000000	57.000000	1.000000	51.309131	334900.301766
9.000000	58.000000	0.000000	11.445145	726402.399916
9.000000	58.000000	0.100000	16.857686	376944.520807
9.000000	58.000000	0.200000	20.426043	353263.733814
9.000000	58.000000	0.300000	20.494049	345362.328120
9.000000	58.000000	0.400000	52.337234	341576.355143
9.000000	58.000000	0.500000	52.457246	339166.987738
9.000000	58.000000	0.600000	52.457246	337582.795940
9.000000	58.000000	0.700000	52.457246	336474.511700
9.000000	58.000000	0.800000	52.457246	335662.201214
9.000000	58.000000	0.900000	52.457246	335045.715977
9.000000	58.000000	1.000000	52.457246	334564.980016
9.000000	59.000000	0.000000	17.441744	720557.674405
9.000000	59.000000	0.100000	55.681568	375521.936641
9.000000	59.000000	0.200000	55.681568	350959.759405
9.000000	59.000000	0.300000	55.681568	343672.925328
9.000000	59.000000	0.400000	55.681568	340354.453246
9.000000	59.000000	0.500000	57.953795	338380.332650
9.000000	59.000000	0.600000	57.953795	337097.453931
9.000000	59.000000	0.700000	57.953795	336230.476763
9.000000	59.000000	0.800000	55.645565	335557.146713
9.000000	59.000000	0.900000	55.645565	335004.888125
9.000000	59.000000	1.000000	55.645565	334571.481764
9.000000	60.000000	0.000000	2.264226	706439.183547
9.000000	60.000000	0.100000	9.980998	358836.893655
9.000000	60.000000	0.200000	9.980998	338985.370906
9.000000	60.000000	0.300000	9.997000	334666.506961
9.000000	60.000000	0.400000	9.997000	333550.221904
9.000000	60.000000	0.500000	10.481048	333225.836544
9.000000	60.000000	0.600000	10.481048	333139.078434
9.000000	60.000000	0.700000	10.681068	333247.654863
9.000000	60.000000	0.800000	10.681068	333349.774214
9.000000	60.000000	0.900000	10.681068	333513.736282
9.000000	60.000000	1.000000	11.397140	333602.128275
9.000000	61.000000	0.000000	51.325133	724754.262262
9.000000	61.000000	0.100000	20.470047	378514.667524
9.000000	61.000000	0.200000	20.470047	353937.273714
9.000000	61.000000	0.300000	20.470047	345831.852236
9.000000	61.000000	0.400000	20.470047	341854.199484
9.000000	61.000000	0.500000	20.470047	339533.773235
9.000000	61.000000	0.600000	20.470047	338038.270339
9.000000	61.000000	0.700000	20.470047	337007.375188
9.000000	61.000000	0.800000	20.518052	336248.965253
9.000000	61.000000	0.900000	20.518052	335658.195219
9.000000	61.000000	1.000000	20.518052	335198.270947
9.000000	62.000000	0.000000	21.710171	726145.912983
9.000000	62.000000	0.100000	17.517752	378670.512548
9.000000	62.000000	0.200000	51.545155	353571.472882
9.000000	62.000000	0.300000	51.545155	345456.781774
9.000000	62.000000	0.400000	52.769277	341522.247001
9.000000	62.000000	0.500000	53.285329	339165.594347
9.000000	62.000000	0.600000	53.285329	337597.919459
9.000000	62.000000	0.700000	53.285329	336514.641025
9.000000	62.000000	0.800000	53.285329	335725.849330
9.000000	62.000000	0.900000	53.285329	335128.419604
9.000000	62.000000	1.000000	53.285329	334661.933708
9.000000	63.000000	0.000000	22.226223	722278.027928
9.000000	63.000000	0.100000	54.081408	378679.166264
9.000000	63.000000	0.200000	54.445445	353340.615004
9.000000	63.000000	0.300000	54.445445	345327.183046
9.000000	63.000000	0.400000	54.445445	341586.930746
9.000000	63.000000	0.500000	54.445445	339475.758463
9.000000	63.000000	0.600000	51.313131	337816.497825
9.000000	63.000000	0.700000	51.313131	336680.813262
9.000000	63.000000	0.800000	51.313131	335864.631263
9.000000	63.000000	0.900000	51.313131	335255.095681
9.000000	63.000000	1.000000	51.313131	334785.730334
9.000000	64.000000	0.000000	53.145315	714009.880252
9.000000	64.000000	0.100000	37.123712	375939.954422
9.000000	64.000000	0.200000	37.075708	352845.197321
9.000000	64.000000	0.300000	17.857786	345771.831655
9.000000	64.000000	0.400000	17.857786	341933.783549
9.000000	64.000000	0.500000	53.337334	339595.921073
9.000000	64.000000	0.600000	53.337334	337987.314329
9.000000	64.000000	0.700000	53.337334	336867.101409
9.000000	64.000000	0.800000	53.337334	336045.624715
9.000000	64.000000	0.900000	53.289329	335401.444795
9.000000	64.000000	1.000000	53.289329	334890.787904
9.000000	65.000000	0.000000	12.133213	713774.064058
9.000000	65.000000	0.100000	18.533853	375238.813330
9.000000	65.000000	0.200000	18.533853	352837.305543
9.000000	65.000000	0.300000	52.125213	345411.640181
9.000000	65.000000	0.400000	52.125213	341658.149069
9.000000	65.000000	0.500000	52.125213	339450.468285
9.000000	65.000000	0.600000	52.125213	338000.390151
9.000000	65.000000	0.700000	17.445745	336941.797627
9.000000	65.000000	0.800000	17.445745	336050.603580
9.000000	65.000000	0.900000	17.445745	335365.093254
9.000000	65.000000	1.000000	17.445745	334825.179834
10.000000	55.000000	0.000000	51.389139	817529.620086
10.000000	55.000000	0.100000	37.055706	388864.517419
10.000000	55.000000	0.200000	37.055706	359421.427438
10.000000	55.000000	0.300000	55.757576	349652.806898
10.000000	55.000000	0.400000	55.757576	344704.811049
10.000000	55.000000	0.500000	55.757576	341792.942337
10.000000	55.000000	0.600000	55.757576	339896.276750
10.000000	55.000000	0.700000	55.757576	338576.574902
10.000000	55.000000	0.800000	14.205421	337613.986691
10.000000	55.000000	0.900000	14.205421	336804.656289
10.000000	55.000000	1.000000	14.205421	336174.637023
10.000000	56.000000	0.000000	55.589559	818586.615830
10.000000	56.000000	0.100000	37.387739	387880.866403
10.000000	56.000000	0.200000	14.281428	357952.309636
10.000000	56.000000	0.300000	14.281428	348002.746752
10.000000	56.000000	0.400000	14.281428	343341.739913
10.000000	56.000000	0.500000	14.281428	340714.924994
10.000000	56.000000	0.600000	14.281428	339055.423590
10.000000	56.000000	0.700000	14.281428	337921.767192
10.000000	56.000000	0.800000	17.441744	336938.654267
10.000000	56.000000	0.900000	17.441744	336144.162544
10.000000	56.000000	1.000000	17.441744	335521.699576
10.000000	57.000000	0.000000	14.553455	816154.542243
10.000000	57.000000	0.100000	17.517752	389078.371046
10.000000	57.000000	0.200000	17.517752	359446.872520
10.000000	57.000000	0.300000	17.517752	349634.333503
10.000000	57.000000	0.400000	17.781778	344708.549531
10.000000	57.000000	0.500000	17.765777	341697.635919
10.000000	57.000000	0.600000	17.765777	339704.030551
10.000000	57.000000	0.700000	17.765777	338311.090788
10.000000	57.000000	0.800000	17.765777	337291.146969
10.000000	57.000000	0.900000	17.765777	336516.833091
10.000000	57.000000	1.000000	51.309131	335879.378353
10.000000	58.000000	0.000000	11.445145	819809.102653
10.000000	58.000000	0.100000	16.857686	388159.114115
10.000000	58.000000	0.200000	20.426043	358699.723054
10.000000	58.000000	0.300000	20.494049	348889.335760
10.000000	58.000000	0.400000	20.510051	344226.594763
10.000000	58.000000	0.500000	52.457246	341257.247287
10.000000	58.000000	0.600000	52.457246	339288.720999
10.000000	58.000000	0.700000	52.457246	337908.498743
10.000000	58.000000	0.800000	52.457246	336894.334874
10.000000	58.000000	0.900000	52.457246	336122.553723
10.000000	58.000000	1.000000	52.457246	335518.964476
10.000000	59.000000	0.000000	17.441744	813777.612737
10.000000	59.000000	0.100000	55.681568	386609.380308
10.000000	59.000000	0.200000	55.681568	356195.480173
10.000000	59.000000	0.300000	55.681568	347057.435043
10.000000	59.000000	0.400000	57.953795	342795.437485
10.000000	59.000000	0.500000	57.953795	340208.699229
10.000000	59.000000	0.600000	57.953795	338574.965256
10.000000	59.000000	0.700000	57.953795	337462.861975
10.000000	59.000000	0.800000	57.953795	336663.838089
10.000000	59.000000	0.900000	55.645565	336027.805358
10.000000	59.000000	1.000000	55.645565	335476.804560
10.000000	60.000000	0.000000	2.264226	796752.055660
10.000000	60.000000	0.100000	9.980998	366438.970325
10.000000	60.000000	0.200000	9.980998	341259.130735
10.000000	60.000000	0.300000	9.997000	335398.994223
10.000000	60.000000	0.400000	9.997000	333637.895572
10.000000	60.000000	0.500000	9.997000	333255.671387
10.000000	60.000000	0.600000	10.481048	333280.754074
10.000000	60.000000	0.700000	10.497050	333271.675101
10.000000	60.000000	0.800000	10.681068	333322.716762
10.000000	60.000000	0.900000	10.681068	333418.099291
10.000000	60.000000	1.000000	10.681068	333564.606982
10.000000	61.000000	0.000000	51.325133	818414.478981
10.000000	61.000000	0.100000	20.470047	389911.636808
10.000000	61.000000	0.200000	20.470047	359480.829375
10.000000	61.000000	0.300000	20.470047	349433.242694
10.000000	61.000000	0.400000	20.470047	344492.846607
10.000000	61.000000	0.500000	20.470047	341602.125802
10.000000	61.000000	0.600000	20.470047	339732.142748
10.000000	61.000000	0.700000	20.470047	338437.908381
10.000000	61.000000	0.800000	20.518052	337467.229541
10.000000	61.000000	0.900000	20.518052	336724.020848
10.000000	61.000000	1.000000	20.518052	336143.555712
10.000000	62.000000	0.000000	21.710171	819804.033108
10.000000	62.000000	0.100000	17.517752	390151.380684
10.000000	62.000000	0.200000	51.545155	359106.114443
10.000000	62.000000	0.300000	51.545155	349048.228175
10.000000	62.000000	0.400000	52.769277	344167.170292
10.000000	62.000000	0.500000	52.769277	341251.455685
10.000000	62.000000	0.600000	53.285329	339302.190620
10.000000	62.000000	0.700000	53.285329	337949.752606
10.000000	62.000000	0.800000	53.285329	336961.720740
10.000000	62.000000	0.900000	53.285329	336211.112392
10.000000	62.000000	1.000000	53.285329	335623.356562
10.000000	63.000000	0.000000	22.226223	815507.672081
10.000000	63.000000	0.100000	54.081408	390050.764941
10.000000	63.000000	0.200000	54.445445	358730.228778
10.000000	63.000000	0.300000	54.445445	348784.852677
10.000000	63.000000	0.400000	54.445445	344108.234871
10.000000	63.000000	0.500000	54.445445	341450.018473
10.000000	63.000000	0.600000	51.313131	339528.289347
10.000000	63.000000	0.700000	51.313131	338117.622300
10.000000	63.000000	0.800000	51.313131	337099.156763
10.000000	63.000000	0.900000	51.313131	336335.097463
10.000000	63.000000	1.000000	51.313131	335744.142245
10.000000	64.000000	0.000000	55.801580	806475.010431
10.000000	64.000000	0.100000	37.123712	386899.186942
10.000000	64.000000	0.200000	37.075708	358117.269622
10.000000	64.000000	0.300000	36.887689	349240.294629
10.000000	64.000000	0.400000	17.857786	344646.456965
10.000000	64.000000	0.500000	53.337334	341716.137764
10.000000	64.000000	0.600000	53.337334	339720.483769
10.000000	64.000000	0.700000	53.337334	338327.007435
10.000000	64.000000	0.800000	53.337334	337302.658904
10.000000	64.000000	0.900000	53.289329	336515.222373
10.000000	64.000000	1.000000	53.289329	335878.387659
10.000000	65.000000	0.000000	12.133213	805969.336029
10.000000	65.000000	0.100000	18.533853	386261.320237
10.000000	65.000000	0.200000	18.533853	358248.163939
10.000000	65.000000	0.300000	52.125213	349037.187054
10.000000	65.000000	0.400000	52.125213	344345.859454
10.000000	65.000000	0.500000	52.125213	341580.411384
10.000000	65.000000	0.600000	52.125213	339760.900287
10.000000	65.000000	0.700000	17.445745	338439.816082
10.000000	65.000000	0.800000	17.445745	337338.003822
10.000000	65.000000	0.900000	17.445745	336489.528136
10.000000	65.000000	1.000000	17.445745	335820.186165
11.000000	55.000000	0.000000	51.389139	921096.052986
11.000000	55.000000	0.100000	37.055706	401281.486296
11.000000	55.000000	0.200000	37.055706	365459.235982
11.000000	55.000000	0.300000	55.757576	353697.370588
11.000000	55.000000	0.400000	55.757576	347681.715006
11.000000	55.000000	0.500000	55.757576	344134.943024
11.000000	55.000000	0.600000	55.757576	341819.466355
11.000000	55.000000	0.700000	55.757576	340204.119442
11.000000	55.000000	0.800000	14.205421	338936.968696
11.000000	55.000000	0.900000	14.205421	337951.227918
11.000000	55.000000	1.000000	14.205421	337181.824702
11.000000	56.000000	0.000000	55.589559	922198.977694
11.000000	56.000000	0.100000	37.387739	400123.136612
11.000000	56.000000	0.200000	37.387739	363814.290355
11.000000	56.000000	0.300000	14.281428	351795.640955
11.000000	56.000000	0.400000	14.281428	346095.673295
11.000000	56.000000	0.500000	14.281428	342862.460495
11.000000	56.000000	0.600000	14.281428	340807.864438
11.000000	56.000000	0.700000	14.281428	339397.167530
11.000000	56.000000	0.800000	17.441744	338338.479709
11.000000	56.000000	0.900000	17.441744	337369.061487
11.000000	56.000000	1.000000	17.441744	336607.970209
11.000000	57.000000	0.000000	14.553455	919500.592430
11.000000	57.000000	0.100000	17.517752	401701.393778
11.000000	57.000000	0.200000	17.517752	365671.894082
11.000000	57.000000	0.300000	17.517752	353732.382046
11.000000	57.000000	0.400000	17.781778	347736.860710
11.000000	57.000000	0.500000	17.765777	344076.989251
11.000000	57.000000	0.600000	17.765777	341654.878842
11.000000	57.000000	0.700000	17.765777	339958.970241
11.000000	57.000000	0.800000	17.765777	338714.275705
11.000000	57.000000	0.900000	17.765777	337767.053122
11.000000	57.000000	1.000000	51.309131	336983.441067
11.000000	58.000000	0.000000	11.445145	923214.805391
11.000000	58.000000	0.100000	16.857686	400623.163000
11.000000	58.000000	0.200000	20.426043	364760.649453
11.000000	58.000000	0.300000	20.494049	352832.967991
11.000000	58.000000	0.400000	20.494049	347132.154759
11.000000	58.000000	0.500000	52.457246	343597.481156
11.000000	58.000000	0.600000	52.457246	341202.957742
11.000000	58.000000	0.700000	52.457246	339521.038406
11.000000	58.000000	0.800000	52.457246	338282.701822
11.000000	58.000000	0.900000	52.457246	337338.265247
11.000000	58.000000	1.000000	52.457246	336597.935077
11.000000	59.000000	0.000000	17.441744	916996.551069
11.000000	59.000000	0.100000	55.681568	398946.279553
11.000000	59.000000	0.200000	55.681568	362056.138100
11.000000	59.000000	0.300000	55.681568	350858.569352
11.000000	59.000000	0.400000	57.953795	345476.168583
11.000000	59.000000	0.500000	57.953795	342287.040135
11.000000	59.000000	0.600000	57.953795	340260.788272
11.000000	59.000000	0.700000	57.953795	338873.799813
11.000000	59.000000	0.800000	57.953795	337872.117217
11.000000	59.000000	0.900000	57.953795	337118.880292
11.000000	59.000000	1.000000	55.645565	336507.113507
11.000000	60.000000	0.000000	2.264226	897063.927774
11.000000	60.000000	0.100000	9.980998	375290.502575
11.000000	60.000000	0.200000	9.980998	344157.827726
11.000000	60.000000	0.300000	9.997000	336548.106083
11.000000	60.000000	0.400000	9.997000	334038.037454
11.000000	60.000000	0.500000	9.997000	333273.874487
11.000000	60.000000	0.600000	9.997000	333224.912424
11.000000	60.000000	0.700000	10.481048	333460.671034
11.000000	60.000000	0.800000	10.681068	333451.892612
11.000000	60.000000	0.900000	10.681068	333461.336094
11.000000	60.000000	1.000000	10.681068	333546.112566
11.000000	61.000000	0.000000	51.325133	922073.695701
11.000000	61.000000	0.100000	20.470047	402558.061672
11.000000	61.000000	0.200000	20.470047	365649.322199
11.000000	61.000000	0.300000	20.470047	353451.257751
11.000000	61.000000	0.400000	20.470047	347443.961946
11.000000	61.000000	0.500000	20.470047	343920.452700
11.000000	61.000000	0.600000	20.470047	341634.326856
11.000000	61.000000	0.700000	20.634063	340033.274055
11.000000	61.000000	0.800000	20.518052	338841.727134
11.000000	61.000000	0.900000	20.518052	337928.720275
11.000000	61.000000	1.000000	20.518052	337213.826640
11.000000	62.000000	0.000000	21.710171	923461.153233
11.000000	62.000000	0.100000	17.517752	402881.704401
11.000000	62.000000	0.200000	51.545155	365265.693167
11.000000	62.000000	0.300000	51.545155	353056.299175
11.000000	62.000000	0.400000	52.769277	347124.561799
11.000000	62.000000	0.500000	52.769277	343573.559373
11.000000	62.000000	0.600000	53.285329	341214.773481
11.000000	62.000000	0.700000	53.285329	339563.416824
11.000000	62.000000	0.800000	53.285329	338353.825458
11.000000	62.000000	0.900000	53.285329	337432.678978
11.000000	62.000000	1.000000	53.285329	336709.765582
11.000000	63.000000	0.000000	22.226223	918736.316235
11.000000	63.000000	0.100000	54.081408	402671.819198
11.000000	63.000000	0.200000	54.509451	364738.979328
11.000000	63.000000	0.300000	54.445445	352659.146907
11.000000	63.000000	0.400000	54.445445	346942.007212
11.000000	63.000000	0.500000	54.445445	343674.252816
11.000000	63.000000	0.600000	51.313131	341448.392568
11.000000	63.000000	0.700000	51.313131	339732.983976
11.000000	63.000000	0.800000	51.313131	338489.915571
11.000000	63.000000	0.900000	51.313131	337553.973045
11.000000	63.000000	1.000000	51.313131	336827.540322
11.000000	64.000000	0.000000	56.785679	908889.779009
11.000000	64.000000	0.100000	37.123712	399107.875042
11.000000	64.000000	0.200000	37.075708	364014.279085
11.000000	64.000000	0.300000	36.887689	353121.658093
11.000000	64.000000	0.400000	20.470047	347631.312465
11.000000	64.000000	0.500000	53.337334	344086.328786
11.000000	64.000000	0.600000	53.337334	341661.964908
11.000000	64.000000	0.700000	53.337334	339965.466098
11.000000	64.000000	0.800000	53.337334	338715.926398
11.000000	64.000000	0.900000	53.337334	337760.018736
11.000000	64.000000	1.000000	53.289329	336990.973579
11.000000	65.000000	0.000000	12.133213	908163.607999
11.000000	65.000000	0.100000	18.533853	398533.282724
11.000000	65.000000	0.200000	18.533853	364283.959496
11.000000	65.000000	0.300000	18.533853	353064.858237
11.000000	65.000000	0.400000	52.125213	347346.038053
11.000000	65.000000	0.500000	52.125213	343960.328813
11.000000	65.000000	0.600000	52.125213	341729.722119
11.000000	65.000000	0.700000	20.518052	340114.925092
11.000000	65.000000	0.800000	17.445745	338781.637365
11.000000	65.000000	0.900000	17.445745	337752.836810
11.000000	65.000000	1.000000	17.493749	336939.297187
12.000000	55.000000	0.000000	51.389139	1034661.485887
12.000000	55.000000	0.100000	37.055706	414947.910747
12.000000	55.000000	0.200000	37.055706	372121.981675
12.000000	55.000000	0.300000	55.757576	358158.558856
12.000000	55.000000	0.400000	55.757576	350971.087150
12.000000	55.000000	0.500000	55.757576	346726.918008
12.000000	55.000000	0.600000	55.757576	343950.967616
12.000000	55.000000	0.700000	14.205421	341961.998844
12.000000	55.000000	0.800000	14.205421	340416.183952
12.000000	55.000000	0.900000	14.205421	339236.673282
12.000000	55.000000	1.000000	14.205421	338313.998475
12.000000	56.000000	0.000000	51.037104	1035808.942075
12.000000	56.000000	0.100000	37.387739	413614.862396
12.000000	56.000000	0.200000	37.387739	370258.101397
12.000000	56.000000	0.300000	14.281428	356005.159743
12.000000	56.000000	0.400000	14.281428	349162.074871
12.000000	56.000000	0.500000	14.281428	345259.970303
12.000000	56.000000	0.600000	14.281428	342768.616954
12.000000	56.000000	0.700000	14.281428	341051.120468
12.000000	56.000000	0.800000	14.281428	339799.732623
12.000000	56.000000	0.900000	17.441744	338732.834182
12.000000	56.000000	1.000000	17.441744	337819.226955
12.000000	57.000000	0.000000	14.553455	1032845.642617
12.000000	57.000000	0.100000	17.517752	415573.872086
12.000000	57.000000	0.200000	17.517752	372521.852799
12.000000	57.000000	0.300000	17.517752	358247.055177
12.000000	57.000000	0.400000	17.781778	351077.640091
12.000000	57.000000	0.500000	17.765777	346706.316897
12.000000	57.000000	0.600000	17.765777	343814.038810
12.000000	57.000000	0.700000	17.765777	341785.402305
12.000000	57.000000	0.800000	17.765777	340293.637718
12.000000	57.000000	0.900000	51.309131	339150.892949
12.000000	57.000000	1.000000	51.309131	338212.489909
12.000000	58.000000	0.000000	11.445145	1036619.508128
12.000000	58.000000	0.100000	16.857686	414336.667463
12.000000	58.000000	0.200000	20.426043	371446.513009
12.000000	58.000000	0.300000	20.494049	357193.224815
12.000000	58.000000	0.400000	20.494049	350349.217519
12.000000	58.000000	0.500000	52.457246	346187.689346
12.000000	58.000000	0.600000	52.457246	343325.506170
12.000000	58.000000	0.700000	52.457246	341312.130689
12.000000	58.000000	0.800000	52.457246	339827.302058
12.000000	58.000000	0.900000	52.457246	338692.850546
12.000000	58.000000	1.000000	52.457246	337801.891819
12.000000	59.000000	0.000000	17.441744	1030214.489401
12.000000	59.000000	0.100000	55.681568	412532.634378
12.000000	59.000000	0.200000	55.681568	368541.733188
12.000000	59.000000	0.300000	55.681568	355076.328257
12.000000	59.000000	0.400000	57.953795	348469.367891
12.000000	59.000000	0.500000	57.953795	344615.355365
12.000000	59.000000	0.600000	57.953795	342154.922979
12.000000	59.000000	0.700000	57.953795	340463.290279
12.000000	59.000000	0.800000	57.953795	339236.629640
12.000000	59.000000	0.900000	57.953795	338310.759573
12.000000	59.000000	1.000000	57.953795	337589.888890
12.000000	60.000000	0.000000	2.264226	1007374.799887
12.000000	60.000000	0.100000	9.980998	385391.490404
12.000000	60.000000	0.200000	9.980998	347681.461878
12.000000	60.000000	0.300000	9.997000	338113.842540
12.000000	60.000000	0.400000	9.997000	334750.647549
12.000000	60.000000	0.500000	9.997000	333542.051917
12.000000	60.000000	0.600000	9.997000	333238.662953
12.000000	60.000000	0.700000	9.997000	333354.668141
12.000000	60.000000	0.800000	9.997000	333671.727248
12.000000	60.000000	0.900000	10.681068	333643.446689
12.000000	60.000000	1.000000	10.681068	333652.604308
12.000000	61.000000	0.000000	51.325133	1035731.912420
12.000000	61.000000	0.100000	20.470047	416453.942116
12.000000	61.000000	0.200000	20.470047	372442.752185
12.000000	61.000000	0.300000	20.470047	357885.897407
12.000000	61.000000	0.400000	20.470047	350707.545500
12.000000	61.000000	0.500000	20.470047	346488.753930
12.000000	61.000000	0.600000	20.634063	343732.473970
12.000000	61.000000	0.700000	20.634063	341794.351403
12.000000	61.000000	0.800000	20.634063	340372.118301
12.000000	61.000000	0.900000	20.518052	339272.293498
12.000000	61.000000	1.000000	20.518052	338409.083731
12.000000	62.000000	0.000000	21.710171	1037117.273358
12.000000	62.000000	0.100000	17.517752	416861.483697
12.000000	62.000000	0.200000	51.545155	372050.209054
12.000000	62.000000	0.300000	51.545155	357480.994775
12.000000	62.000000	0.400000	52.769277	350394.421523
12.000000	62.000000	0.500000	52.769277	346145.637394
12.000000	62.000000	0.600000	53.285329	343335.668041
12.000000	62.000000	0.700000	53.285329	341355.633680
12.000000	62.000000	0.800000	53.285329	339902.163484
12.000000	62.000000	0.900000	53.285329	338793.119365
12.000000	62.000000	1.000000	53.285329	337921.160769
12.000000	63.000000	0.000000	22.226223	1031963.960388
12.000000	63.000000	0.100000	54.081408	416542.329036
12.000000	63.000000	0.200000	54.509451	371369.155930
12.000000	63.000000	0.300000	54.445445	356950.065738
12.000000	63.000000	0.400000	54.445445	350088.247770
12.000000	63.000000	0.500000	54.445445	346148.461492
12.000000	63.000000	0.600000	51.313131	343576.807489
12.000000	63.000000	0.700000	51.313131	341526.898289
12.000000	63.000000	0.800000	51.313131	340036.907687
12.000000	63.000000	0.900000	51.313131	338911.722427
12.000000	63.000000	1.000000	51.313131	338035.924564
12.000000	64.000000	0.000000	56.785679	1021233.916848
12.000000	64.000000	0.100000	37.123712	412566.018722
12.000000	64.000000	0.200000	37.075708	370536.225711
12.000000	64.000000	0.300000	36.887689	357419.646157
12.000000	64.000000	0.400000	20.470047	350911.927884
12.000000	64.000000	0.500000	52.821282	346705.886179
12.000000	64.000000	0.600000	53.337334	343811.757744
12.000000	64.000000	0.700000	53.337334	341782.477397
12.000000	64.000000	0.800000	53.337334	340285.427198
12.000000	64.000000	0.900000	53.337334	339138.461788
12.000000	64.000000	1.000000	53.289329	338228.545662
12.000000	65.000000	0.000000	12.133213	1020356.879969
12.000000	65.000000	0.100000	18.533853	412054.700790
12.000000	65.000000	0.200000	18.533853	370944.692215
12.000000	65.000000	0.300000	18.533853	357455.797276
12.000000	65.000000	0.400000	52.125213	350658.684865
12.000000	65.000000	0.500000	52.125213	346590.220571
12.000000	65.000000	0.600000	52.125213	343906.855645
12.000000	65.000000	0.700000	20.518052	341895.317219
12.000000	65.000000	0.800000	20.518052	340380.595925
12.000000	65.000000	0.900000	17.445745	339155.019278
12.000000	65.000000	1.000000	17.493749	338180.958425
13.000000	55.000000	0.000000	51.389139	1158225.918787
13.000000	55.000000	0.100000	37.055706	429863.790771
13.000000	55.000000	0.200000	37.163716	379403.808160
13.000000	55.000000	0.300000	55.757576	363036.371702
13.000000	55.000000	0.400000	55.757576	354572.927482
13.000000	55.000000	0.500000	55.757576	349568.867289
13.000000	55.000000	0.600000	55.757576	346290.780534
13.000000	55.000000	0.700000	14.205421	343871.340948
13.000000	55.000000	0.800000	14.205421	342051.632458
13.000000	55.000000	0.900000	14.205421	340660.992380
13.000000	55.000000	1.000000	14.205421	339571.158342
13.000000	56.000000	0.000000	55.125513	1159396.553775
13.000000	56.000000	0.100000	37.387739	428356.043755
13.000000	56.000000	0.200000	37.387739	377326.849591
13.000000	56.000000	0.300000	14.281428	360631.303114
13.000000	56.000000	0.400000	14.281428	352540.944643
13.000000	56.000000	0.500000	14.281428	347907.454417
13.000000	56.000000	0.600000	14.281428	344937.681136
13.000000	56.000000	0.700000	14.281428	342883.626006
13.000000	56.000000	0.800000	14.281428	341382.880161
13.000000	56.000000	0.900000	17.441744	340235.480628
13.000000	56.000000	1.000000	17.441744	339155.469813
13.000000	57.000000	0.000000	14.553455	1156189.692804
13.000000	57.000000	0.100000	17.517752	430695.805971
13.000000	57.000000	0.200000	26.342634	379967.331628
13.000000	57.000000	0.300000	26.342634	363097.026897
13.000000	57.000000	0.400000	17.781778	354730.887673
13.000000	57.000000	0.500000	17.765777	349585.618858
13.000000	57.000000	0.600000	17.765777	346181.510454
13.000000	57.000000	0.700000	17.765777	343790.386980
13.000000	57.000000	0.800000	17.765777	342029.233009
13.000000	57.000000	0.900000	51.309131	340673.397814
13.000000	57.000000	1.000000	51.309131	339566.524879
13.000000	58.000000	0.000000	11.445145	1160023.210866
13.000000	58.000000	0.100000	16.857686	429299.627504
13.000000	58.000000	0.200000	20.426043	378757.313723
13.000000	58.000000	0.300000	20.494049	361970.106231
13.000000	58.000000	0.400000	20.494049	353878.748485
13.000000	58.000000	0.500000	51.541154	349006.142064
13.000000	58.000000	0.600000	52.457246	345656.366282
13.000000	58.000000	0.700000	52.457246	343281.775592
13.000000	58.000000	0.800000	52.457246	341528.135582
13.000000	58.000000	0.900000	52.457246	340186.309623
13.000000	58.000000	1.000000	52.457246	339130.834701
13.000000	59.000000	0.000000	23.866387	1153286.885640
13.000000	59.000000	0.100000	55.681568	427368.444780
13.000000	59.000000	0.200000	55.817582	375651.597457
13.000000	59.000000	0.300000	55.817582	359709.539817
13.000000	59.000000	0.400000	57.953795	351775.035410
13.000000	59.000000	0.500000	57.953795	347193.644922
13.000000	59.000000	0.600000	57.953795	344257.369376
13.000000	59.000000	0.700000	57.953795	342231.333372
13.000000	59.000000	0.800000	57.953795	340757.375360
13.000000	59.000000	0.900000	57.953795	339641.512639
13.000000	59.000000	1.000000	57.953795	338770.299773
13.000000	60.000000	0.000000	2.264226	1127684.672000
13.000000	60.000000	0.100000	9.980998	396741.933812
13.000000	60.000000	0.200000	9.980998	351830.033192
13.000000	60.000000	0.300000	9.997000	340096.203595
13.000000	60.000000	0.400000	9.997000	335775.725857
13.000000	60.000000	0.500000	9.997000	334060.203676
13.000000	60.000000	0.600000	9.997000	333460.725177
13.000000	60.000000	0.700000	9.997000	333392.963556
13.000000	60.000000	0.800000	9.997000	333591.368606
13.000000	60.000000	0.900000	9.997000	333923.533493
13.000000	60.000000	1.000000	10.681068	333884.082210
13.000000	61.000000	0.000000	56.669667	1159295.624099
13.000000	61.000000	0.100000	20.470047	431599.278140
13.000000	61.000000	0.200000	20.470047	379861.119333
13.000000	61.000000	0.300000	20.470047	362737.161662
13.000000	61.000000	0.400000	20.470047	354283.597269
13.000000	61.000000	0.500000	20.634063	349305.539574
13.000000	61.000000	0.600000	20.634063	346027.048072
13.000000	61.000000	0.700000	20.634063	343733.981387
13.000000	61.000000	0.800000	20.634063	342048.153215
13.000000	61.000000	0.900000	20.518052	340754.740520
13.000000	61.000000	1.000000	20.518052	339729.326987
13.000000	62.000000	0.000000	21.710171	1160772.393483
13.000000	62.000000	0.100000	58.937894	432022.483445
13.000000	62.000000	0.200000	51.545155	379459.662104
13.000000	62.000000	0.300000	51.545155	362322.314975
13.000000	62.000000	0.400000	52.769277	353976.749463
13.000000	62.000000	0.500000	52.769277	348967.689748
13.000000	62.000000	0.600000	53.285329	345664.874301
13.000000	62.000000	0.700000	53.285329	343326.403174
13.000000	62.000000	0.800000	53.285329	341606.734818
13.000000	62.000000	0.900000	53.285329	340292.433551
13.000000	62.000000	1.000000	53.285329	339257.542122
13.000000	63.000000	0.000000	22.226223	1155190.604542
13.000000	63.000000	0.100000	54.081408	431662.294453
13.000000	63.000000	0.200000	54.509451	378624.269695
13.000000	63.000000	0.300000	54.445445	361657.609168
13.000000	63.000000	0.400000	54.445445	353546.956545
13.000000	63.000000	0.500000	54.445445	348872.644501
13.000000	63.000000	0.600000	54.445445	345861.240575
13.000000	63.000000	0.700000	51.313131	343499.365241
13.000000	63.000000	0.800000	51.313131	341740.133111
13.000000	63.000000	0.900000	51.313131	340408.345609
13.000000	63.000000	1.000000	51.313131	339369.294974
13.000000	64.000000	0.000000	56.785679	1143577.054687
13.000000	64.000000	0.100000	37.123712	427273.617982
13.000000	64.000000	0.200000	37.075708	377683.109500
13.000000	64.000000	0.300000	36.887689	362134.258819
13.000000	64.000000	0.400000	12.017202	354328.966892
13.000000	64.000000	0.500000	20.470047	349546.839331
13.000000	64.000000	0.600000	53.337334	346169.862279
13.000000	64.000000	0.700000	53.337334	343778.041332
13.000000	64.000000	0.800000	53.337334	342011.161304
13.000000	64.000000	0.900000	53.337334	340655.778637
13.000000	64.000000	1.000000	53.337334	339585.530051
13.000000	65.000000	0.000000	12.133213	1142549.151940
13.000000	65.000000	0.100000	18.533853	426825.574436
13.000000	65.000000	0.200000	18.533853	378230.362095
13.000000	65.000000	0.300000	18.533853	362263.360913
13.000000	65.000000	0.400000	52.125213	354283.799890
13.000000	65.000000	0.500000	52.125213	349470.086658
13.000000	65.000000	0.600000	20.518052	346240.675297
13.000000	65.000000	0.700000	20.518052	343854.261978
13.000000	65.000000	0.800000	20.518052	342068.238261
13.000000	65.000000	0.900000	20.518052	340686.501394
13.000000	65.000000	1.000000	17.493749	339547.605822
14.000000	55.000000	0.000000	51.389139	1291789.351688
14.000000	55.000000	0.100000	37.055706	446029.126368
14.000000	55.000000	0.200000	37.163716	387293.342034
14.000000	55.000000	0.300000	55.757576	368330.809126
14.000000	55.000000	0.400000	55.757576	358487.236001
14.000000	55.000000	0.500000	55.757576	352660.790867
14.000000	55.000000	0.600000	14.205421	348817.842869
14.000000	55.000000	0.700000	14.205421	345959.235639
14.000000	55.000000	0.800000	14.205421	343843.314213
14.000000	55.000000	0.900000	14.205421	342224.185213
14.000000	55.000000	1.000000	14.205421	340953.304303
14.000000	56.000000	0.000000	55.125513	1292969.628451
14.000000	56.000000	0.100000	37.387739	444346.680689
14.000000	56.000000	0.200000	37.387739	385020.534938
14.000000	56.000000	0.300000	14.281428	365674.071069
14.000000	56.000000	0.400000	14.281428	356232.282609
14.000000	56.000000	0.500000	14.281428	350804.912837
14.000000	56.000000	0.600000	14.281428	347315.056987
14.000000	56.000000	0.700000	14.281428	344894.684144
14.000000	56.000000	0.800000	14.281428	343122.260965
14.000000	56.000000	0.900000	14.281428	341770.298141
14.000000	56.000000	1.000000	17.441744	340616.698784
14.000000	57.000000	0.000000	14.553455	1289532.742991
14.000000	57.000000	0.100000	17.517752	447067.195432
14.000000	57.000000	0.200000	26.342634	387876.340587
14.000000	57.000000	0.300000	26.342634	368250.132139
14.000000	57.000000	0.400000	26.342634	358609.911884
14.000000	57.000000	0.500000	17.765777	352714.895132
14.000000	57.000000	0.600000	17.765777	348757.293775
14.000000	57.000000	0.700000	17.765777	345973.924265
14.000000	57.000000	0.800000	17.765777	343921.061576
14.000000	57.000000	0.900000	51.309131	342334.776445
14.000000	57.000000	1.000000	51.449145	341039.122139
14.000000	58.000000	0.000000	11.445145	1293425.913604
14.000000	58.000000	0.100000	16.857686	445512.043123
14.000000	58.000000	0.200000	20.426043	386693.051595
14.000000	58.000000	0.300000	20.494049	367163.612239
14.000000	58.000000	0.400000	20.494049	357720.747657
14.000000	58.000000	0.500000	20.510051	352059.003113
14.000000	58.000000	0.600000	52.457246	348195.538079
14.000000	58.000000	0.700000	52.457246	345429.973115
14.000000	58.000000	0.800000	52.457246	343385.202393
14.000000	58.000000	0.900000	52.457246	341818.642476
14.000000	58.000000	1.000000	52.457246	340584.763724
14.000000	59.000000	0.000000	23.866387	1286280.285056
14.000000	59.000000	0.100000	55.681568	443453.710762
14.000000	59.000000	0.200000	55.817582	383367.271238
14.000000	59.000000	0.300000	57.953795	364726.660008
14.000000	59.000000	0.400000	57.953795	355393.171139
14.000000	59.000000	0.500000	57.953795	350021.908803
14.000000	59.000000	0.600000	57.953795	346568.127464
14.000000	59.000000	0.700000	57.953795	344177.929093
14.000000	59.000000	0.800000	57.953795	342434.354375
14.000000	59.000000	0.900000	57.953795	341111.139491
14.000000	59.000000	1.000000	57.953795	340075.696807
14.000000	60.000000	0.000000	2.264226	1257993.544113
14.000000	60.000000	0.100000	9.980998	409341.832801
14.000000	60.000000	0.200000	9.980998	356603.541667
14.000000	60.000000	0.300000	9.997000	342495.189247
14.000000	60.000000	0.400000	9.997000	337113.272380
14.000000	60.000000	0.500000	9.997000	334828.329765
14.000000	60.000000	0.600000	9.997000	333891.099095
14.000000	60.000000	0.700000	9.997000	333609.811604
14.000000	60.000000	0.800000	9.997000	333667.243267
14.000000	60.000000	0.900000	9.997000	333903.442735
14.000000	60.000000	1.000000	9.997000	334232.507317
14.000000	61.000000	0.000000	56.669667	1292854.645340
14.000000	61.000000	0.100000	20.470047	447994.069744
14.000000	61.000000	0.200000	20.470047	387904.423644
14.000000	61.000000	0.300000	20.470047	368005.050517
14.000000	61.000000	0.400000	20.470047	358172.117254
14.000000	61.000000	0.500000	20.634063	352352.255463
14.000000	61.000000	0.600000	20.634063	348529.933872
14.000000	61.000000	0.700000	20.634063	345852.164006
14.000000	61.000000	0.800000	20.634063	343880.421434
14.000000	61.000000	0.900000	20.634063	342371.496826
14.000000	61.000000	1.000000	20.518052	341174.556406
14.000000	62.000000	0.000000	21.710171	1294426.513608
14.000000	62.000000	0.100000	27.146715	448261.446934
14.000000	62.000000	0.200000	51.545155	387494.052316
14.000000	62.000000	0.300000	51.545155	367580.259774
14.000000	62.000000	0.400000	52.769277	357871.545620
14.000000	62.000000	0.500000	52.769277	352039.716435
14.000000	62.000000	0.600000	53.285329	348202.392261
14.000000	62.000000	0.700000	53.285329	345475.725306
14.000000	62.000000	0.800000	53.285329	343467.539460
14.000000	62.000000	0.900000	53.285329	341930.621537
14.000000	62.000000	1.000000	53.285329	340718.909641
14.000000	63.000000	0.000000	22.226223	1288416.248696
14.000000	63.000000	0.100000	54.081408	448031.715451
14.000000	63.000000	0.200000	54.509451	386504.320623
14.000000	63.000000	0.300000	54.445445	366781.777198
14.000000	63.000000	0.400000	54.445445	357318.133536
14.000000	63.000000	0.500000	54.445445	351846.801844
14.000000	63.000000	0.600000	54.445445	348312.113028
14.000000	63.000000	0.700000	51.313131	345650.384830
14.000000	63.000000	0.800000	51.313131	343599.591843
14.000000	63.000000	0.900000	51.313131	342043.842589
14.000000	63.000000	1.000000	51.313131	340827.651549
14.000000	64.000000	0.000000	56.785679	1275919.192526
14.000000	64.000000	0.100000	37.123712	443230.672822
14.000000	64.000000	0.200000	37.075708	385454.930451
14.000000	64.000000	0.300000	36.887689	367265.496081
14.000000	64.000000	0.400000	12.017202	358049.850257
14.000000	64.000000	0.500000	12.017202	352493.833552
14.000000	64.000000	0.600000	53.337334	348736.278512
14.000000	64.000000	0.700000	53.337334	345952.157903
14.000000	64.000000	0.800000	53.337334	343893.128716
14.000000	64.000000	0.900000	53.337334	342311.969284
14.000000	64.000000	1.000000	53.337334	341062.180448
14.000000	65.000000	0.000000	12.133213	1274740.423910
14.000000	65.000000	0.100000	18.533853	442845.903661
14.000000	65.000000	0.200000	18.533853	386140.969136
14.000000	65.000000	0.300000	18.533853	367487.549147
14.000000	65.000000	0.400000	52.125213	358221.383129
14.000000	65.000000	0.500000	52.125213	352599.927074
14.000000	65.000000	0.600000	20.518052	348770.056383
14.000000	65.000000	0.700000	20.518052	345991.759370
14.000000	65.000000	0.800000	20.518052	343912.113899
14.000000	65.000000	0.900000	20.518052	342302.573017
14.000000	65.000000	1.000000	20.518052	341024.394691
15.000000	55.000000	0.000000	51.389139	1435351.784588
15.000000	55.000000	0.100000	37.055706	463443.917538
15.000000	55.000000	0.200000	37.163716	395807.813057
15.000000	55.000000	0.300000	37.163716	373961.505985
15.000000	55.000000	0.400000	55.757576	362714.012708
15.000000	55.000000	0.500000	55.757576	356002.688742
15.000000	55.000000	0.600000	14.205421	351511.669397
15.000000	55.000000	0.700000	14.205421	348225.682917
15.000000	55.000000	0.800000	14.205421	345791.229219
15.000000	55.000000	0.900000	14.205421	343926.251780
15.000000	55.000000	1.000000	14.205421	342460.436358
15.000000	56.000000	0.000000	55.125513	1436541.703127
15.000000	56.000000	0.100000	37.387739	461586.773197
15.000000	56.000000	0.200000	37.387739	393339.157436
15.000000	56.000000	0.300000	14.281428	371133.463607
15.000000	56.000000	0.400000	14.281428	360236.088771
15.000000	56.000000	0.500000	14.281428	353952.345563
15.000000	56.000000	0.600000	14.281428	349900.744504
15.000000	56.000000	0.700000	14.281428	347084.294882
15.000000	56.000000	0.800000	14.281428	345017.875033
15.000000	56.000000	0.900000	14.281428	343439.147082
15.000000	56.000000	1.000000	14.281428	342194.609894
15.000000	57.000000	0.000000	14.553455	1432874.793178
15.000000	57.000000	0.100000	17.517752	464688.040469
15.000000	57.000000	0.200000	26.342634	396410.286701
15.000000	57.000000	0.300000	26.342634	373819.861970
15.000000	57.000000	0.400000	26.342634	362709.881649
15.000000	57.000000	0.500000	17.765777	356094.145720
15.000000	57.000000	0.600000	17.765777	351541.388773
15.000000	57.000000	0.700000	17.765777	348336.014162
15.000000	57.000000	0.800000	17.765777	345969.123422
15.000000	57.000000	0.900000	51.449145	344128.584711
15.000000	57.000000	1.000000	51.449145	342615.518728
15.000000	58.000000	0.000000	11.445145	1436827.616341
15.000000	58.000000	0.100000	16.857686	462973.914319
15.000000	58.000000	0.200000	20.426043	395253.726625
15.000000	58.000000	0.300000	20.494049	372773.742839
15.000000	58.000000	0.400000	20.494049	361875.215036
15.000000	58.000000	0.500000	20.510051	355347.638619
15.000000	58.000000	0.600000	52.457246	350943.021560
15.000000	58.000000	0.700000	52.457246	347756.723258
15.000000	58.000000	0.800000	52.457246	345398.502491
15.000000	58.000000	0.900000	52.457246	343589.849106
15.000000	58.000000	1.000000	52.457246	342163.678889
15.000000	59.000000	0.000000	23.866387	1429272.684472
15.000000	59.000000	0.100000	55.681568	460788.432323
15.000000	59.000000	0.200000	55.817582	391707.882180
15.000000	59.000000	0.300000	57.953795	370105.114610
15.000000	59.000000	0.400000	57.953795	359323.775078
15.000000	59.000000	0.500000	57.953795	353100.147011
15.000000	59.000000	0.600000	57.953795	349087.197242
15.000000	59.000000	0.700000	57.953795	346303.077440
15.000000	59.000000	0.800000	57.953795	344267.566687
15.000000	59.000000	0.900000	57.953795	342719.640129
15.000000	59.000000	1.000000	57.953795	341506.079991
15.000000	60.000000	0.000000	2.264226	1398301.416227
15.000000	60.000000	0.100000	9.980998	423191.187368
15.000000	60.000000	0.200000	9.980998	362001.987303
15.000000	60.000000	0.300000	9.997000	345310.799497
15.000000	60.000000	0.400000	9.997000	338763.287115
15.000000	60.000000	0.500000	9.997000	335846.430183
15.000000	60.000000	0.600000	9.997000	334529.784709
15.000000	60.000000	0.700000	9.997000	334005.212284
15.000000	60.000000	0.800000	9.997000	333899.351229
15.000000	60.000000	0.900000	9.997000	334022.225770
15.000000	60.000000	1.000000	9.997000	334270.637708
15.000000	61.000000	0.000000	56.669667	1436412.666582
15.000000	61.000000	0.100000	20.470047	465638.316928
15.000000	61.000000	0.200000	20.470047	396572.665117
15.000000	61.000000	0.300000	20.470047	373689.563970
15.000000	61.000000	0.400000	20.470047	362373.105455
15.000000	61.000000	0.500000	20.634063	355648.945685
15.000000	61.000000	0.600000	20.634063	351241.131371
15.000000	61.000000	0.700000	20.634063	348148.899262
15.000000	61.000000	0.800000	20.634063	345868.922959
15.000000	61.000000	0.900000	20.634063	344122.021707
15.000000	61.000000	1.000000	20.634063	342741.781452
15.000000	62.000000	0.000000	21.710171	1438079.633733
15.000000	62.000000	0.100000	27.146715	465722.576151
15.000000	62.000000	0.200000	51.545155	396153.379692
15.000000	62.000000	0.300000	51.545155	373254.829174
15.000000	62.000000	0.400000	52.769277	362078.809993
15.000000	62.000000	0.500000	52.769277	355361.717456
15.000000	62.000000	0.600000	53.285329	350948.221920
15.000000	62.000000	0.700000	53.285329	347803.600075
15.000000	62.000000	0.800000	53.285329	345484.577410
15.000000	62.000000	0.900000	53.285329	343707.683322
15.000000	62.000000	1.000000	53.285329	342305.263326
15.000000	63.000000	0.000000	22.226223	1431640.892849
15.000000	63.000000	0.100000	54.145415	465640.562515
15.000000	63.000000	0.200000	54.509451	395009.308714
15.000000	63.000000	0.300000	54.445445	372322.569828
15.000000	63.000000	0.400000	54.445445	361401.778743
15.000000	63.000000	0.500000	54.445445	355070.933519
15.000000	63.000000	0.600000	54.445445	350971.297180
15.000000	63.000000	0.700000	51.313131	347979.957057
15.000000	63.000000	0.800000	51.313131	345615.283883
15.000000	63.000000	0.900000	51.313131	343818.213370
15.000000	63.000000	1.000000	51.313131	342410.994291
15.000000	64.000000	0.000000	56.785679	1418260.330365
15.000000	64.000000	0.100000	37.123712	460437.183243
15.000000	64.000000	0.200000	37.075708	393851.688564
15.000000	64.000000	0.300000	38.247825	372744.166650
15.000000	64.000000	0.400000	12.017202	362083.201837
15.000000	64.000000	0.500000	12.017202	355661.622669
15.000000	64.000000	0.600000	12.017202	351411.807207
15.000000	64.000000	0.700000	53.337334	348304.827110
15.000000	64.000000	0.800000	53.337334	345931.329434
15.000000	64.000000	0.900000	53.337334	344107.033727
15.000000	64.000000	1.000000	53.337334	342663.817009
15.000000	65.000000	0.000000	12.133213	1416930.695881
15.000000	65.000000	0.100000	18.533853	460115.688466
15.000000	65.000000	0.200000	18.533853	394676.513339
15.000000	65.000000	0.300000	18.533853	373128.361979
15.000000	65.000000	0.400000	18.533853	362450.559163
15.000000	65.000000	0.500000	20.474047	355960.898942
15.000000	65.000000	0.600000	20.518052	351507.749164
15.000000	65.000000	0.700000	20.518052	348307.809394
15.000000	65.000000	0.800000	20.518052	345912.222839
15.000000	65.000000	0.900000	20.518052	344057.518432
15.000000	65.000000	1.000000	20.518052	342583.884399
