5.000000	55.000000	0.000000	6.480648	3241.761934
5.000000	55.000000	0.100000	9.952995	3186.612071
5.000000	55.000000	0.200000	9.988999	2962.164906
5.000000	55.000000	0.300000	10.829083	2762.051555
5.000000	55.000000	0.400000	10.929093	2470.369435
5.000000	55.000000	0.500000	11.129113	2134.121222
5.000000	55.000000	0.600000	11.229123	1811.461686
5.000000	55.000000	0.700000	11.229123	1550.508170
5.000000	55.000000	0.800000	11.293129	1339.567464
5.000000	55.000000	0.900000	11.393139	1182.827948
5.000000	55.000000	1.000000	11.393139	1056.765320
5.000000	56.000000	0.000000	6.508651	3206.852808
5.000000	56.000000	0.100000	10.025003	3156.470821
5.000000	56.000000	0.200000	10.309031	2888.255503
5.000000	56.000000	0.300000	10.609061	2559.673766
5.000000	56.000000	0.400000	11.093109	2228.664249
5.000000	56.000000	0.500000	11.193119	1946.121717
5.000000	56.000000	0.600000	11.193119	1677.915418
5.000000	56.000000	0.700000	11.293129	1458.118014
5.000000	56.000000	0.800000	11.293129	1277.850488
5.000000	56.000000	0.900000	11.393139	1134.793157
5.000000	56.000000	1.000000	11.393139	1021.841995
5.000000	57.000000	0.000000	0.064006	3262.478319
5.000000	57.000000	0.100000	10.009001	3160.439235
5.000000	57.000000	0.200000	10.209021	2908.190699
5.000000	57.000000	0.300000	10.545055	2562.671722
5.000000	57.000000	0.400000	11.077108	2248.107495
5.000000	57.000000	0.500000	11.177118	1974.231688
5.000000	57.000000	0.600000	11.277128	1713.212375
5.000000	57.000000	0.700000	11.277128	1498.189640
5.000000	57.000000	0.800000	11.277128	1323.633767
5.000000	57.000000	0.900000	11.377138	1188.443763
5.000000	57.000000	1.000000	11.377138	1081.547655
5.000000	58.000000	0.000000	0.752075	3276.520084
5.000000	58.000000	0.100000	10.045005	3231.739458
5.000000	58.000000	0.200000	10.145015	3002.884667
5.000000	58.000000	0.300000	10.445045	2651.576135
5.000000	58.000000	0.400000	11.109111	2311.440134
5.000000	58.000000	0.500000	11.209121	2031.632094
5.000000	58.000000	0.600000	11.309131	1763.005110
5.000000	58.000000	0.700000	11.361136	1543.582893
5.000000	58.000000	0.800000	11.361136	1368.096245
5.000000	58.000000	0.900000	11.361136	1225.830527
5.000000	58.000000	1.000000	11.361136	1112.029289
5.000000	59.000000	0.000000	9.856986	3369.568735
5.000000	59.000000	0.100000	10.025003	3213.602463
5.000000	59.000000	0.200000	10.309031	2964.423763
5.000000	59.000000	0.300000	10.709071	2697.465655
5.000000	59.000000	0.400000	11.077108	2440.353550
5.000000	59.000000	0.500000	11.177118	2176.985523
5.000000	59.000000	0.600000	11.277128	1930.206273
5.000000	59.000000	0.700000	11.377138	1718.334114
5.000000	59.000000	0.800000	11.377138	1551.182015
5.000000	59.000000	0.900000	11.377138	1413.120059
5.000000	59.000000	1.000000	11.445145	1307.912427
5.000000	60.000000	0.000000	3.380338	9164.904698
5.000000	60.000000	0.100000	10.197020	9164.264070
5.000000	60.000000	0.200000	10.697070	9112.721618
5.000000	60.000000	0.300000	10.997100	8839.991368
5.000000	60.000000	0.400000	11.197120	8100.795011
5.000000	60.000000	0.500000	11.297130	7103.195476
5.000000	60.000000	0.600000	11.397140	6053.845683
5.000000	60.000000	0.700000	11.397140	5165.330600
5.000000	60.000000	0.800000	11.497150	4451.614825
5.000000	60.000000	0.900000	11.497150	3884.460552
5.000000	60.000000	1.000000	11.497150	3421.212312
5.000000	61.000000	0.000000	7.592759	3387.753112
5.000000	61.000000	0.100000	9.968997	3231.450140
5.000000	61.000000	0.200000	10.301030	2989.848898
5.000000	61.000000	0.300000	10.817082	2729.256288
5.000000	61.000000	0.400000	11.049105	2488.432974
5.000000	61.000000	0.500000	11.249125	2235.796244
5.000000	61.000000	0.600000	11.365137	1994.671402
5.000000	61.000000	0.700000	11.365137	1797.316802
5.000000	61.000000	0.800000	11.365137	1631.529475
5.000000	61.000000	0.900000	11.365137	1498.151168
5.000000	61.000000	1.000000	11.465147	1392.456597
5.000000	62.000000	0.000000	9.968997	3340.761076
5.000000	62.000000	0.100000	9.920992	3265.509307
5.000000	62.000000	0.200000	10.221022	2922.555329
5.000000	62.000000	0.300000	10.821082	2571.468677
5.000000	62.000000	0.400000	10.933093	2275.178503
5.000000	62.000000	0.500000	11.133113	2012.717759
5.000000	62.000000	0.600000	11.233123	1764.245641
5.000000	62.000000	0.700000	11.249125	1556.479891
5.000000	62.000000	0.800000	11.249125	1384.893881
5.000000	62.000000	0.900000	11.249125	1246.194312
5.000000	62.000000	1.000000	11.249125	1135.016520
5.000000	63.000000	0.000000	2.144214	3321.460160
5.000000	63.000000	0.100000	10.001000	3188.269805
5.000000	63.000000	0.200000	10.217022	2920.778802
5.000000	63.000000	0.300000	10.733073	2632.119034
5.000000	63.000000	0.400000	11.033103	2361.569231
5.000000	63.000000	0.500000	11.149115	2078.943601
5.000000	63.000000	0.600000	11.249125	1815.574763
5.000000	63.000000	0.700000	11.249125	1592.699010
5.000000	63.000000	0.800000	11.249125	1412.275106
5.000000	63.000000	0.900000	11.249125	1269.729634
5.000000	63.000000	1.000000	11.349135	1157.125625
5.000000	64.000000	0.000000	4.452445	3278.713963
5.000000	64.000000	0.100000	9.952995	3203.946584
5.000000	64.000000	0.200000	10.069007	2928.600126
5.000000	64.000000	0.300000	10.641064	2589.607552
5.000000	64.000000	0.400000	10.941094	2300.031902
5.000000	64.000000	0.500000	11.141114	1995.798006
5.000000	64.000000	0.600000	11.281128	1740.055481
5.000000	64.000000	0.700000	11.381138	1522.152977
5.000000	64.000000	0.800000	11.381138	1351.464152
5.000000	64.000000	0.900000	11.381138	1210.381587
5.000000	64.000000	1.000000	11.465147	1098.276304
5.000000	65.000000	0.000000	4.320432	4309.773483
5.000000	65.000000	0.100000	10.013001	4262.408571
5.000000	65.000000	0.200000	10.705071	4218.431302
5.000000	65.000000	0.300000	11.005101	4093.886532
5.000000	65.000000	0.400000	11.205121	3757.539262
5.000000	65.000000	0.500000	11.305131	3300.741621
5.000000	65.000000	0.600000	11.405141	2813.817081
5.000000	65.000000	0.700000	11.405141	2395.799643
5.000000	65.000000	0.800000	11.505151	2065.098426
5.000000	65.000000	0.900000	11.505151	1798.578897
5.000000	65.000000	1.000000	11.605161	1581.597681
6.000000	55.000000	0.000000	1.100110	3789.034533
6.000000	55.000000	0.100000	10.009001	3887.561107
6.000000	55.000000	0.200000	10.329033	3843.519200
6.000000	55.000000	0.300000	10.529053	3747.937137
6.000000	55.000000	0.400000	10.629063	3453.605792
6.000000	55.000000	0.500000	10.729073	2990.451769
6.000000	55.000000	0.600000	10.829083	2521.999566
6.000000	55.000000	0.700000	10.929093	2124.044780
6.000000	55.000000	0.800000	10.993099	1815.044561
6.000000	55.000000	0.900000	10.993099	1584.554947
6.000000	55.000000	1.000000	11.093109	1407.721533
6.000000	56.000000	0.000000	1.580158	3705.642124
6.000000	56.000000	0.100000	10.009001	3812.058695
6.000000	56.000000	0.200000	10.009001	3743.473530
6.000000	56.000000	0.300000	10.313031	3394.545976
6.000000	56.000000	0.400000	10.693069	3029.644685
6.000000	56.000000	0.500000	10.793079	2647.738439
6.000000	56.000000	0.600000	10.893089	2268.647404
6.000000	56.000000	0.700000	10.993099	1945.069681
6.000000	56.000000	0.800000	10.993099	1692.719991
6.000000	56.000000	0.900000	10.993099	1492.938673
6.000000	56.000000	1.000000	10.993099	1336.892019
6.000000	57.000000	0.000000	5.132513	3913.807975
6.000000	57.000000	0.100000	9.956996	3852.045213
6.000000	57.000000	0.200000	10.045005	3737.188833
6.000000	57.000000	0.300000	10.245025	3390.084163
6.000000	57.000000	0.400000	10.777078	3039.742581
6.000000	57.000000	0.500000	10.877088	2682.554209
6.000000	57.000000	0.600000	10.877088	2314.923481
6.000000	57.000000	0.700000	10.977098	2006.944715
6.000000	57.000000	0.800000	10.977098	1765.580971
6.000000	57.000000	0.900000	10.977098	1581.044861
6.000000	57.000000	1.000000	10.977098	1437.939433
6.000000	58.000000	0.000000	7.148715	3784.151558
6.000000	58.000000	0.100000	9.872987	3852.639300
6.000000	58.000000	0.200000	10.045005	3831.222831
6.000000	58.000000	0.300000	10.145015	3493.390313
6.000000	58.000000	0.400000	10.709071	3149.263984
6.000000	58.000000	0.500000	10.909091	2780.232175
6.000000	58.000000	0.600000	10.961096	2411.130944
6.000000	58.000000	0.700000	10.961096	2087.962089
6.000000	58.000000	0.800000	11.061106	1836.128368
6.000000	58.000000	0.900000	11.061106	1638.695557
6.000000	58.000000	1.000000	11.061106	1483.547913
6.000000	59.000000	0.000000	0.316032	3805.096597
6.000000	59.000000	0.100000	10.009001	3936.860363
6.000000	59.000000	0.200000	10.109011	3818.842670
6.000000	59.000000	0.300000	10.409041	3562.853692
6.000000	59.000000	0.400000	10.777078	3279.051331
6.000000	59.000000	0.500000	10.877088	2946.429127
6.000000	59.000000	0.600000	10.977098	2599.762166
6.000000	59.000000	0.700000	11.045105	2297.709986
6.000000	59.000000	0.800000	11.045105	2072.155696
6.000000	59.000000	0.900000	11.045105	1893.583070
6.000000	59.000000	1.000000	11.045105	1751.084685
6.000000	60.000000	0.000000	3.380338	10919.488491
6.000000	60.000000	0.100000	9.997000	11523.663244
6.000000	60.000000	0.200000	10.397040	11883.834694
6.000000	60.000000	0.300000	10.697070	12014.367419
6.000000	60.000000	0.400000	10.797080	11484.573851
6.000000	60.000000	0.500000	10.897090	10110.242871
6.000000	60.000000	0.600000	10.997100	8593.912480
6.000000	60.000000	0.700000	11.097110	7253.114216
6.000000	60.000000	0.800000	11.097110	6137.221445
6.000000	60.000000	0.900000	11.197120	5309.626071
6.000000	60.000000	1.000000	11.197120	4655.238074
6.000000	61.000000	0.000000	8.556856	3902.570589
6.000000	61.000000	0.100000	10.001000	4002.303761
6.000000	61.000000	0.200000	10.001000	3843.898849
6.000000	61.000000	0.300000	10.501050	3584.757379
6.000000	61.000000	0.400000	10.749075	3350.723439
6.000000	61.000000	0.500000	10.965097	3048.897068
6.000000	61.000000	0.600000	10.965097	2723.755988
6.000000	61.000000	0.700000	11.065107	2441.016235
6.000000	61.000000	0.800000	11.065107	2211.747496
6.000000	61.000000	0.900000	11.065107	2029.599788
6.000000	61.000000	1.000000	11.065107	1885.157650
6.000000	62.000000	0.000000	7.952795	3871.954684
6.000000	62.000000	0.100000	9.920992	3952.614426
6.000000	62.000000	0.200000	9.904990	3798.585060
6.000000	62.000000	0.300000	10.521052	3418.053833
6.000000	62.000000	0.400000	10.633063	3041.818155
6.000000	62.000000	0.500000	10.833083	2716.139104
6.000000	62.000000	0.600000	10.849085	2386.316419
6.000000	62.000000	0.700000	10.949095	2087.326304
6.000000	62.000000	0.800000	10.949095	1849.655694
6.000000	62.000000	0.900000	10.949095	1658.971284
6.000000	62.000000	1.000000	10.949095	1507.977668
6.000000	63.000000	0.000000	1.860186	3792.264036
6.000000	63.000000	0.100000	10.017002	3895.811752
6.000000	63.000000	0.200000	10.017002	3759.116618
6.000000	63.000000	0.300000	10.433043	3473.297059
6.000000	63.000000	0.400000	10.733073	3178.751303
6.000000	63.000000	0.500000	10.849085	2826.550853
6.000000	63.000000	0.600000	10.949095	2451.785589
6.000000	63.000000	0.700000	10.949095	2140.230301
6.000000	63.000000	0.800000	10.949095	1889.265125
6.000000	63.000000	0.900000	10.949095	1693.826962
6.000000	63.000000	1.000000	10.949095	1540.749874
6.000000	64.000000	0.000000	6.436644	3768.010492
6.000000	64.000000	0.100000	9.936994	3842.173132
6.000000	64.000000	0.200000	9.952995	3759.456426
6.000000	64.000000	0.300000	10.325033	3438.034607
6.000000	64.000000	0.400000	10.641064	3128.907985
6.000000	64.000000	0.500000	10.741074	2740.118543
6.000000	64.000000	0.600000	10.981098	2391.403102
6.000000	64.000000	0.700000	10.981098	2085.636200
6.000000	64.000000	0.800000	10.981098	1828.659079
6.000000	64.000000	0.900000	10.981098	1624.569267
6.000000	64.000000	1.000000	11.065107	1469.141216
6.000000	65.000000	0.000000	0.028003	5207.765060
6.000000	65.000000	0.100000	10.005001	5445.777729
6.000000	65.000000	0.200000	10.405041	5580.795207
6.000000	65.000000	0.300000	10.605061	5634.931729
6.000000	65.000000	0.400000	10.805081	5373.316244
6.000000	65.000000	0.500000	10.905091	4733.282808
6.000000	65.000000	0.600000	11.005101	4023.088095
6.000000	65.000000	0.700000	11.105111	3400.571569
6.000000	65.000000	0.800000	11.205121	2871.466515
6.000000	65.000000	0.900000	11.205121	2492.876485
6.000000	65.000000	1.000000	11.205121	2185.032492
7.000000	55.000000	0.000000	7.028703	4317.644990
7.000000	55.000000	0.100000	10.029003	4579.533504
7.000000	55.000000	0.200000	10.029003	4798.009017
7.000000	55.000000	0.300000	10.229023	4816.393636
7.000000	55.000000	0.400000	10.329033	4545.245125
7.000000	55.000000	0.500000	10.429043	3955.667924
7.000000	55.000000	0.600000	10.529053	3305.359977
7.000000	55.000000	0.700000	10.629063	2750.702312
7.000000	55.000000	0.800000	10.693069	2319.588607
7.000000	55.000000	0.900000	10.793079	2010.161497
7.000000	55.000000	1.000000	10.793079	1777.251834
7.000000	56.000000	0.000000	3.352335	4034.681051
7.000000	56.000000	0.100000	10.013001	4257.487454
7.000000	56.000000	0.200000	10.013001	4418.419874
7.000000	56.000000	0.300000	10.013001	4276.701492
7.000000	56.000000	0.400000	10.393039	3887.345736
7.000000	56.000000	0.500000	10.493049	3403.653544
7.000000	56.000000	0.600000	10.593059	2894.384594
7.000000	56.000000	0.700000	10.693069	2459.842009
7.000000	56.000000	0.800000	10.777078	2126.043766
7.000000	56.000000	0.900000	10.809081	1870.502226
7.000000	56.000000	1.000000	10.861086	1671.796428
7.000000	57.000000	0.000000	8.744874	4178.360227
7.000000	57.000000	0.100000	9.816982	4380.377716
7.000000	57.000000	0.200000	9.956996	4448.935838
7.000000	57.000000	0.300000	10.093009	4225.533531
7.000000	57.000000	0.400000	10.477048	3909.675585
7.000000	57.000000	0.500000	10.577058	3462.207221
7.000000	57.000000	0.600000	10.577058	2955.542820
7.000000	57.000000	0.700000	10.677068	2542.397785
7.000000	57.000000	0.800000	10.677068	2222.011604
7.000000	57.000000	0.900000	10.677068	1987.808922
7.000000	57.000000	1.000000	10.677068	1812.436114
7.000000	58.000000	0.000000	8.044804	4077.368102
7.000000	58.000000	0.100000	9.992999	4297.392360
7.000000	58.000000	0.200000	9.992999	4453.795324
7.000000	58.000000	0.300000	10.309031	4290.107813
7.000000	58.000000	0.400000	10.509051	4068.175913
7.000000	58.000000	0.500000	10.609061	3626.477715
7.000000	58.000000	0.600000	10.661066	3126.518934
7.000000	58.000000	0.700000	10.661066	2673.955414
7.000000	58.000000	0.800000	10.761076	2335.736105
7.000000	58.000000	0.900000	10.761076	2071.646402
7.000000	58.000000	1.000000	10.761076	1870.315999
7.000000	59.000000	0.000000	7.364736	4162.807009
7.000000	59.000000	0.100000	9.840984	4442.561552
7.000000	59.000000	0.200000	10.009001	4644.880731
7.000000	59.000000	0.300000	10.109011	4471.616602
7.000000	59.000000	0.400000	10.477048	4177.687704
7.000000	59.000000	0.500000	10.645065	3778.427278
7.000000	59.000000	0.600000	10.645065	3325.761792
7.000000	59.000000	0.700000	10.745075	2935.396369
7.000000	59.000000	0.800000	10.745075	2635.336970
7.000000	59.000000	0.900000	10.745075	2403.848437
7.000000	59.000000	1.000000	10.745075	2221.344194
7.000000	60.000000	0.000000	3.380338	12427.770499
7.000000	60.000000	0.100000	9.997000	13738.802466
7.000000	60.000000	0.200000	10.097010	14748.694884
7.000000	60.000000	0.300000	10.397040	15518.447314
7.000000	60.000000	0.400000	10.497050	15324.288815
7.000000	60.000000	0.500000	10.697070	13710.711307
7.000000	60.000000	0.600000	10.697070	11511.569167
7.000000	60.000000	0.700000	10.797080	9616.854870
7.000000	60.000000	0.800000	10.797080	8005.280345
7.000000	60.000000	0.900000	10.897090	6878.533436
7.000000	60.000000	1.000000	10.897090	5981.504102
7.000000	61.000000	0.000000	6.116612	4184.368266
7.000000	61.000000	0.100000	10.001000	4396.167522
7.000000	61.000000	0.200000	10.001000	4664.008333
7.000000	61.000000	0.300000	10.201020	4488.065696
7.000000	61.000000	0.400000	10.449045	4269.583578
7.000000	61.000000	0.500000	10.665067	3959.427659
7.000000	61.000000	0.600000	10.765077	3527.146946
7.000000	61.000000	0.700000	10.765077	3150.492098
7.000000	61.000000	0.800000	10.765077	2839.909708
7.000000	61.000000	0.900000	10.765077	2598.409011
7.000000	61.000000	1.000000	10.765077	2409.367890
7.000000	62.000000	0.000000	3.420342	4245.322440
7.000000	62.000000	0.100000	9.936994	4514.016739
7.000000	62.000000	0.200000	9.904990	4634.336546
7.000000	62.000000	0.300000	10.305031	4311.647850
7.000000	62.000000	0.400000	10.621062	3905.575766
7.000000	62.000000	0.500000	10.533053	3494.076440
7.000000	62.000000	0.600000	10.549055	3053.609334
7.000000	62.000000	0.700000	10.649065	2667.607449
7.000000	62.000000	0.800000	10.649065	2346.471196
7.000000	62.000000	0.900000	10.649065	2095.170970
7.000000	62.000000	1.000000	10.649065	1899.886180
7.000000	63.000000	0.000000	2.560256	4187.985442
7.000000	63.000000	0.100000	9.984998	4319.837344
7.000000	63.000000	0.200000	10.033003	4517.765643
7.000000	63.000000	0.300000	10.133013	4350.489192
7.000000	63.000000	0.400000	10.449045	4058.971339
7.000000	63.000000	0.500000	10.549055	3637.249042
7.000000	63.000000	0.600000	10.649065	3150.630938
7.000000	63.000000	0.700000	10.649065	2725.240817
7.000000	63.000000	0.800000	10.649065	2391.698884
7.000000	63.000000	0.900000	10.649065	2137.599168
7.000000	63.000000	1.000000	10.649065	1941.559513
7.000000	64.000000	0.000000	9.220922	4128.975893
7.000000	64.000000	0.100000	9.892989	4357.608993
7.000000	64.000000	0.200000	9.908991	4487.087910
7.000000	64.000000	0.300000	10.025003	4338.345365
7.000000	64.000000	0.400000	10.341034	4028.801583
7.000000	64.000000	0.500000	10.541054	3581.781229
7.000000	64.000000	0.600000	10.681068	3115.542202
7.000000	64.000000	0.700000	10.681068	2691.242651
7.000000	64.000000	0.800000	10.681068	2342.905990
7.000000	64.000000	0.900000	10.681068	2072.909486
7.000000	64.000000	1.000000	10.765077	1866.607063
7.000000	65.000000	0.000000	8.304830	5985.021299
7.000000	65.000000	0.100000	9.904990	6512.800361
7.000000	65.000000	0.200000	10.105011	6996.496445
7.000000	65.000000	0.300000	10.305031	7293.352636
7.000000	65.000000	0.400000	10.505051	7179.539222
7.000000	65.000000	0.500000	10.705071	6388.812767
7.000000	65.000000	0.600000	10.697070	5386.380195
7.000000	65.000000	0.700000	10.797080	4522.726298
7.000000	65.000000	0.800000	10.797080	3781.379194
7.000000	65.000000	0.900000	10.897090	3243.549941
7.000000	65.000000	1.000000	10.897090	2822.517012
8.000000	55.000000	0.000000	6.828683	4613.372131
8.000000	55.000000	0.100000	9.864986	5047.925702
8.000000	55.000000	0.200000	10.029003	5482.646520
8.000000	55.000000	0.300000	10.029003	5884.894508
8.000000	55.000000	0.400000	10.029003	5697.104901
8.000000	55.000000	0.500000	10.229023	5011.026479
8.000000	55.000000	0.600000	10.329033	4143.674693
8.000000	55.000000	0.700000	10.329033	3409.431671
8.000000	55.000000	0.800000	10.429043	2850.234202
8.000000	55.000000	0.900000	10.493049	2458.678548
8.000000	55.000000	1.000000	10.493049	2154.914336
8.000000	56.000000	0.000000	3.280328	4182.174275
8.000000	56.000000	0.100000	9.904990	4548.104149
8.000000	56.000000	0.200000	9.992999	4891.425719
8.000000	56.000000	0.300000	9.992999	5029.681508
8.000000	56.000000	0.400000	10.193019	4784.350915
8.000000	56.000000	0.500000	10.293029	4215.289449
8.000000	56.000000	0.600000	10.393039	3548.430496
8.000000	56.000000	0.700000	10.477048	2990.808319
8.000000	56.000000	0.800000	10.577058	2587.214246
8.000000	56.000000	0.900000	10.609061	2271.119512
8.000000	56.000000	1.000000	10.561056	2036.117698
8.000000	57.000000	0.000000	7.644764	4410.343063
8.000000	57.000000	0.100000	9.872987	4743.785578
8.000000	57.000000	0.200000	10.013001	4989.373325
8.000000	57.000000	0.300000	10.013001	5078.137900
8.000000	57.000000	0.400000	10.177018	4827.057443
8.000000	57.000000	0.500000	10.277028	4289.849650
8.000000	57.000000	0.600000	10.377038	3645.233431
8.000000	57.000000	0.700000	10.377038	3093.443108
8.000000	57.000000	0.800000	10.377038	2692.994004
8.000000	57.000000	0.900000	10.377038	2414.091123
8.000000	57.000000	1.000000	10.377038	2208.812344
8.000000	58.000000	0.000000	5.716572	4303.636986
8.000000	58.000000	0.100000	9.888989	4670.856746
8.000000	58.000000	0.200000	10.009001	5029.839250
8.000000	58.000000	0.300000	10.109011	5207.961757
8.000000	58.000000	0.400000	10.209021	5091.232116
8.000000	58.000000	0.500000	10.309031	4565.097015
8.000000	58.000000	0.600000	10.361036	3881.517974
8.000000	58.000000	0.700000	10.461046	3311.809533
8.000000	58.000000	0.800000	10.461046	2857.600441
8.000000	58.000000	0.900000	10.461046	2519.327501
8.000000	58.000000	1.000000	10.461046	2271.932107
8.000000	59.000000	0.000000	0.296030	4761.169742
8.000000	59.000000	0.100000	10.025003	4882.165739
8.000000	59.000000	0.200000	9.908991	5186.514542
8.000000	59.000000	0.300000	10.009001	5341.303334
8.000000	59.000000	0.400000	10.193019	5111.703673
8.000000	59.000000	0.500000	10.345035	4688.156597
8.000000	59.000000	0.600000	10.445045	4116.855044
8.000000	59.000000	0.700000	10.445045	3605.765911
8.000000	59.000000	0.800000	10.445045	3211.905074
8.000000	59.000000	0.900000	10.545055	2916.050767
8.000000	59.000000	1.000000	10.545055	2711.914626
8.000000	60.000000	0.000000	9.997000	13423.121314
8.000000	60.000000	0.100000	9.997000	15419.903370
8.000000	60.000000	0.200000	9.997000	17607.039464
8.000000	60.000000	0.300000	10.097010	19213.378741
8.000000	60.000000	0.400000	10.297030	19739.335289
8.000000	60.000000	0.500000	10.397040	18032.403716
8.000000	60.000000	0.600000	10.497050	14992.126786
8.000000	60.000000	0.700000	10.497050	12102.843911
8.000000	60.000000	0.800000	10.597060	10120.633744
8.000000	60.000000	0.900000	10.597060	8551.570692
8.000000	60.000000	1.000000	10.597060	7349.315602
8.000000	61.000000	0.000000	0.756076	4784.388651
8.000000	61.000000	0.100000	9.968997	4946.870842
8.000000	61.000000	0.200000	10.017002	5173.321608
8.000000	61.000000	0.300000	10.001000	5405.078428
8.000000	61.000000	0.400000	10.249025	5260.688755
8.000000	61.000000	0.500000	10.465047	4926.820552
8.000000	61.000000	0.600000	10.465047	4409.675706
8.000000	61.000000	0.700000	10.465047	3885.035653
8.000000	61.000000	0.800000	10.565057	3487.837317
8.000000	61.000000	0.900000	10.565057	3200.708319
8.000000	61.000000	1.000000	10.565057	2979.119061
8.000000	62.000000	0.000000	5.904590	4508.016241
8.000000	62.000000	0.100000	9.952995	4893.198791
8.000000	62.000000	0.200000	9.904990	5322.407281
8.000000	62.000000	0.300000	10.005001	5247.780945
8.000000	62.000000	0.400000	10.405041	4839.312530
8.000000	62.000000	0.500000	10.249025	4333.798139
8.000000	62.000000	0.600000	10.349035	3798.136882
8.000000	62.000000	0.700000	10.349035	3268.631554
8.000000	62.000000	0.800000	10.433043	2849.167294
8.000000	62.000000	0.900000	10.449045	2538.690007
8.000000	62.000000	1.000000	10.449045	2301.942749
8.000000	63.000000	0.000000	5.428543	4701.362567
8.000000	63.000000	0.100000	9.872987	4805.102078
8.000000	63.000000	0.200000	9.968997	4992.272325
8.000000	63.000000	0.300000	10.033003	5203.804099
8.000000	63.000000	0.400000	10.249025	4985.266360
8.000000	63.000000	0.500000	10.349035	4517.025877
8.000000	63.000000	0.600000	10.349035	3877.892263
8.000000	63.000000	0.700000	10.433043	3338.230770
8.000000	63.000000	0.800000	10.433043	2917.366862
8.000000	63.000000	0.900000	10.433043	2598.431083
8.000000	63.000000	1.000000	10.449045	2358.871726
8.000000	64.000000	0.000000	7.064706	4372.235729
8.000000	64.000000	0.100000	9.892989	4724.335666
8.000000	64.000000	0.200000	9.908991	5040.876070
8.000000	64.000000	0.300000	9.924992	5232.960457
8.000000	64.000000	0.400000	10.141014	4972.082629
8.000000	64.000000	0.500000	10.241024	4480.556386
8.000000	64.000000	0.600000	10.381038	3874.618009
8.000000	64.000000	0.700000	10.481048	3334.330333
8.000000	64.000000	0.800000	10.481048	2899.487030
8.000000	64.000000	0.900000	10.481048	2562.293060
8.000000	64.000000	1.000000	10.481048	2304.410626
8.000000	65.000000	0.000000	1.520152	6510.266180
8.000000	65.000000	0.100000	9.997000	7406.019995
8.000000	65.000000	0.200000	9.997000	8359.364003
8.000000	65.000000	0.300000	10.105011	9038.105880
8.000000	65.000000	0.400000	10.297030	9169.258763
8.000000	65.000000	0.500000	10.397040	8396.343407
8.000000	65.000000	0.600000	10.497050	7051.386941
8.000000	65.000000	0.700000	10.497050	5753.576878
8.000000	65.000000	0.800000	10.597060	4809.285161
8.000000	65.000000	0.900000	10.597060	4071.269828
8.000000	65.000000	1.000000	10.597060	3497.484999
9.000000	55.000000	0.000000	9.464946	4315.893225
9.000000	55.000000	0.100000	9.028903	5091.882125
9.000000	55.000000	0.200000	9.628963	5637.898575
9.000000	55.000000	0.300000	9.828983	6187.693048
9.000000	55.000000	0.400000	9.864986	6336.846338
9.000000	55.000000	0.500000	10.029003	6083.687648
9.000000	55.000000	0.600000	10.029003	5056.328477
9.000000	55.000000	0.700000	10.129013	4115.688645
9.000000	55.000000	0.800000	10.229023	3386.752512
9.000000	55.000000	0.900000	10.293029	2911.720340
9.000000	55.000000	1.000000	10.293029	2546.750784
9.000000	56.000000	0.000000	4.332433	4397.412230
9.000000	56.000000	0.100000	9.796980	4814.822937
9.000000	56.000000	0.200000	9.796980	5234.920647
9.000000	56.000000	0.300000	9.992999	5602.296419
9.000000	56.000000	0.400000	9.992999	5685.223179
9.000000	56.000000	0.500000	10.093009	5038.692350
9.000000	56.000000	0.600000	10.093009	4218.660873
9.000000	56.000000	0.700000	10.309031	3570.626205
9.000000	56.000000	0.800000	10.309031	3077.792532
9.000000	56.000000	0.900000	10.309031	2694.281140
9.000000	56.000000	1.000000	10.361036	2403.413046
9.000000	57.000000	0.000000	5.836584	4529.748297
9.000000	57.000000	0.100000	9.748975	4975.268085
9.000000	57.000000	0.200000	9.976998	5455.673411
9.000000	57.000000	0.300000	9.976998	5833.297563
9.000000	57.000000	0.400000	9.976998	5807.095294
9.000000	57.000000	0.500000	10.077008	5174.254481
9.000000	57.000000	0.600000	10.177018	4342.065621
9.000000	57.000000	0.700000	10.261026	3670.702415
9.000000	57.000000	0.800000	10.261026	3205.171173
9.000000	57.000000	0.900000	10.361036	2855.158759
9.000000	57.000000	1.000000	10.177018	2603.069398
9.000000	58.000000	0.000000	6.960696	4655.423786
9.000000	58.000000	0.100000	9.908991	5042.694429
9.000000	58.000000	0.200000	9.908991	5527.918674
9.000000	58.000000	0.300000	9.960996	5993.485635
9.000000	58.000000	0.400000	10.009001	6143.096917
9.000000	58.000000	0.500000	10.109011	5553.265549
9.000000	58.000000	0.600000	10.161016	4718.787668
9.000000	58.000000	0.700000	10.261026	3950.216668
9.000000	58.000000	0.800000	10.261026	3388.857598
9.000000	58.000000	0.900000	10.261026	2973.104071
9.000000	58.000000	1.000000	10.261026	2677.747418
9.000000	59.000000	0.000000	0.096010	5267.425994
9.000000	59.000000	0.100000	9.924992	5460.069658
9.000000	59.000000	0.200000	9.992999	5782.317836
9.000000	59.000000	0.300000	9.992999	6131.505648
9.000000	59.000000	0.400000	9.992999	6134.045088
9.000000	59.000000	0.500000	10.145015	5655.723677
9.000000	59.000000	0.600000	10.245025	4908.867981
9.000000	59.000000	0.700000	10.245025	4291.070926
9.000000	59.000000	0.800000	10.245025	3823.317769
9.000000	59.000000	0.900000	10.245025	3478.953163
9.000000	59.000000	1.000000	10.245025	3210.839116
9.000000	60.000000	0.000000	3.280328	13172.162705
9.000000	60.000000	0.100000	9.596960	15810.909815
9.000000	60.000000	0.200000	9.896990	18874.701123
9.000000	60.000000	0.300000	9.997000	22641.214980
9.000000	60.000000	0.400000	10.097010	24348.150108
9.000000	60.000000	0.500000	10.197020	22725.135733
9.000000	60.000000	0.600000	10.297030	18600.329685
9.000000	60.000000	0.700000	10.297030	15031.273351
9.000000	60.000000	0.800000	10.397040	12240.649397
9.000000	60.000000	0.900000	10.397040	10321.999038
9.000000	60.000000	1.000000	10.397040	8854.071525
9.000000	61.000000	0.000000	0.460046	5331.972288
9.000000	61.000000	0.100000	10.001000	5459.908140
9.000000	61.000000	0.200000	10.017002	5754.557661
9.000000	61.000000	0.300000	10.001000	6099.972726
9.000000	61.000000	0.400000	10.049005	6285.214256
9.000000	61.000000	0.500000	10.165017	5966.642440
9.000000	61.000000	0.600000	10.265027	5342.596379
9.000000	61.000000	0.700000	10.265027	4697.585761
9.000000	61.000000	0.800000	10.265027	4196.641752
9.000000	61.000000	0.900000	10.265027	3821.469423
9.000000	61.000000	1.000000	10.365037	3549.716300
9.000000	62.000000	0.000000	0.904090	4537.859504
9.000000	62.000000	0.100000	9.920992	5099.062216
9.000000	62.000000	0.200000	9.904990	5780.768583
9.000000	62.000000	0.300000	9.904990	6186.847227
9.000000	62.000000	0.400000	10.205021	5824.955165
9.000000	62.000000	0.500000	10.049005	5237.215619
9.000000	62.000000	0.600000	10.149015	4569.865795
9.000000	62.000000	0.700000	10.149015	3920.323530
9.000000	62.000000	0.800000	10.149015	3405.053644
9.000000	62.000000	0.900000	10.149015	3020.533147
9.000000	62.000000	1.000000	10.149015	2730.693875
9.000000	63.000000	0.000000	7.096710	5153.259479
9.000000	63.000000	0.100000	10.033003	5282.317129
9.000000	63.000000	0.200000	10.033003	5556.182754
9.000000	63.000000	0.300000	10.033003	5801.764233
9.000000	63.000000	0.400000	10.033003	5943.026570
9.000000	63.000000	0.500000	10.133013	5440.574695
9.000000	63.000000	0.600000	10.149015	4663.858810
9.000000	63.000000	0.700000	10.233023	3969.455406
9.000000	63.000000	0.800000	10.233023	3460.569324
9.000000	63.000000	0.900000	10.233023	3080.666894
9.000000	63.000000	1.000000	10.233023	2791.612485
9.000000	64.000000	0.000000	9.048905	4490.551103
9.000000	64.000000	0.100000	10.049005	4931.493496
9.000000	64.000000	0.200000	10.049005	5441.630007
9.000000	64.000000	0.300000	9.908991	5822.757422
9.000000	64.000000	0.400000	9.924992	5981.438076
9.000000	64.000000	0.500000	10.041004	5463.968734
9.000000	64.000000	0.600000	10.181018	4730.770587
9.000000	64.000000	0.700000	10.181018	4006.431564
9.000000	64.000000	0.800000	10.181018	3446.760773
9.000000	64.000000	0.900000	10.181018	3033.606015
9.000000	64.000000	1.000000	10.365037	2727.958236
9.000000	65.000000	0.000000	0.220022	6449.211319
9.000000	65.000000	0.100000	9.696970	7678.482949
9.000000	65.000000	0.200000	9.896990	9110.071064
9.000000	65.000000	0.300000	9.997000	10791.726682
9.000000	65.000000	0.400000	10.097010	11418.573729
9.000000	65.000000	0.500000	10.197020	10625.596479
9.000000	65.000000	0.600000	10.297030	8776.240810
9.000000	65.000000	0.700000	10.297030	7183.085025
9.000000	65.000000	0.800000	10.397040	5842.569354
9.000000	65.000000	0.900000	10.397040	4937.076075
9.000000	65.000000	1.000000	10.397040	4232.260128
10.000000	55.000000	0.000000	8.212821	3855.539591
10.000000	55.000000	0.100000	8.028803	5106.235138
10.000000	55.000000	0.200000	9.028903	5646.220677
10.000000	55.000000	0.300000	9.428943	6184.922998
10.000000	55.000000	0.400000	9.628963	6451.128532
10.000000	55.000000	0.500000	9.828983	6332.526950
10.000000	55.000000	0.600000	9.992999	5621.886536
10.000000	55.000000	0.700000	9.992999	4733.427659
10.000000	55.000000	0.800000	9.992999	3941.096655
10.000000	55.000000	0.900000	10.093009	3373.712209
10.000000	55.000000	1.000000	10.093009	2941.383255
10.000000	56.000000	0.000000	6.976698	3932.640563
10.000000	56.000000	0.100000	8.796880	4804.051143
10.000000	56.000000	0.200000	9.296930	5246.924173
10.000000	56.000000	0.300000	9.796980	5676.770565
10.000000	56.000000	0.400000	9.940994	6001.217855
10.000000	56.000000	0.500000	9.976998	5808.329776
10.000000	56.000000	0.600000	10.009001	4920.192864
10.000000	56.000000	0.700000	10.109011	4169.136504
10.000000	56.000000	0.800000	10.109011	3578.700021
10.000000	56.000000	0.900000	10.109011	3129.185100
10.000000	56.000000	1.000000	10.061006	2778.572692
10.000000	57.000000	0.000000	0.644064	4103.918650
10.000000	57.000000	0.100000	8.836884	4970.106120
10.000000	57.000000	0.200000	9.520952	5464.036398
10.000000	57.000000	0.300000	9.748975	5917.926753
10.000000	57.000000	0.400000	9.888989	6109.778899
10.000000	57.000000	0.500000	9.976998	5929.488856
10.000000	57.000000	0.600000	9.976998	5052.752176
10.000000	57.000000	0.700000	10.061006	4280.360132
10.000000	57.000000	0.800000	10.061006	3739.627871
10.000000	57.000000	0.900000	10.161016	3315.620403
10.000000	57.000000	1.000000	10.161016	3003.815244
10.000000	58.000000	0.000000	8.236824	4315.246745
10.000000	58.000000	0.100000	9.184918	5080.781635
10.000000	58.000000	0.200000	9.632963	5571.909340
10.000000	58.000000	0.300000	9.684968	6147.290849
10.000000	58.000000	0.400000	9.908991	6569.338113
10.000000	58.000000	0.500000	9.960996	6426.481351
10.000000	58.000000	0.600000	9.960996	5533.828590
10.000000	58.000000	0.700000	10.061006	4612.370575
10.000000	58.000000	0.800000	10.061006	3925.469547
10.000000	58.000000	0.900000	10.061006	3425.347722
10.000000	58.000000	1.000000	10.061006	3081.926976
10.000000	59.000000	0.000000	0.216022	4953.469866
10.000000	59.000000	0.100000	9.468947	5607.173024
10.000000	59.000000	0.200000	9.756976	6013.834066
10.000000	59.000000	0.300000	9.824982	6522.653955
10.000000	59.000000	0.400000	9.892989	6825.151969
10.000000	59.000000	0.500000	9.960996	6518.856954
10.000000	59.000000	0.600000	10.045005	5737.884967
10.000000	59.000000	0.700000	10.045005	4987.026730
10.000000	59.000000	0.800000	10.045005	4434.613991
10.000000	59.000000	0.900000	10.045005	4036.852423
10.000000	59.000000	1.000000	10.045005	3728.865011
10.000000	60.000000	0.000000	9.997000	10117.125437
10.000000	60.000000	0.100000	8.596860	15609.715734
10.000000	60.000000	0.200000	9.396940	18830.311155
10.000000	60.000000	0.300000	9.696970	22785.671005
10.000000	60.000000	0.400000	9.896990	26942.248729
10.000000	60.000000	0.500000	9.997000	27947.979650
10.000000	60.000000	0.600000	10.097010	22579.309403
10.000000	60.000000	0.700000	10.097010	18049.849916
10.000000	60.000000	0.800000	10.197020	14474.816531
10.000000	60.000000	0.900000	10.197020	12139.271002
10.000000	60.000000	1.000000	10.197020	10373.177954
10.000000	61.000000	0.000000	5.212521	5276.321794
10.000000	61.000000	0.100000	9.900990	5617.981790
10.000000	61.000000	0.200000	9.900990	5954.177671
10.000000	61.000000	0.300000	9.900990	6401.969407
10.000000	61.000000	0.400000	10.065007	6915.952353
10.000000	61.000000	0.500000	10.065007	7045.643848
10.000000	61.000000	0.600000	10.065007	6322.068692
10.000000	61.000000	0.700000	10.065007	5528.662610
10.000000	61.000000	0.800000	10.065007	4927.193719
10.000000	61.000000	0.900000	10.065007	4483.778490
10.000000	61.000000	1.000000	10.165017	4155.941342
10.000000	62.000000	0.000000	9.968997	4520.514631
10.000000	62.000000	0.100000	8.904890	5097.398188
10.000000	62.000000	0.200000	9.904990	5940.198682
10.000000	62.000000	0.300000	9.888989	6866.450049
10.000000	62.000000	0.400000	10.005001	6858.454075
10.000000	62.000000	0.500000	10.205021	6210.363762
10.000000	62.000000	0.600000	10.305031	5339.797914
10.000000	62.000000	0.700000	10.405041	4528.885958
10.000000	62.000000	0.800000	10.033003	3924.624256
10.000000	62.000000	0.900000	10.033003	3480.914187
10.000000	62.000000	1.000000	10.033003	3147.623693
10.000000	63.000000	0.000000	6.016602	4513.952697
10.000000	63.000000	0.100000	9.048905	5312.062423
10.000000	63.000000	0.200000	9.540954	5595.417264
10.000000	63.000000	0.300000	10.017002	5690.932367
10.000000	63.000000	0.400000	9.984998	6227.869780
10.000000	63.000000	0.500000	10.001000	6226.134932
10.000000	63.000000	0.600000	10.017002	5456.694238
10.000000	63.000000	0.700000	10.017002	4638.132699
10.000000	63.000000	0.800000	10.033003	4021.464497
10.000000	63.000000	0.900000	10.033003	3577.051819
10.000000	63.000000	1.000000	10.033003	3242.517459
10.000000	64.000000	0.000000	0.080008	4454.948375
10.000000	64.000000	0.100000	9.876988	5000.087852
10.000000	64.000000	0.200000	10.049005	5584.031618
10.000000	64.000000	0.300000	10.049005	6206.339680
10.000000	64.000000	0.400000	10.065007	6436.542596
10.000000	64.000000	0.500000	9.940994	6350.087853
10.000000	64.000000	0.600000	9.940994	5539.700531
10.000000	64.000000	0.700000	10.081008	4630.372400
10.000000	64.000000	0.800000	10.065007	3992.160276
10.000000	64.000000	0.900000	10.065007	3532.222937
10.000000	64.000000	1.000000	10.065007	3181.676516
10.000000	65.000000	0.000000	8.496850	4943.601215
10.000000	65.000000	0.100000	8.304830	7642.212285
10.000000	65.000000	0.200000	9.496950	9083.123149
10.000000	65.000000	0.300000	9.696970	10863.970249
10.000000	65.000000	0.400000	9.896990	12690.646583
10.000000	65.000000	0.500000	9.997000	13119.997509
10.000000	65.000000	0.600000	10.097010	10692.969147
10.000000	65.000000	0.700000	10.097010	8670.605198
10.000000	65.000000	0.800000	10.097010	6950.467246
10.000000	65.000000	0.900000	10.197020	5831.447437
10.000000	65.000000	1.000000	10.197020	4977.272337
11.000000	55.000000	0.000000	0.268027	3356.312913
11.000000	55.000000	0.100000	7.028703	5103.568129
11.000000	55.000000	0.200000	8.628863	5656.469390
11.000000	55.000000	0.300000	9.228923	6173.206864
11.000000	55.000000	0.400000	9.428943	6515.431808
11.000000	55.000000	0.500000	9.628963	6316.577375
11.000000	55.000000	0.600000	9.828983	5717.800841
11.000000	55.000000	0.700000	9.992999	5010.019683
11.000000	55.000000	0.800000	9.992999	4341.494004
11.000000	55.000000	0.900000	9.992999	3751.276628
11.000000	55.000000	1.000000	9.992999	3277.129751
11.000000	56.000000	0.000000	0.244024	3462.367642
11.000000	56.000000	0.100000	7.832783	4813.973889
11.000000	56.000000	0.200000	9.064906	5250.496045
11.000000	56.000000	0.300000	9.332933	5713.376274
11.000000	56.000000	0.400000	9.708971	6016.269104
11.000000	56.000000	0.500000	9.852985	5928.345772
11.000000	56.000000	0.600000	9.976998	5445.948337
11.000000	56.000000	0.700000	9.976998	4696.262144
11.000000	56.000000	0.800000	9.976998	4024.739408
11.000000	56.000000	0.900000	10.009001	3509.080756
11.000000	56.000000	1.000000	10.009001	3132.230966
11.000000	57.000000	0.000000	0.276028	3552.841419
11.000000	57.000000	0.100000	7.836784	4990.732223
11.000000	57.000000	0.200000	9.064906	5447.839861
11.000000	57.000000	0.300000	9.432943	5877.727461
11.000000	57.000000	0.400000	9.660966	6121.135562
11.000000	57.000000	0.500000	9.836984	6007.309546
11.000000	57.000000	0.600000	9.976998	5458.883944
11.000000	57.000000	0.700000	10.009001	4727.531525
11.000000	57.000000	0.800000	10.009001	4157.154227
11.000000	57.000000	0.900000	10.009001	3718.271964
11.000000	57.000000	1.000000	10.061006	3352.178377
11.000000	58.000000	0.000000	7.684768	3677.867327
11.000000	58.000000	0.100000	8.184818	5076.313856
11.000000	58.000000	0.200000	9.184918	5580.658005
11.000000	58.000000	0.300000	9.408941	6180.078699
11.000000	58.000000	0.400000	9.632963	6555.132828
11.000000	58.000000	0.500000	9.856986	6375.679897
11.000000	58.000000	0.600000	9.908991	5846.072963
11.000000	58.000000	0.700000	9.960996	5051.855622
11.000000	58.000000	0.800000	9.960996	4318.633062
11.000000	58.000000	0.900000	9.976998	3730.524457
11.000000	58.000000	1.000000	9.976998	3382.390992
11.000000	59.000000	0.000000	9.384938	4215.441533
11.000000	59.000000	0.100000	8.468847	5615.815951
11.000000	59.000000	0.200000	9.180918	6035.850044
11.000000	59.000000	0.300000	9.536954	6508.368489
11.000000	59.000000	0.400000	9.756976	6831.918825
11.000000	59.000000	0.500000	9.824982	6849.253447
11.000000	59.000000	0.600000	9.892989	6232.403438
11.000000	59.000000	0.700000	9.960996	5511.924676
11.000000	59.000000	0.800000	9.960996	4945.122327
11.000000	59.000000	0.900000	9.992999	4540.186396
11.000000	59.000000	1.000000	9.960996	4211.680847
11.000000	60.000000	0.000000	4.264426	7339.025246
11.000000	60.000000	0.100000	7.696770	15259.069242
11.000000	60.000000	0.200000	8.896890	18696.947739
11.000000	60.000000	0.300000	9.396940	22742.572654
11.000000	60.000000	0.400000	9.696970	26799.462402
11.000000	60.000000	0.500000	9.796980	27774.518328
11.000000	60.000000	0.600000	9.896990	24411.798154
11.000000	60.000000	0.700000	9.997000	20612.261042
11.000000	60.000000	0.800000	9.997000	16878.024168
11.000000	60.000000	0.900000	9.997000	14029.429063
11.000000	60.000000	1.000000	9.997000	11920.356824
11.000000	61.000000	0.000000	4.948495	4428.550722
11.000000	61.000000	0.100000	8.492849	5627.449323
11.000000	61.000000	0.200000	9.328933	5945.880297
11.000000	61.000000	0.300000	9.556956	6372.557362
11.000000	61.000000	0.400000	9.720972	6894.714346
11.000000	61.000000	0.500000	9.900990	7105.078435
11.000000	61.000000	0.600000	9.964996	6586.442291
11.000000	61.000000	0.700000	10.001000	5771.628690
11.000000	61.000000	0.800000	10.001000	5147.558686
11.000000	61.000000	0.900000	9.964996	4655.528666
11.000000	61.000000	1.000000	10.065007	4358.363867
11.000000	62.000000	0.000000	9.404940	4077.321823
11.000000	62.000000	0.100000	7.904790	5100.589329
11.000000	62.000000	0.200000	9.404940	5939.216733
11.000000	62.000000	0.300000	9.888989	7015.903823
11.000000	62.000000	0.400000	9.888989	7895.087374
11.000000	62.000000	0.500000	10.005001	7245.308895
11.000000	62.000000	0.600000	10.105011	6210.427575
11.000000	62.000000	0.700000	10.205021	5264.998385
11.000000	62.000000	0.800000	10.305031	4469.039853
11.000000	62.000000	0.900000	10.305031	3905.971228
11.000000	62.000000	1.000000	9.984998	3443.504019
11.000000	63.000000	0.000000	5.812581	4169.965981
11.000000	63.000000	0.100000	8.064806	5306.140925
11.000000	63.000000	0.200000	9.048905	5580.661558
11.000000	63.000000	0.300000	9.540954	5961.409670
11.000000	63.000000	0.400000	9.604960	6022.440790
11.000000	63.000000	0.500000	9.952995	6118.122471
11.000000	63.000000	0.600000	9.968997	5742.815401
11.000000	63.000000	0.700000	9.968997	5113.502156
11.000000	63.000000	0.800000	9.968997	4499.824274
11.000000	63.000000	0.900000	9.984998	4011.301039
11.000000	63.000000	1.000000	9.984998	3610.077165
11.000000	64.000000	0.000000	2.236224	4283.993472
11.000000	64.000000	0.100000	8.548855	4993.265907
11.000000	64.000000	0.200000	9.548955	5623.808108
11.000000	64.000000	0.300000	9.720972	6253.361526
11.000000	64.000000	0.400000	10.049005	6721.288516
11.000000	64.000000	0.500000	10.049005	6404.364287
11.000000	64.000000	0.600000	9.956996	5886.101100
11.000000	64.000000	0.700000	9.956996	5157.798748
11.000000	64.000000	0.800000	9.956996	4445.286383
11.000000	64.000000	0.900000	9.956996	3900.981104
11.000000	64.000000	1.000000	9.956996	3487.272872
11.000000	65.000000	0.000000	3.996400	3820.377757
11.000000	65.000000	0.100000	7.504750	7683.167216
11.000000	65.000000	0.200000	8.904890	9052.225352
11.000000	65.000000	0.300000	9.496950	10777.768765
11.000000	65.000000	0.400000	9.696970	12596.477369
11.000000	65.000000	0.500000	9.796980	12933.531215
11.000000	65.000000	0.600000	9.896990	11572.729743
11.000000	65.000000	0.700000	9.997000	9867.512538
11.000000	65.000000	0.800000	9.997000	8135.698874
11.000000	65.000000	0.900000	9.997000	6766.179256
11.000000	65.000000	1.000000	9.997000	5733.825248
12.000000	55.000000	0.000000	9.848985	3018.069475
12.000000	55.000000	0.100000	6.228623	5090.022459
12.000000	55.000000	0.200000	8.228823	5653.533055
12.000000	55.000000	0.300000	8.828883	6197.129383
12.000000	55.000000	0.400000	9.228923	6531.357269
12.000000	55.000000	0.500000	9.464946	6266.049688
12.000000	55.000000	0.600000	9.664966	5668.688969
12.000000	55.000000	0.700000	9.936994	5026.365482
12.000000	55.000000	0.800000	9.972997	4427.654021
12.000000	55.000000	0.900000	10.029003	3884.167648
12.000000	55.000000	1.000000	10.029003	3435.587583
12.000000	56.000000	0.000000	9.012901	3129.445069
12.000000	56.000000	0.100000	6.832683	4812.330613
12.000000	56.000000	0.200000	8.564856	5275.427474
12.000000	56.000000	0.300000	9.064906	5740.554549
12.000000	56.000000	0.400000	9.476948	5995.700415
12.000000	56.000000	0.500000	9.708971	6000.703526
12.000000	56.000000	0.600000	9.796980	5402.787957
12.000000	56.000000	0.700000	9.976998	4870.189070
12.000000	56.000000	0.800000	9.976998	4310.401091
12.000000	56.000000	0.900000	9.976998	3827.306648
12.000000	56.000000	1.000000	9.976998	3427.068990
12.000000	57.000000	0.000000	8.816882	3107.529484
12.000000	57.000000	0.100000	7.064706	4973.858817
12.000000	57.000000	0.200000	8.520852	5450.819214
12.000000	57.000000	0.300000	9.064906	5859.741454
12.000000	57.000000	0.400000	9.432943	6133.000173
12.000000	57.000000	0.500000	9.696970	5963.929230
12.000000	57.000000	0.600000	9.888989	5483.761428
12.000000	57.000000	0.700000	9.976998	4901.496528
12.000000	57.000000	0.800000	9.992999	4366.207968
12.000000	57.000000	0.900000	9.992999	3867.785703
12.000000	57.000000	1.000000	10.009001	3549.410594
12.000000	58.000000	0.000000	6.580658	3271.132948
12.000000	58.000000	0.100000	7.236724	5069.473270
12.000000	58.000000	0.200000	8.684868	5606.050548
12.000000	58.000000	0.300000	9.184918	6158.862298
12.000000	58.000000	0.400000	9.408941	6593.968759
12.000000	58.000000	0.500000	9.632963	6443.251339
12.000000	58.000000	0.600000	9.856986	5820.253839
12.000000	58.000000	0.700000	9.908991	5125.997527
12.000000	58.000000	0.800000	9.908991	4444.136597
12.000000	58.000000	0.900000	10.009001	3918.352939
12.000000	58.000000	1.000000	9.992999	3490.541232
12.000000	59.000000	0.000000	7.672767	3597.362865
12.000000	59.000000	0.100000	7.536754	5629.301844
12.000000	59.000000	0.200000	8.824882	6044.668151
12.000000	59.000000	0.300000	9.180918	6500.738623
12.000000	59.000000	0.400000	9.468947	6901.044290
12.000000	59.000000	0.500000	9.656966	6729.358289
12.000000	59.000000	0.600000	9.824982	6254.368860
12.000000	59.000000	0.700000	9.824982	5551.621094
12.000000	59.000000	0.800000	9.824982	4995.342279
12.000000	59.000000	0.900000	9.892989	4651.538759
12.000000	59.000000	1.000000	9.892989	4383.512365
12.000000	60.000000	0.000000	8.364836	6172.623379
12.000000	60.000000	0.100000	6.180618	14990.950117
12.000000	60.000000	0.200000	8.496850	18542.990608
12.000000	60.000000	0.300000	9.096910	22626.576932
12.000000	60.000000	0.400000	9.496950	26555.223426
12.000000	60.000000	0.500000	9.696970	27716.166208
12.000000	60.000000	0.600000	9.796980	24853.574075
12.000000	60.000000	0.700000	9.896990	20590.089893
12.000000	60.000000	0.800000	9.896990	16975.707402
12.000000	60.000000	0.900000	9.997000	14586.273281
12.000000	60.000000	1.000000	9.997000	12670.938178
12.000000	61.000000	0.000000	0.572057	3889.845611
12.000000	61.000000	0.100000	7.656766	5624.717616
12.000000	61.000000	0.200000	9.064906	5944.704184
12.000000	61.000000	0.300000	9.392939	6449.837845
12.000000	61.000000	0.400000	9.556956	7009.786041
12.000000	61.000000	0.500000	9.720972	7030.669033
12.000000	61.000000	0.600000	9.800980	6435.173432
12.000000	61.000000	0.700000	9.900990	5739.406624
12.000000	61.000000	0.800000	9.900990	5199.287553
12.000000	61.000000	0.900000	10.001000	4804.198659
12.000000	61.000000	1.000000	10.001000	4583.313986
12.000000	62.000000	0.000000	2.836284	3436.770943
12.000000	62.000000	0.100000	6.888689	5095.167055
12.000000	62.000000	0.200000	8.888889	5936.633443
12.000000	62.000000	0.300000	9.388939	6991.764526
12.000000	62.000000	0.400000	9.888989	8172.218066
12.000000	62.000000	0.500000	9.888989	8341.702925
12.000000	62.000000	0.600000	10.005001	7155.931948
12.000000	62.000000	0.700000	10.005001	5987.725358
12.000000	62.000000	0.800000	10.105011	5121.692532
12.000000	62.000000	0.900000	10.105011	4431.567317
12.000000	62.000000	1.000000	10.205021	3904.004633
12.000000	63.000000	0.000000	6.860686	3467.083405
12.000000	63.000000	0.100000	7.588759	5336.300983
12.000000	63.000000	0.200000	8.556856	5522.667262
12.000000	63.000000	0.300000	9.096910	5815.440036
12.000000	63.000000	0.400000	9.508951	6261.464887
12.000000	63.000000	0.500000	9.904990	6041.489951
12.000000	63.000000	0.600000	9.920992	5736.426792
12.000000	63.000000	0.700000	9.920992	5146.534946
12.000000	63.000000	0.800000	9.936994	4710.366229
12.000000	63.000000	0.900000	9.936994	4312.397473
12.000000	63.000000	1.000000	9.952995	3963.554590
12.000000	64.000000	0.000000	1.736174	4003.721519
12.000000	64.000000	0.100000	7.720772	5002.094973
12.000000	64.000000	0.200000	9.048905	5607.677165
12.000000	64.000000	0.300000	9.548955	6273.940566
12.000000	64.000000	0.400000	9.948995	6743.712481
12.000000	64.000000	0.500000	9.948995	6709.653224
12.000000	64.000000	0.600000	10.017002	5989.543817
12.000000	64.000000	0.700000	9.972997	5376.120176
12.000000	64.000000	0.800000	9.972997	4669.464883
12.000000	64.000000	0.900000	9.972997	4103.975961
12.000000	64.000000	1.000000	9.972997	3682.502507
12.000000	65.000000	0.000000	2.888289	3278.592785
12.000000	65.000000	0.100000	6.804680	7682.416392
12.000000	65.000000	0.200000	8.504850	9118.448539
12.000000	65.000000	0.300000	9.104910	10886.649043
12.000000	65.000000	0.400000	9.496950	12435.035895
12.000000	65.000000	0.500000	9.696970	12844.396583
12.000000	65.000000	0.600000	9.796980	11710.450971
12.000000	65.000000	0.700000	9.896990	9825.296969
12.000000	65.000000	0.800000	9.896990	8201.225622
12.000000	65.000000	0.900000	9.997000	7016.048209
12.000000	65.000000	1.000000	9.997000	6102.901334
13.000000	55.000000	0.000000	9.248925	2773.759391
13.000000	55.000000	0.100000	5.392539	5091.966967
13.000000	55.000000	0.200000	7.828783	5651.847359
13.000000	55.000000	0.300000	8.628863	6201.586772
13.000000	55.000000	0.400000	9.028903	6532.964488
13.000000	55.000000	0.500000	9.392939	6224.307297
13.000000	55.000000	0.600000	9.592959	5690.974129
13.000000	55.000000	0.700000	9.828983	5106.200441
13.000000	55.000000	0.800000	9.972997	4508.808853
13.000000	55.000000	0.900000	9.972997	4020.783337
13.000000	55.000000	1.000000	9.972997	3579.185042
13.000000	56.000000	0.000000	2.280228	2729.397802
13.000000	56.000000	0.100000	6.100610	4816.530154
13.000000	56.000000	0.200000	8.064806	5275.093441
13.000000	56.000000	0.300000	8.832883	5729.844971
13.000000	56.000000	0.400000	9.296930	5947.074726
13.000000	56.000000	0.500000	9.564956	5924.135568
13.000000	56.000000	0.600000	9.708971	5476.216362
13.000000	56.000000	0.700000	9.868987	4841.834362
13.000000	56.000000	0.800000	10.025003	4318.047368
13.000000	56.000000	0.900000	10.025003	3905.558672
13.000000	56.000000	1.000000	10.025003	3480.633207
13.000000	57.000000	0.000000	6.080608	2818.454574
13.000000	57.000000	0.100000	6.152615	4985.096208
13.000000	57.000000	0.200000	8.292829	5434.741968
13.000000	57.000000	0.300000	8.836884	5872.277366
13.000000	57.000000	0.400000	9.292929	6148.301048
13.000000	57.000000	0.500000	9.520952	5991.061451
13.000000	57.000000	0.600000	9.696970	5453.997687
13.000000	57.000000	0.700000	9.888989	4944.266438
13.000000	57.000000	0.800000	9.992999	4415.331613
13.000000	57.000000	0.900000	9.992999	4050.461846
13.000000	57.000000	1.000000	9.992999	3689.659077
13.000000	58.000000	0.000000	4.184418	2875.042214
13.000000	58.000000	0.100000	6.460646	5072.386917
13.000000	58.000000	0.200000	8.184818	5598.606722
13.000000	58.000000	0.300000	8.908891	6158.822149
13.000000	58.000000	0.400000	9.184918	6594.457440
13.000000	58.000000	0.500000	9.460946	6459.407052
13.000000	58.000000	0.600000	9.632963	5837.880219
13.000000	58.000000	0.700000	9.856986	5152.221615
13.000000	58.000000	0.800000	9.856986	4526.676672
13.000000	58.000000	0.900000	9.976998	4085.167354
13.000000	58.000000	1.000000	10.009001	3647.416330
13.000000	59.000000	0.000000	2.384238	3158.217233
13.000000	59.000000	0.100000	6.536654	5617.506011
13.000000	59.000000	0.200000	8.468847	6007.028319
13.000000	59.000000	0.300000	8.892889	6460.424485
13.000000	59.000000	0.400000	9.248925	6841.422740
13.000000	59.000000	0.500000	9.536954	6833.009251
13.000000	59.000000	0.600000	9.672967	6170.579833
13.000000	59.000000	0.700000	9.756976	5516.342463
13.000000	59.000000	0.800000	9.756976	4963.608914
13.000000	59.000000	0.900000	9.824982	4638.314562
13.000000	59.000000	1.000000	9.824982	4440.536856
13.000000	60.000000	0.000000	4.548455	5414.537075
13.000000	60.000000	0.100000	5.480548	15297.110680
13.000000	60.000000	0.200000	8.096810	18348.899758
13.000000	60.000000	0.300000	8.896890	22451.135454
13.000000	60.000000	0.400000	9.296930	26457.583748
13.000000	60.000000	0.500000	9.496950	28000.869172
13.000000	60.000000	0.600000	9.696970	24573.148224
13.000000	60.000000	0.700000	9.796980	20498.078223
13.000000	60.000000	0.800000	9.796980	16968.024470
13.000000	60.000000	0.900000	9.896990	14604.988172
13.000000	60.000000	1.000000	9.896990	12622.482838
13.000000	61.000000	0.000000	2.572257	3732.630368
13.000000	61.000000	0.100000	6.820682	5625.463351
13.000000	61.000000	0.200000	8.556856	5950.837686
13.000000	61.000000	0.300000	9.064906	6423.113545
13.000000	61.000000	0.400000	9.392939	7048.582781
13.000000	61.000000	0.500000	9.556956	7150.843449
13.000000	61.000000	0.600000	9.720972	6480.773607
13.000000	61.000000	0.700000	9.720972	5725.881259
13.000000	61.000000	0.800000	9.820982	5199.841119
13.000000	61.000000	0.900000	9.836984	4687.607468
13.000000	61.000000	1.000000	9.884988	4456.700207
13.000000	62.000000	0.000000	0.320032	3418.496387
13.000000	62.000000	0.100000	6.372637	5099.359479
13.000000	62.000000	0.200000	8.388839	5922.793693
13.000000	62.000000	0.300000	9.388939	6981.198689
13.000000	62.000000	0.400000	9.788979	7712.248935
13.000000	62.000000	0.500000	9.788979	8652.072259
13.000000	62.000000	0.600000	9.888989	8077.280351
13.000000	62.000000	0.700000	9.904990	6811.192975
13.000000	62.000000	0.800000	9.904990	5747.564645
13.000000	62.000000	0.900000	10.005001	4977.484108
13.000000	62.000000	1.000000	10.005001	4397.911527
13.000000	63.000000	0.000000	4.908491	3584.124986
13.000000	63.000000	0.100000	6.588659	5346.630356
13.000000	63.000000	0.200000	8.556856	5568.370773
13.000000	63.000000	0.300000	9.048905	5926.933033
13.000000	63.000000	0.400000	9.444944	6007.927187
13.000000	63.000000	0.500000	9.508951	6265.843501
13.000000	63.000000	0.600000	9.888989	5817.977419
13.000000	63.000000	0.700000	9.904990	5270.300562
13.000000	63.000000	0.800000	9.904990	4724.281053
13.000000	63.000000	0.900000	9.904990	4377.690802
13.000000	63.000000	1.000000	9.920992	4161.903712
13.000000	64.000000	0.000000	2.964296	3790.276794
13.000000	64.000000	0.100000	7.220722	4999.938443
13.000000	64.000000	0.200000	8.720872	5613.814257
13.000000	64.000000	0.300000	9.220922	6273.947299
13.000000	64.000000	0.400000	9.776978	6839.874007
13.000000	64.000000	0.500000	10.033003	6743.427223
13.000000	64.000000	0.600000	10.033003	6332.912899
13.000000	64.000000	0.700000	10.017002	5586.378739
13.000000	64.000000	0.800000	10.017002	4951.406789
13.000000	64.000000	0.900000	10.017002	4374.490092
13.000000	64.000000	1.000000	10.017002	3895.435938
13.000000	65.000000	0.000000	2.180218	2942.678798
13.000000	65.000000	0.100000	6.004600	7633.747900
13.000000	65.000000	0.200000	8.104810	9164.780752
13.000000	65.000000	0.300000	8.904890	10840.162585
13.000000	65.000000	0.400000	9.204920	12414.795932
13.000000	65.000000	0.500000	9.504950	12918.036679
13.000000	65.000000	0.600000	9.696970	11475.653667
13.000000	65.000000	0.700000	9.796980	9738.541155
13.000000	65.000000	0.800000	9.796980	8165.272306
13.000000	65.000000	0.900000	9.896990	7041.018235
13.000000	65.000000	1.000000	9.896990	6113.260668
14.000000	55.000000	0.000000	0.084008	2543.260898
14.000000	55.000000	0.100000	4.592459	5104.061560
14.000000	55.000000	0.200000	7.428743	5650.749926
14.000000	55.000000	0.300000	8.428843	6172.930329
14.000000	55.000000	0.400000	8.828883	6524.080016
14.000000	55.000000	0.500000	9.228923	6337.689762
14.000000	55.000000	0.600000	9.428943	5711.950350
14.000000	55.000000	0.700000	9.828983	5046.929460
14.000000	55.000000	0.800000	9.828983	4581.501639
14.000000	55.000000	0.900000	9.992999	4092.736471
14.000000	55.000000	1.000000	9.992999	3709.615930
14.000000	56.000000	0.000000	6.744674	2567.419435
14.000000	56.000000	0.100000	5.368537	4812.722385
14.000000	56.000000	0.200000	7.832783	5262.754669
14.000000	56.000000	0.300000	8.564856	5738.770659
14.000000	56.000000	0.400000	9.064906	5997.541381
14.000000	56.000000	0.500000	9.352935	5900.110455
14.000000	56.000000	0.600000	9.564956	5433.552194
14.000000	56.000000	0.700000	9.744974	4903.876911
14.000000	56.000000	0.800000	9.900990	4336.044936
14.000000	56.000000	0.900000	9.940994	3936.236927
14.000000	56.000000	1.000000	9.940994	3560.136811
14.000000	57.000000	0.000000	0.976098	2618.126721
14.000000	57.000000	0.100000	5.380538	4978.677824
14.000000	57.000000	0.200000	7.836784	5460.395456
14.000000	57.000000	0.300000	8.608861	5863.190653
14.000000	57.000000	0.400000	9.064906	6167.934358
14.000000	57.000000	0.500000	9.380938	5995.075503
14.000000	57.000000	0.600000	9.660966	5482.454173
14.000000	57.000000	0.700000	9.800980	4903.046397
14.000000	57.000000	0.800000	9.888989	4421.152951
14.000000	57.000000	0.900000	9.956996	3975.494426
14.000000	57.000000	1.000000	9.956996	3671.507985
14.000000	58.000000	0.000000	8.096810	2598.215312
14.000000	58.000000	0.100000	5.736574	5080.252260
14.000000	58.000000	0.200000	7.960796	5587.577054
14.000000	58.000000	0.300000	8.684868	6149.807242
14.000000	58.000000	0.400000	8.960896	6507.336639
14.000000	58.000000	0.500000	9.356936	6375.084455
14.000000	58.000000	0.600000	9.580958	5801.290613
14.000000	58.000000	0.700000	9.632963	5101.292782
14.000000	58.000000	0.800000	9.856986	4596.026951
14.000000	58.000000	0.900000	9.856986	4103.225935
14.000000	58.000000	1.000000	10.009001	3746.508541
14.000000	59.000000	0.000000	9.400940	2869.016020
14.000000	59.000000	0.100000	5.892589	5632.435088
14.000000	59.000000	0.200000	7.892789	5982.838934
14.000000	59.000000	0.300000	8.824882	6441.506880
14.000000	59.000000	0.400000	9.112911	6866.579859
14.000000	59.000000	0.500000	9.400940	6739.947045
14.000000	59.000000	0.600000	9.536954	6277.616410
14.000000	59.000000	0.700000	9.604960	5534.845449
14.000000	59.000000	0.800000	9.688969	4931.162150
14.000000	59.000000	0.900000	9.756976	4584.546165
14.000000	59.000000	1.000000	9.756976	4368.866867
14.000000	60.000000	0.000000	6.748675	4857.363710
14.000000	60.000000	0.100000	4.880488	15538.306801
14.000000	60.000000	0.200000	7.696770	18135.966616
14.000000	60.000000	0.300000	8.596860	22364.381853
14.000000	60.000000	0.400000	9.096910	26485.943411
14.000000	60.000000	0.500000	9.396940	27425.215108
14.000000	60.000000	0.600000	9.496950	24341.067584
14.000000	60.000000	0.700000	9.696970	20439.328057
14.000000	60.000000	0.800000	9.796980	16962.590380
14.000000	60.000000	0.900000	9.796980	14597.710162
14.000000	60.000000	1.000000	9.896990	12574.910855
14.000000	61.000000	0.000000	4.408441	3513.425254
14.000000	61.000000	0.100000	5.984598	5617.617537
14.000000	61.000000	0.200000	8.228823	5935.193135
14.000000	61.000000	0.300000	8.720872	6345.163404
14.000000	61.000000	0.400000	9.228923	7016.531538
14.000000	61.000000	0.500000	9.392939	7175.479771
14.000000	61.000000	0.600000	9.556956	6603.393584
14.000000	61.000000	0.700000	9.656966	5787.461549
14.000000	61.000000	0.800000	9.720972	5252.748791
14.000000	61.000000	0.900000	9.820982	4852.116561
14.000000	61.000000	1.000000	9.820982	4564.082088
14.000000	62.000000	0.000000	8.932893	3471.678778
14.000000	62.000000	0.100000	5.372537	5097.986737
14.000000	62.000000	0.200000	8.388839	5889.717190
14.000000	62.000000	0.300000	8.888889	6993.044989
14.000000	62.000000	0.400000	9.388939	8170.801094
14.000000	62.000000	0.500000	9.788979	8277.185424
14.000000	62.000000	0.600000	9.788979	8220.111123
14.000000	62.000000	0.700000	9.888989	7206.766155
14.000000	62.000000	0.800000	9.888989	6335.363753
14.000000	62.000000	0.900000	9.888989	5558.139841
14.000000	62.000000	1.000000	9.888989	4882.373440
14.000000	63.000000	0.000000	9.860986	3596.084090
14.000000	63.000000	0.100000	6.112611	5308.124815
14.000000	63.000000	0.200000	8.064806	5669.681222
14.000000	63.000000	0.300000	8.604860	5834.639379
14.000000	63.000000	0.400000	9.032903	6208.845336
14.000000	63.000000	0.500000	9.460946	6134.038202
14.000000	63.000000	0.600000	9.812981	6116.288259
14.000000	63.000000	0.700000	9.812981	5602.703014
14.000000	63.000000	0.800000	9.928993	4912.852362
14.000000	63.000000	0.900000	9.888989	4407.318385
14.000000	63.000000	1.000000	9.888989	4167.815250
14.000000	64.000000	0.000000	5.948595	3433.553420
14.000000	64.000000	0.100000	6.392639	5002.649989
14.000000	64.000000	0.200000	8.548855	5612.364556
14.000000	64.000000	0.300000	9.048905	6246.560487
14.000000	64.000000	0.400000	9.548955	6715.591363
14.000000	64.000000	0.500000	9.932993	7017.759477
14.000000	64.000000	0.600000	9.932993	6693.789446
14.000000	64.000000	0.700000	10.033003	5965.939637
14.000000	64.000000	0.800000	10.033003	5256.034674
14.000000	64.000000	0.900000	10.033003	4645.689380
14.000000	64.000000	1.000000	10.033003	4150.166892
14.000000	65.000000	0.000000	1.180118	2721.402022
14.000000	65.000000	0.100000	5.012501	7665.846029
14.000000	65.000000	0.200000	7.704770	9174.608077
14.000000	65.000000	0.300000	8.504850	10932.176322
14.000000	65.000000	0.400000	9.104910	12566.533916
14.000000	65.000000	0.500000	9.304930	12865.231749
14.000000	65.000000	0.600000	9.604960	11458.747603
14.000000	65.000000	0.700000	9.696970	9670.109761
14.000000	65.000000	0.800000	9.804980	8148.268264
14.000000	65.000000	0.900000	9.796980	7021.593680
14.000000	65.000000	1.000000	9.896990	6049.527224
15.000000	55.000000	0.000000	8.648865	2254.029230
15.000000	55.000000	0.100000	3.992399	5107.044627
15.000000	55.000000	0.200000	7.028703	5641.023423
15.000000	55.000000	0.300000	8.028803	6149.631316
15.000000	55.000000	0.400000	8.628863	6490.177017
15.000000	55.000000	0.500000	9.028903	6354.975205
15.000000	55.000000	0.600000	9.392939	5685.231634
15.000000	55.000000	0.700000	9.628963	5121.607923
15.000000	55.000000	0.800000	9.992999	4530.750596
15.000000	55.000000	0.900000	9.992999	4184.478194
15.000000	55.000000	1.000000	9.992999	3823.256994
15.000000	56.000000	0.000000	0.084008	2281.002811
15.000000	56.000000	0.100000	4.600460	4803.156045
15.000000	56.000000	0.200000	7.332733	5273.579353
15.000000	56.000000	0.300000	8.332833	5737.698998
15.000000	56.000000	0.400000	8.832883	5997.680138
15.000000	56.000000	0.500000	9.208921	5945.627143
15.000000	56.000000	0.600000	9.476948	5469.723162
15.000000	56.000000	0.700000	9.724972	4803.813339
15.000000	56.000000	0.800000	9.812981	4363.480372
15.000000	56.000000	0.900000	9.980998	3959.800290
15.000000	56.000000	1.000000	9.980998	3630.222777
15.000000	57.000000	0.000000	2.132213	2384.562232
15.000000	57.000000	0.100000	4.696470	4984.345889
15.000000	57.000000	0.200000	7.520752	5423.340799
15.000000	57.000000	0.300000	8.292829	5855.988355
15.000000	57.000000	0.400000	8.836884	6132.129290
15.000000	57.000000	0.500000	9.240924	5965.179524
15.000000	57.000000	0.600000	9.468947	5464.664131
15.000000	57.000000	0.700000	9.660966	4948.463387
15.000000	57.000000	0.800000	9.800980	4484.562650
15.000000	57.000000	0.900000	9.888989	4045.291108
15.000000	57.000000	1.000000	9.904990	3689.591307
15.000000	58.000000	0.000000	6.320632	2374.113469
15.000000	58.000000	0.100000	5.012501	5080.557306
15.000000	58.000000	0.200000	7.460746	5591.728627
15.000000	58.000000	0.300000	8.408841	6156.015057
15.000000	58.000000	0.400000	8.908891	6537.700780
15.000000	58.000000	0.500000	9.184918	6480.907800
15.000000	58.000000	0.600000	9.408941	5846.710286
15.000000	58.000000	0.700000	9.632963	5161.885774
15.000000	58.000000	0.800000	9.752975	4510.219551
15.000000	58.000000	0.900000	9.888989	4059.512828
15.000000	58.000000	1.000000	9.924992	3702.506626
15.000000	59.000000	0.000000	2.672267	2551.374071
15.000000	59.000000	0.100000	5.248525	5633.917934
15.000000	59.000000	0.200000	7.604760	5993.494608
15.000000	59.000000	0.300000	8.536854	6507.881670
15.000000	59.000000	0.400000	8.892889	6890.017776
15.000000	59.000000	0.500000	9.180918	6825.930585
15.000000	59.000000	0.600000	9.468947	6229.159900
15.000000	59.000000	0.700000	9.536954	5559.571403
15.000000	59.000000	0.800000	9.604960	4990.603119
15.000000	59.000000	0.900000	9.704970	4554.094759
15.000000	59.000000	1.000000	9.704970	4259.742722
15.000000	60.000000	0.000000	1.732173	4422.051401
15.000000	60.000000	0.100000	4.280428	15707.241507
15.000000	60.000000	0.200000	7.396740	17924.984051
15.000000	60.000000	0.300000	8.396840	22192.337588
15.000000	60.000000	0.400000	8.896890	26474.605023
15.000000	60.000000	0.500000	9.196920	27743.579360
15.000000	60.000000	0.600000	9.396940	24545.924510
15.000000	60.000000	0.700000	9.596960	20436.933139
15.000000	60.000000	0.800000	9.696970	17051.732703
15.000000	60.000000	0.900000	9.696970	14505.529040
15.000000	60.000000	1.000000	9.796980	12661.044017
15.000000	61.000000	0.000000	9.260926	3073.299433
15.000000	61.000000	0.100000	5.312531	5624.265844
15.000000	61.000000	0.200000	7.884788	5933.017634
15.000000	61.000000	0.300000	8.556856	6421.025920
15.000000	61.000000	0.400000	9.064906	6928.101454
15.000000	61.000000	0.500000	9.292929	7137.656961
15.000000	61.000000	0.600000	9.456946	6552.669742
15.000000	61.000000	0.700000	9.556956	5899.468282
15.000000	61.000000	0.800000	9.656966	5314.300067
15.000000	61.000000	0.900000	9.720972	4734.804082
15.000000	61.000000	1.000000	9.720972	4595.818901
15.000000	62.000000	0.000000	8.432843	3536.808662
15.000000	62.000000	0.100000	4.856486	5099.523765
15.000000	62.000000	0.200000	7.872787	5932.756688
15.000000	62.000000	0.300000	8.888889	7005.546835
15.000000	62.000000	0.400000	9.288929	8114.827649
15.000000	62.000000	0.500000	9.388939	7935.121059
15.000000	62.000000	0.600000	9.772977	7670.341754
15.000000	62.000000	0.700000	9.788979	7159.804521
15.000000	62.000000	0.800000	9.788979	6252.263437
15.000000	62.000000	0.900000	9.872987	5525.429787
15.000000	62.000000	1.000000	9.888989	5134.742320
15.000000	63.000000	0.000000	2.972297	3592.534661
15.000000	63.000000	0.100000	5.112511	5340.948781
15.000000	63.000000	0.200000	7.572757	5633.751983
15.000000	63.000000	0.300000	8.556856	5942.430860
15.000000	63.000000	0.400000	8.984898	6191.212386
15.000000	63.000000	0.500000	9.428943	6073.923685
15.000000	63.000000	0.600000	9.460946	5740.076086
15.000000	63.000000	0.700000	9.828983	5685.093220
15.000000	63.000000	0.800000	9.828983	5394.170990
15.000000	63.000000	0.900000	9.844984	4830.651909
15.000000	63.000000	1.000000	9.960996	4289.255840
15.000000	64.000000	0.000000	8.104810	2873.054893
15.000000	64.000000	0.100000	5.564556	5000.120706
15.000000	64.000000	0.200000	7.892789	5605.171122
15.000000	64.000000	0.300000	9.048905	6248.899702
15.000000	64.000000	0.400000	9.604960	6783.665161
15.000000	64.000000	0.500000	9.704970	6791.895343
15.000000	64.000000	0.600000	9.932993	6894.586330
15.000000	64.000000	0.700000	9.932993	6284.901816
15.000000	64.000000	0.800000	9.932993	5519.929431
15.000000	64.000000	0.900000	10.033003	4886.784767
15.000000	64.000000	1.000000	10.033003	4399.378263
15.000000	65.000000	0.000000	1.740174	2614.823878
15.000000	65.000000	0.100000	4.412441	7683.487511
15.000000	65.000000	0.200000	7.404740	9132.817378
15.000000	65.000000	0.300000	8.304830	11011.262200
15.000000	65.000000	0.400000	8.904890	12789.516769
15.000000	65.000000	0.500000	9.204920	13032.149424
15.000000	65.000000	0.600000	9.404940	11512.058833
15.000000	65.000000	0.700000	9.604960	9769.715208
15.000000	65.000000	0.800000	9.696970	8130.295212
15.000000	65.000000	0.900000	9.696970	6989.734661
15.000000	65.000000	1.000000	9.796980	6088.178541
