50.000000	0.000000	17.913791	182183.680247
50.000000	0.100000	19.381938	62686.350614
50.000000	0.200000	21.862186	43958.834065
50.000000	0.300000	21.882188	37350.447820
50.000000	0.400000	22.142214	33748.409545
50.000000	0.500000	22.142214	31167.168269
50.000000	0.600000	22.142214	29113.860629
50.000000	0.700000	22.142214	27426.317947
50.000000	0.800000	22.142214	26004.758403
50.000000	0.900000	22.142214	24781.188180
50.000000	1.000000	22.142214	23708.182247
50.100000	0.000000	29.634963	122185.741180
50.100000	0.100000	52.609261	53256.314936
50.100000	0.200000	33.767377	40467.782343
50.100000	0.300000	52.153215	34418.056786
50.100000	0.400000	52.153215	31409.923977
50.100000	0.500000	21.994199	29576.848373
50.100000	0.600000	21.994199	28177.438632
50.100000	0.700000	21.994199	26859.353762
50.100000	0.800000	21.994199	25623.743906
50.100000	0.900000	21.994199	24472.918297
50.100000	1.000000	22.142214	23406.888681
50.200000	0.000000	34.451445	156319.576569
50.200000	0.100000	21.526153	62940.339284
50.200000	0.200000	21.526153	49548.991714
50.200000	0.300000	21.994199	41855.661410
50.200000	0.400000	21.994199	36938.036869
50.200000	0.500000	21.994199	33270.536420
50.200000	0.600000	21.994199	30456.127798
50.200000	0.700000	21.994199	28235.591061
50.200000	0.800000	21.994199	26434.402574
50.200000	0.900000	21.994199	24934.561386
50.200000	1.000000	21.994199	23655.869293
50.300000	0.000000	52.105211	178439.885465
50.300000	0.100000	51.769177	64832.816870
50.300000	0.200000	51.789179	46710.194596
50.300000	0.300000	23.710371	41384.082916
50.300000	0.400000	23.710371	37927.302169
50.300000	0.500000	23.710371	34935.120667
50.300000	0.600000	23.710371	32332.876323
50.300000	0.700000	23.710371	30065.909237
50.300000	0.800000	23.710371	28083.594147
50.300000	0.900000	23.710371	26340.529687
50.300000	1.000000	23.710371	24798.034716
50.400000	0.000000	32.195220	173974.456219
50.400000	0.100000	46.460646	59836.261853
50.400000	0.200000	23.702370	44170.684690
50.400000	0.300000	23.702370	39537.009363
50.400000	0.400000	23.702370	35893.249463
50.400000	0.500000	23.702370	32897.871176
50.400000	0.600000	23.702370	30364.754520
50.400000	0.700000	23.702370	28183.548554
50.400000	0.800000	23.790379	26588.493291
50.400000	0.900000	23.790379	25179.276107
50.400000	1.000000	23.790379	23888.373334
50.500000	0.000000	9.136914	153092.600823
50.500000	0.100000	7.940794	58839.422508
50.500000	0.200000	34.331433	41648.587842
50.500000	0.300000	57.805781	35036.779011
50.500000	0.400000	57.805781	31496.841611
50.500000	0.500000	57.805781	28537.898577
50.500000	0.600000	23.722372	26783.498640
50.500000	0.700000	23.722372	25479.003024
50.500000	0.800000	23.722372	24250.600804
50.500000	0.900000	23.722372	23094.414852
50.500000	1.000000	23.722372	22007.482425
50.600000	0.000000	6.148615	171696.656026
50.600000	0.100000	55.625563	66332.950640
50.600000	0.200000	57.729773	51491.185951
50.600000	0.300000	57.729773	43074.741632
50.600000	0.400000	57.729773	37344.793688
50.600000	0.500000	57.729773	33133.430984
50.600000	0.600000	57.729773	29900.490569
50.600000	0.700000	57.837784	27374.860186
50.600000	0.800000	57.837784	25526.155999
50.600000	0.900000	57.837784	23980.599469
50.600000	1.000000	57.837784	22664.341498
50.700000	0.000000	57.401740	161955.225463
50.700000	0.100000	57.381738	57446.901832
50.700000	0.200000	35.663566	41582.207912
50.700000	0.300000	35.663566	34583.301023
50.700000	0.400000	50.225023	31097.209014
50.700000	0.500000	50.225023	28493.245608
50.700000	0.600000	50.225023	26288.697704
50.700000	0.700000	50.225023	24387.167674
50.700000	0.800000	57.769777	23323.298685
50.700000	0.900000	57.769777	22539.607974
50.700000	1.000000	57.769777	21735.836185
50.800000	0.000000	33.543354	143201.057972
50.800000	0.100000	33.011301	65313.527191
50.800000	0.200000	33.011301	44882.973615
50.800000	0.300000	49.468947	35775.069083
50.800000	0.400000	50.237024	32377.110599
50.800000	0.500000	50.237024	29792.907180
50.800000	0.600000	50.237024	27560.916358
50.800000	0.700000	50.237024	25607.904265
50.800000	0.800000	50.237024	23889.045896
50.800000	0.900000	50.257026	22392.117690
50.800000	1.000000	57.769777	21263.461101
50.900000	0.000000	46.820682	147062.267036
50.900000	0.100000	49.344934	62835.813634
50.900000	0.200000	49.324932	44288.902818
50.900000	0.300000	57.477748	36094.058803
50.900000	0.400000	57.477748	32360.117563
50.900000	0.500000	57.477748	29540.832714
50.900000	0.600000	57.477748	27281.563061
50.900000	0.700000	57.477748	25402.192410
50.900000	0.800000	57.477748	23796.788101
50.900000	0.900000	57.477748	22398.540340
50.900000	1.000000	57.477748	21163.219976
51.000000	0.000000	31.807181	157518.072956
51.000000	0.100000	35.355536	59588.012325
51.000000	0.200000	35.315532	42879.737969
51.000000	0.300000	38.471847	36571.007771
51.000000	0.400000	38.627863	32406.651233
51.000000	0.500000	38.627863	29530.824495
51.000000	0.600000	38.627863	27176.946149
51.000000	0.700000	38.627863	25223.382655
51.000000	0.800000	38.627863	23575.884615
51.000000	0.900000	38.627863	22164.669351
51.000000	1.000000	38.627863	20939.279828
51.100000	0.000000	36.135614	133535.637712
51.100000	0.100000	6.492649	54698.381358
51.100000	0.200000	42.916292	41289.964767
51.100000	0.300000	41.140114	36034.992079
51.100000	0.400000	41.140114	33119.682891
51.100000	0.500000	41.140114	30546.056201
51.100000	0.600000	41.140114	28295.536524
51.100000	0.700000	41.140114	26338.261590
51.100000	0.800000	41.140114	24637.199213
51.100000	0.900000	41.140114	23154.856588
51.100000	1.000000	41.140114	21857.152943
51.200000	0.000000	42.056206	176023.264979
51.200000	0.100000	40.556056	64745.002785
51.200000	0.200000	41.152115	50264.335039
51.200000	0.300000	41.152115	41565.855926
51.200000	0.400000	42.432243	35486.995854
51.200000	0.500000	42.432243	31512.691118
51.200000	0.600000	42.432243	28342.365636
51.200000	0.700000	42.432243	25758.177109
51.200000	0.800000	41.112111	23769.059326
51.200000	0.900000	41.112111	22234.390957
51.200000	1.000000	24.350435	21273.728742
51.300000	0.000000	56.673667	143669.794424
51.300000	0.100000	56.673667	66126.094468
51.300000	0.200000	58.077808	47845.862557
51.300000	0.300000	58.077808	38775.111762
51.300000	0.400000	58.057806	33199.813948
51.300000	0.500000	24.350435	30149.529485
51.300000	0.600000	24.350435	28411.042163
51.300000	0.700000	24.350435	26948.867909
51.300000	0.800000	24.350435	25683.555694
51.300000	0.900000	24.350435	24568.699164
51.300000	1.000000	24.350435	23575.000190
51.400000	0.000000	34.671467	135757.782100
51.400000	0.100000	24.350435	57910.802554
51.400000	0.200000	24.350435	43974.276931
51.400000	0.300000	24.350435	37367.351212
51.400000	0.400000	24.350435	33323.399431
51.400000	0.500000	24.350435	30476.716605
51.400000	0.600000	24.350435	28309.704141
51.400000	0.700000	24.350435	26580.289936
51.400000	0.800000	24.350435	25155.785008
51.400000	0.900000	24.350435	23954.596937
51.400000	1.000000	24.350435	22922.518821
51.500000	0.000000	13.213321	139111.569022
51.500000	0.100000	2.536254	49125.868656
51.500000	0.200000	9.508951	36055.693022
51.500000	0.300000	9.508951	31290.601808
51.500000	0.400000	9.508951	28039.436826
51.500000	0.500000	9.508951	25497.873663
51.500000	0.600000	9.508951	23392.412607
51.500000	0.700000	24.362436	22503.560459
51.500000	0.800000	24.362436	21821.344575
51.500000	0.900000	24.362436	21151.903289
51.500000	1.000000	24.362436	20504.975436
51.600000	0.000000	46.176618	164550.643280
51.600000	0.100000	59.857986	61762.797362
51.600000	0.200000	50.973097	43286.450207
51.600000	0.300000	50.973097	36813.964460
51.600000	0.400000	50.973097	32302.348040
51.600000	0.500000	50.973097	28819.451042
51.600000	0.600000	50.973097	26023.220881
51.600000	0.700000	50.973097	23726.990682
51.600000	0.800000	51.641164	21912.689852
51.600000	0.900000	51.641164	20617.400013
51.600000	1.000000	51.641164	19473.439618
51.700000	0.000000	30.899090	154258.239959
51.700000	0.100000	50.097010	61612.910886
51.700000	0.200000	50.937094	43365.085936
51.700000	0.300000	50.937094	35605.518238
51.700000	0.400000	18.609861	31504.258853
51.700000	0.500000	18.609861	29214.487403
51.700000	0.600000	18.609861	27122.241245
51.700000	0.700000	18.609861	25265.252435
51.700000	0.800000	18.609861	23628.875292
51.700000	0.900000	18.609861	22185.602838
51.700000	1.000000	17.461746	20975.759423
51.800000	0.000000	17.077708	165331.835628
51.800000	0.100000	17.289729	75942.148067
51.800000	0.200000	17.289729	58238.560628
51.800000	0.300000	17.289729	48865.659118
51.800000	0.400000	17.289729	42528.127848
51.800000	0.500000	17.289729	37822.552337
51.800000	0.600000	17.289729	34153.789036
51.800000	0.700000	17.289729	31203.190312
51.800000	0.800000	17.289729	28776.567113
51.800000	0.900000	17.289729	26745.598877
51.800000	1.000000	17.289729	25020.790032
51.900000	0.000000	54.489449	168336.187405
51.900000	0.100000	17.465747	60479.108170
51.900000	0.200000	17.465747	47335.242702
51.900000	0.300000	17.281728	41901.705267
51.900000	0.400000	17.281728	38051.143196
51.900000	0.500000	17.281728	34939.403871
51.900000	0.600000	17.281728	32302.176627
51.900000	0.700000	17.281728	30023.963991
51.900000	0.800000	17.281728	28038.061553
51.900000	0.900000	17.281728	26297.274371
51.900000	1.000000	17.281728	24764.332595
52.000000	0.000000	21.274127	141834.834686
52.000000	0.100000	49.164916	59486.458706
52.000000	0.200000	49.164916	43585.080934
52.000000	0.300000	25.082508	36950.359256
52.000000	0.400000	25.082508	32523.653103
52.000000	0.500000	25.082508	29166.299227
52.000000	0.600000	17.929793	26935.692318
52.000000	0.700000	17.929793	25407.744062
52.000000	0.800000	18.373837	24292.049177
52.000000	0.900000	18.373837	23279.441090
52.000000	1.000000	18.373837	22338.514127
52.100000	0.000000	29.842984	142740.021613
52.100000	0.100000	0.040004	63069.313986
52.100000	0.200000	3.044304	47450.049356
52.100000	0.300000	4.196420	38840.113472
52.100000	0.400000	4.196420	34635.989499
52.100000	0.500000	4.196420	31341.489894
52.100000	0.600000	4.436444	28793.519300
52.100000	0.700000	4.436444	26766.144690
52.100000	0.800000	4.436444	25073.625406
52.100000	0.900000	4.436444	23639.392353
52.100000	1.000000	4.436444	22407.205916
52.200000	0.000000	0.396040	156396.906642
52.200000	0.100000	1.316132	72494.848977
52.200000	0.200000	1.268127	48917.019864
52.200000	0.300000	1.296130	37763.119464
52.200000	0.400000	8.748875	32777.844739
52.200000	0.500000	8.748875	29663.428709
52.200000	0.600000	8.748875	27257.161463
52.200000	0.700000	8.748875	25333.630633
52.200000	0.800000	8.748875	23750.411046
52.200000	0.900000	8.748875	22415.425516
52.200000	1.000000	8.748875	21267.267217
52.300000	0.000000	6.724672	140998.464891
52.300000	0.100000	25.502550	53061.104481
52.300000	0.200000	25.502550	41528.080690
52.300000	0.300000	25.502550	34891.711766
52.300000	0.400000	25.502550	30625.436611
52.300000	0.500000	25.502550	27521.829086
52.300000	0.600000	25.502550	25094.782394
52.300000	0.700000	25.502550	23119.059467
52.300000	0.800000	6.684668	21499.878748
52.300000	0.900000	6.684668	20353.152738
52.300000	1.000000	6.684668	19355.694971
52.400000	0.000000	2.424242	167620.398793
52.400000	0.100000	17.241724	63165.703480
52.400000	0.200000	17.785779	43426.377733
52.400000	0.300000	58.049805	34477.175655
52.400000	0.400000	58.049805	29813.827796
52.400000	0.500000	52.137214	26874.043704
52.400000	0.600000	52.137214	25613.519686
52.400000	0.700000	52.157216	24442.025365
52.400000	0.800000	52.157216	23579.455453
52.400000	0.900000	52.157216	22749.238517
52.400000	1.000000	52.157216	21955.824644
52.500000	0.000000	31.699170	142456.191989
52.500000	0.100000	42.784278	53264.558168
52.500000	0.200000	52.157216	39810.767031
52.500000	0.300000	52.157216	36866.111534
52.500000	0.400000	52.157216	34315.644162
52.500000	0.500000	52.157216	31988.501706
52.500000	0.600000	52.157216	29908.242716
52.500000	0.700000	52.157216	28067.937726
52.500000	0.800000	52.157216	26443.105060
52.500000	0.900000	52.157216	25005.299318
52.500000	1.000000	52.177218	23752.087054
52.600000	0.000000	37.559756	131347.564888
52.600000	0.100000	47.816782	62035.621732
52.600000	0.200000	52.169217	45890.311591
52.600000	0.300000	52.169217	39398.710658
52.600000	0.400000	52.169217	35092.519437
52.600000	0.500000	52.149215	32030.157883
52.600000	0.600000	52.149215	29748.532731
52.600000	0.700000	52.149215	27829.527019
52.600000	0.800000	52.149215	26175.864457
52.600000	0.900000	52.149215	24726.517210
52.600000	1.000000	52.149215	23440.497442
52.700000	0.000000	58.753875	135943.312066
52.700000	0.100000	59.369937	75708.896941
52.700000	0.200000	59.369937	57675.310791
52.700000	0.300000	59.369937	47127.908621
52.700000	0.400000	59.369937	40182.974228
52.700000	0.500000	59.369937	35253.965364
52.700000	0.600000	59.369937	31548.844792
52.700000	0.700000	59.369937	28643.996320
52.700000	0.800000	59.445945	26349.375926
52.700000	0.900000	59.445945	24481.418200
52.700000	1.000000	59.445945	22914.050551
52.800000	0.000000	59.285929	136320.664151
52.800000	0.100000	4.412441	56377.489165
52.800000	0.200000	4.412441	40489.230587
52.800000	0.300000	59.429943	34914.922546
52.800000	0.400000	59.437944	32147.776681
52.800000	0.500000	59.437944	30021.016296
52.800000	0.600000	59.437944	28000.462169
52.800000	0.700000	59.437944	26170.281834
52.800000	0.800000	59.437944	24549.752289
52.800000	0.900000	59.437944	23128.815893
52.800000	1.000000	59.437944	21886.315420
52.900000	0.000000	5.316532	134397.479818
52.900000	0.100000	24.786479	59853.154151
52.900000	0.200000	25.494549	45502.432497
52.900000	0.300000	25.494549	38926.500075
52.900000	0.400000	25.202520	34710.657189
52.900000	0.500000	25.202520	31735.939786
52.900000	0.600000	25.222522	29644.250958
52.900000	0.700000	25.222522	27937.823294
52.900000	0.800000	25.222522	26477.590064
52.900000	0.900000	25.222522	25207.834359
52.900000	1.000000	25.222522	24089.543682
53.000000	0.000000	0.040004	141345.917690
53.000000	0.100000	24.358436	64477.781332
53.000000	0.200000	24.442444	52024.534381
53.000000	0.300000	25.054505	44135.606844
53.000000	0.400000	25.110511	39126.087257
53.000000	0.500000	25.222522	35832.216207
53.000000	0.600000	25.222522	33309.493706
53.000000	0.700000	25.222522	31211.718396
53.000000	0.800000	25.222522	29424.269669
53.000000	0.900000	25.222522	27871.002965
53.000000	1.000000	25.222522	26500.474502
53.100000	0.000000	49.472947	154122.468124
53.100000	0.100000	59.313931	67521.687659
53.100000	0.200000	59.313931	47795.563408
53.100000	0.300000	24.798480	37504.865400
53.100000	0.400000	24.798480	35085.421588
53.100000	0.500000	24.798480	32794.704737
53.100000	0.600000	24.798480	30681.785878
53.100000	0.700000	25.214521	29420.628929
53.100000	0.800000	25.214521	28408.225488
53.100000	0.900000	25.214521	27380.128777
53.100000	1.000000	25.214521	26364.818827
53.200000	0.000000	59.937994	124079.263883
53.200000	0.100000	26.882688	48164.078057
53.200000	0.200000	24.810481	38382.457132
53.200000	0.300000	24.810481	36916.737916
53.200000	0.400000	25.130513	35033.326286
53.200000	0.500000	25.130513	33358.041580
53.200000	0.600000	25.130513	31632.105447
53.200000	0.700000	25.130513	29988.109287
53.200000	0.800000	25.130513	28464.250802
53.200000	0.900000	25.130513	27064.769865
53.200000	1.000000	25.214521	25872.437949
53.300000	0.000000	2.760276	172729.449553
53.300000	0.100000	20.358036	78643.930541
53.300000	0.200000	21.146115	56465.674065
53.300000	0.300000	24.870487	48315.843385
53.300000	0.400000	24.870487	42296.763876
53.300000	0.500000	24.870487	37667.532282
53.300000	0.600000	24.870487	34049.544740
53.300000	0.700000	24.870487	31156.861872
53.300000	0.800000	25.094509	28805.267723
53.300000	0.900000	25.094509	27020.926873
53.300000	1.000000	25.094509	25492.399127
53.400000	0.000000	59.837984	162962.765418
53.400000	0.100000	24.854485	51583.240490
53.400000	0.200000	24.854485	45926.812378
53.400000	0.300000	24.854485	41266.211456
53.400000	0.400000	24.854485	37456.898188
53.400000	0.500000	24.854485	34324.617494
53.400000	0.600000	24.854485	31727.786314
53.400000	0.700000	24.854485	29556.157667
53.400000	0.800000	24.854485	27723.978787
53.400000	0.900000	24.854485	26164.314334
53.400000	1.000000	24.854485	24824.634943
53.500000	0.000000	45.736574	155293.265301
53.500000	0.100000	47.408741	59293.929299
53.500000	0.200000	54.597460	40382.735831
53.500000	0.300000	56.185619	32989.029876
53.500000	0.400000	17.081708	29854.508317
53.500000	0.500000	17.081708	27792.490416
53.500000	0.600000	17.081708	25954.206480
53.500000	0.700000	24.854485	24606.501911
53.500000	0.800000	24.854485	23904.997511
53.500000	0.900000	24.854485	23183.014545
53.500000	1.000000	24.854485	22470.786300
53.600000	0.000000	57.929793	151407.619268
53.600000	0.100000	56.113611	62015.474945
53.600000	0.200000	56.141614	45493.649659
53.600000	0.300000	41.948195	38563.372913
53.600000	0.400000	41.948195	33869.073862
53.600000	0.500000	41.948195	30133.245915
53.600000	0.600000	41.948195	27158.520658
53.600000	0.700000	41.948195	24756.441563
53.600000	0.800000	17.073707	22963.595906
53.600000	0.900000	17.073707	21538.967489
53.600000	1.000000	17.073707	20302.016300
53.700000	0.000000	3.176318	166311.006915
53.700000	0.100000	0.512051	63523.526699
53.700000	0.200000	42.836284	49253.609098
53.700000	0.300000	42.836284	42143.820724
53.700000	0.400000	42.836284	36707.579025
53.700000	0.500000	42.836284	32437.644540
53.700000	0.600000	42.836284	29006.706288
53.700000	0.700000	43.684368	26825.981654
53.700000	0.800000	43.684368	25013.277267
53.700000	0.900000	43.684368	23431.948693
53.700000	1.000000	43.684368	22044.159651
53.800000	0.000000	53.421342	151983.580654
53.800000	0.100000	33.691369	60923.808947
53.800000	0.200000	26.066607	44181.213546
53.800000	0.300000	26.066607	40040.740348
53.800000	0.400000	26.318632	35874.799737
53.800000	0.500000	26.318632	32833.319930
53.800000	0.600000	26.318632	30194.701280
53.800000	0.700000	26.318632	27938.584573
53.800000	0.800000	26.318632	26004.958437
53.800000	0.900000	26.318632	24334.588612
53.800000	1.000000	26.318632	22878.143997
53.900000	0.000000	51.181118	103296.221714
53.900000	0.100000	59.621962	52579.255871
53.900000	0.200000	59.621962	42147.412971
53.900000	0.300000	26.246625	36815.598331
53.900000	0.400000	26.246625	34025.116906
53.900000	0.500000	26.246625	31434.094181
53.900000	0.600000	26.254625	29107.650816
53.900000	0.700000	26.254625	27155.553887
53.900000	0.800000	26.254625	25389.586994
53.900000	0.900000	26.254625	23802.790320
53.900000	1.000000	26.254625	22378.896282
54.000000	0.000000	24.714471	161287.141763
54.000000	0.100000	35.255526	59664.433045
54.000000	0.200000	31.667167	45481.917103
54.000000	0.300000	31.667167	38075.101569
54.000000	0.400000	31.843184	33169.602061
54.000000	0.500000	31.907191	29956.736256
54.000000	0.600000	31.907191	27435.819867
54.000000	0.700000	31.907191	25396.249237
54.000000	0.800000	31.907191	23712.158892
54.000000	0.900000	26.646665	22417.775954
54.000000	1.000000	26.646665	21508.836315
54.100000	0.000000	41.792179	144598.851332
54.100000	0.100000	59.989999	60196.672891
54.100000	0.200000	59.989999	44166.728163
54.100000	0.300000	59.989999	35415.228492
54.100000	0.400000	9.564956	30567.023062
54.100000	0.500000	9.564956	28156.710334
54.100000	0.600000	9.564956	26101.993756
54.100000	0.700000	9.564956	24330.388016
54.100000	0.800000	31.899190	22944.108590
54.100000	0.900000	31.899190	21994.811701
54.100000	1.000000	31.899190	21102.016950
54.200000	0.000000	24.310431	146080.169163
54.200000	0.100000	24.310431	53933.393578
54.200000	0.200000	34.439444	38305.384207
54.200000	0.300000	35.399540	32737.175722
54.200000	0.400000	35.399540	29079.665371
54.200000	0.500000	38.435844	26956.084000
54.200000	0.600000	38.435844	25235.063907
54.200000	0.700000	38.435844	23644.204195
54.200000	0.800000	38.435844	22205.517435
54.200000	0.900000	26.646665	21366.865332
54.200000	1.000000	26.646665	20734.705828
54.300000	0.000000	25.326533	132684.935965
54.300000	0.100000	52.149215	54781.147832
54.300000	0.200000	52.149215	41802.289340
54.300000	0.300000	55.529553	34355.808682
54.300000	0.400000	55.401540	30086.982276
54.300000	0.500000	55.401540	26704.313145
54.300000	0.600000	26.646665	25119.011257
54.300000	0.700000	26.646665	24067.895772
54.300000	0.800000	26.646665	23062.020357
54.300000	0.900000	26.646665	22111.144162
54.300000	1.000000	26.646665	21220.999514
54.400000	0.000000	8.492849	192987.700871
54.400000	0.100000	26.462646	68535.280027
54.400000	0.200000	26.490649	49398.926419
54.400000	0.300000	26.490649	40114.414596
54.400000	0.400000	26.482648	35047.258842
54.400000	0.500000	26.482648	31271.611391
54.400000	0.600000	26.666667	28638.643759
54.400000	0.700000	26.666667	26559.848042
54.400000	0.800000	26.666667	24841.585912
54.400000	0.900000	26.666667	23397.697283
54.400000	1.000000	26.666667	22165.753200
54.500000	0.000000	14.889489	181369.433765
54.500000	0.100000	21.322132	66014.073910
54.500000	0.200000	23.762376	48703.219056
54.500000	0.300000	24.074407	39171.310658
54.500000	0.400000	24.074407	33032.611935
54.500000	0.500000	26.714671	29617.934299
54.500000	0.600000	26.714671	27347.689777
54.500000	0.700000	26.714671	25445.667003
54.500000	0.800000	26.714671	23839.063138
54.500000	0.900000	26.714671	22468.053029
54.500000	1.000000	14.429443	21491.786074
54.600000	0.000000	38.055806	171089.355833
54.600000	0.100000	39.823982	68808.602035
54.600000	0.200000	38.743874	49353.473946
54.600000	0.300000	38.743874	40573.854278
54.600000	0.400000	38.743874	34907.823773
54.600000	0.500000	38.743874	30886.218085
54.600000	0.600000	14.137414	27989.380886
54.600000	0.700000	14.137414	26404.557629
54.600000	0.800000	14.137414	24945.323323
54.600000	0.900000	14.129413	23660.060802
54.600000	1.000000	14.129413	22525.360142
54.700000	0.000000	10.969097	182215.993163
54.700000	0.100000	11.233123	63340.778116
54.700000	0.200000	14.129413	46001.220531
54.700000	0.300000	14.129413	40596.128358
54.700000	0.400000	14.129413	36672.729672
54.700000	0.500000	14.129413	33563.952303
54.700000	0.600000	14.129413	30998.100908
54.700000	0.700000	14.129413	28825.086931
54.700000	0.800000	14.129413	26950.770146
54.700000	0.900000	14.129413	25311.979234
54.700000	1.000000	14.129413	23864.086424
54.800000	0.000000	51.305131	135234.885549
54.800000	0.100000	36.467647	58161.967269
54.800000	0.200000	36.467647	46180.598729
54.800000	0.300000	36.467647	38243.455632
54.800000	0.400000	14.205421	35402.786496
54.800000	0.500000	14.205421	32985.745296
54.800000	0.600000	14.205421	30614.818916
54.800000	0.700000	14.205421	28434.170570
54.800000	0.800000	14.205421	26476.895954
54.800000	0.900000	14.205421	24735.882268
54.800000	1.000000	14.205421	23190.484995
54.900000	0.000000	22.354235	137797.135011
54.900000	0.100000	13.861386	62848.563316
54.900000	0.200000	13.861386	50548.692068
54.900000	0.300000	13.861386	42703.634607
54.900000	0.400000	13.861386	36947.187478
54.900000	0.500000	14.225423	32768.195698
54.900000	0.600000	14.225423	29653.188802
54.900000	0.700000	14.225423	27105.442456
54.900000	0.800000	14.225423	24986.379207
54.900000	0.900000	15.437544	23313.585964
54.900000	1.000000	15.437544	22192.540822
55.000000	0.000000	12.765277	145072.339227
55.000000	0.100000	13.993399	56217.738306
55.000000	0.200000	13.965397	42682.290848
55.000000	0.300000	13.965397	36037.908876
55.000000	0.400000	13.773377	31830.123917
55.000000	0.500000	14.765477	28790.916444
55.000000	0.600000	14.765477	26627.267584
55.000000	0.700000	14.765477	24737.956967
55.000000	0.800000	15.437544	23104.381630
55.000000	0.900000	15.437544	21985.498937
55.000000	1.000000	15.437544	20980.470345
55.100000	0.000000	39.555956	142526.452388
55.100000	0.100000	23.630363	57830.917418
55.100000	0.200000	23.766377	43953.633161
55.100000	0.300000	23.766377	35201.468887
55.100000	0.400000	21.278128	30977.240737
55.100000	0.500000	21.278128	28573.653186
55.100000	0.600000	21.278128	26665.979011
55.100000	0.700000	21.278128	25049.329876
55.100000	0.800000	21.278128	23634.166798
55.100000	0.900000	21.278128	22374.536070
55.100000	1.000000	21.278128	21242.727955
55.200000	0.000000	29.054905	173404.763825
55.200000	0.100000	46.392639	63792.105150
55.200000	0.200000	20.174017	46541.644795
55.200000	0.300000	20.174017	39335.210281
55.200000	0.400000	21.270127	34890.327765
55.200000	0.500000	21.270127	31752.601725
55.200000	0.600000	21.270127	29184.182866
55.200000	0.700000	21.270127	27027.805845
55.200000	0.800000	21.270127	25186.129002
55.200000	0.900000	21.270127	23593.350050
55.200000	1.000000	21.270127	22202.157845
55.300000	0.000000	24.042404	166455.618824
55.300000	0.100000	26.746675	64475.044415
55.300000	0.200000	26.682668	48104.698732
55.300000	0.300000	26.826683	40135.995592
55.300000	0.400000	26.826683	35508.290904
55.300000	0.500000	26.826683	32004.158453
55.300000	0.600000	26.826683	29263.459110
55.300000	0.700000	26.826683	27059.519287
55.300000	0.800000	26.826683	25241.971829
55.300000	0.900000	26.826683	23709.516155
55.300000	1.000000	26.826683	22392.967706
55.400000	0.000000	53.609361	179229.742985
55.400000	0.100000	7.596760	62391.679719
55.400000	0.200000	7.596760	47123.929215
55.400000	0.300000	7.596760	39035.667993
55.400000	0.400000	7.596760	33918.024615
55.400000	0.500000	7.596760	30320.423824
55.400000	0.600000	7.596760	27604.855150
55.400000	0.700000	7.596760	25449.874961
55.400000	0.800000	26.682668	24150.563045
55.400000	0.900000	26.854685	23168.152081
55.400000	1.000000	26.854685	22238.952078
55.500000	0.000000	0.168017	168321.337913
55.500000	0.100000	4.024402	76356.880117
55.500000	0.200000	4.024402	53106.962327
55.500000	0.300000	4.024402	42267.195211
55.500000	0.400000	4.024402	35863.877047
55.500000	0.500000	4.024402	31493.959203
55.500000	0.600000	4.024402	28247.150147
55.500000	0.700000	26.846685	26743.596515
55.500000	0.800000	26.846685	25561.381099
55.500000	0.900000	26.846685	24462.814482
55.500000	1.000000	26.846685	23440.273484
55.600000	0.000000	30.911091	139419.107815
55.600000	0.100000	42.376238	61102.791870
55.600000	0.200000	42.376238	44512.789573
55.600000	0.300000	15.625563	37177.293593
55.600000	0.400000	15.625563	33462.099803
55.600000	0.500000	15.625563	30621.521543
55.600000	0.600000	15.625563	28335.928841
55.600000	0.700000	26.838684	26612.990664
55.600000	0.800000	26.838684	25179.806842
55.600000	0.900000	26.838684	23898.501300
55.600000	1.000000	26.846685	22820.849346
55.700000	0.000000	0.028003	165198.395654
55.700000	0.100000	0.116012	51145.675362
55.700000	0.200000	41.620162	39918.703753
55.700000	0.300000	26.830683	33767.631770
55.700000	0.400000	26.830683	30330.998359
55.700000	0.500000	26.830683	27897.721215
55.700000	0.600000	26.830683	26037.235986
55.700000	0.700000	26.830683	24525.897401
55.700000	0.800000	26.830683	23244.991708
55.700000	0.900000	26.830683	22128.335963
55.700000	1.000000	15.697570	21178.721926
55.800000	0.000000	57.013701	138408.761130
55.800000	0.100000	53.161316	52829.458187
55.800000	0.200000	53.529353	39594.482955
55.800000	0.300000	15.661566	33801.561337
55.800000	0.400000	15.617562	30492.223551
55.800000	0.500000	15.617562	28196.520788
55.800000	0.600000	15.617562	26343.633689
55.800000	0.700000	15.617562	24789.029713
55.800000	0.800000	15.617562	23445.431469
55.800000	0.900000	15.617562	22260.105421
55.800000	1.000000	15.617562	21199.742202
55.900000	0.000000	4.408441	151688.883224
55.900000	0.100000	15.897590	56115.402433
55.900000	0.200000	15.897590	44647.798893
55.900000	0.300000	15.601560	37963.771653
55.900000	0.400000	15.601560	33376.834545
55.900000	0.500000	15.717572	29781.274770
55.900000	0.600000	15.717572	26995.924978
55.900000	0.700000	1.600160	24821.343720
55.900000	0.800000	1.600160	23465.851768
55.900000	0.900000	1.600160	22253.466962
55.900000	1.000000	1.600160	21165.257698
56.000000	0.000000	32.635264	124227.707849
56.000000	0.100000	37.387739	55453.051437
56.000000	0.200000	37.387739	44003.549755
56.000000	0.300000	37.423742	37275.150659
56.000000	0.400000	37.423742	32710.057819
56.000000	0.500000	37.423742	29282.057700
56.000000	0.600000	1.592159	27149.533061
56.000000	0.700000	1.736174	25480.633456
56.000000	0.800000	1.736174	24103.935129
56.000000	0.900000	1.736174	22916.897512
56.000000	1.000000	1.736174	21873.961887
56.100000	0.000000	4.128413	186690.960692
56.100000	0.100000	23.710371	70429.873773
56.100000	0.200000	29.850985	48795.441658
56.100000	0.300000	34.271427	38974.411613
56.100000	0.400000	34.271427	34482.872127
56.100000	0.500000	34.271427	31240.367557
56.100000	0.600000	34.271427	28784.890995
56.100000	0.700000	34.271427	26845.317201
56.100000	0.800000	34.271427	25257.564770
56.100000	0.900000	34.271427	23919.295428
56.100000	1.000000	34.271427	22764.651514
56.200000	0.000000	7.896790	136474.792514
56.200000	0.100000	7.816782	63233.475262
56.200000	0.200000	7.816782	47857.614494
56.200000	0.300000	7.816782	39602.113161
56.200000	0.400000	7.816782	34181.624816
56.200000	0.500000	7.816782	30385.202149
56.200000	0.600000	34.227423	27924.034112
56.200000	0.700000	34.227423	26824.587318
56.200000	0.800000	34.227423	25736.833573
56.200000	0.900000	34.227423	24688.823066
56.200000	1.000000	34.227423	23694.157351
56.300000	0.000000	29.978998	160298.780942
56.300000	0.100000	33.319332	64286.399035
56.300000	0.200000	24.582458	46174.930775
56.300000	0.300000	24.618462	38021.272130
56.300000	0.400000	34.219422	34096.315978
56.300000	0.500000	34.219422	31758.992866
56.300000	0.600000	34.219422	29867.936608
56.300000	0.700000	34.219422	28278.030946
56.300000	0.800000	34.219422	26898.839773
56.300000	0.900000	34.219422	25675.213204
56.300000	1.000000	34.219422	24572.880931
56.400000	0.000000	50.217022	163005.005116
56.400000	0.100000	58.337834	62618.515664
56.400000	0.200000	27.966797	46661.754567
56.400000	0.300000	27.966797	40238.813964
56.400000	0.400000	27.966797	35616.853977
56.400000	0.500000	28.002800	32070.141750
56.400000	0.600000	34.211421	29642.466139
56.400000	0.700000	34.211421	27802.213457
56.400000	0.800000	34.211421	26212.991514
56.400000	0.900000	34.211421	24826.846977
56.400000	1.000000	34.211421	23605.533631
56.500000	0.000000	42.644264	190077.613288
56.500000	0.100000	27.986799	64598.827567
56.500000	0.200000	27.986799	50568.254730
56.500000	0.300000	27.986799	43523.589638
56.500000	0.400000	27.986799	38354.724596
56.500000	0.500000	27.986799	34247.609156
56.500000	0.600000	28.022802	30965.180074
56.500000	0.700000	28.022802	28288.185728
56.500000	0.800000	28.022802	26027.874511
56.500000	0.900000	28.022802	24101.692257
56.500000	1.000000	28.022802	22445.487010
56.600000	0.000000	20.534053	168139.100883
56.600000	0.100000	20.922092	65639.151786
56.600000	0.200000	21.010101	47823.396714
56.600000	0.300000	52.709271	39550.890030
56.600000	0.400000	23.686369	34384.516375
56.600000	0.500000	23.686369	31206.165300
56.600000	0.600000	23.686369	28771.357344
56.600000	0.700000	23.686369	26836.983734
56.600000	0.800000	23.686369	25247.829394
56.600000	0.900000	23.686369	23904.985919
56.600000	1.000000	23.686369	22744.486324
56.700000	0.000000	12.249225	118156.979125
56.700000	0.100000	0.932093	58708.053175
56.700000	0.200000	0.940094	45300.361044
56.700000	0.300000	0.940094	37176.630420
56.700000	0.400000	0.940094	31600.596198
56.700000	0.500000	23.510351	28058.290243
56.700000	0.600000	23.686369	27284.474014
56.700000	0.700000	23.686369	26391.103369
56.700000	0.800000	23.686369	25421.771719
56.700000	0.900000	23.686369	24430.606753
56.700000	1.000000	23.686369	23452.952578
56.800000	0.000000	29.790979	144271.358634
56.800000	0.100000	47.632763	55182.758717
56.800000	0.200000	23.502350	45826.158036
56.800000	0.300000	23.450345	40593.450231
56.800000	0.400000	23.450345	36401.420948
56.800000	0.500000	23.450345	33047.228337
56.800000	0.600000	23.450345	30317.399049
56.800000	0.700000	23.670367	28154.757172
56.800000	0.800000	23.670367	26412.694345
56.800000	0.900000	23.670367	24917.013542
56.800000	1.000000	23.670367	23612.363744
56.900000	0.000000	59.781978	116425.688509
56.900000	0.100000	2.964296	56494.648845
56.900000	0.200000	2.964296	47640.913388
56.900000	0.300000	2.964296	41654.965685
56.900000	0.400000	6.888689	37534.021495
56.900000	0.500000	6.888689	34393.147619
56.900000	0.600000	6.888689	31647.431499
56.900000	0.700000	6.888689	29247.208158
56.900000	0.800000	6.888689	27147.881833
56.900000	0.900000	6.888689	25308.242020
56.900000	1.000000	6.888689	23691.119081
57.000000	0.000000	57.917792	184483.085622
57.000000	0.100000	1.048105	75076.771774
57.000000	0.200000	6.724672	54285.431694
57.000000	0.300000	7.540754	44994.203870
57.000000	0.400000	7.540754	38941.954010
57.000000	0.500000	7.540754	34651.592753
57.000000	0.600000	7.540754	31408.734325
57.000000	0.700000	7.540754	28823.044374
57.000000	0.800000	7.540754	26678.805463
57.000000	0.900000	7.540754	24851.183485
57.000000	1.000000	7.540754	23263.458305
57.100000	0.000000	36.671667	134265.016458
57.100000	0.100000	26.370637	54919.322634
57.100000	0.200000	26.370637	44320.387184
57.100000	0.300000	26.414641	37576.409805
57.100000	0.400000	26.414641	32981.729647
57.100000	0.500000	7.612761	30191.342353
57.100000	0.600000	7.972797	28260.303345
57.100000	0.700000	8.068807	26735.703119
57.100000	0.800000	8.068807	25405.842169
57.100000	0.900000	8.068807	24191.651461
57.100000	1.000000	8.068807	23087.337107
57.200000	0.000000	56.121612	167782.070537
57.200000	0.100000	57.013701	68844.022381
57.200000	0.200000	59.469947	50549.033071
57.200000	0.300000	51.477148	41577.748664
57.200000	0.400000	51.477148	36558.963990
57.200000	0.500000	51.469147	32904.973676
57.200000	0.600000	51.469147	30051.477292
57.200000	0.700000	51.469147	27691.720580
57.200000	0.800000	51.469147	25706.636231
57.200000	0.900000	51.469147	24012.644009
57.200000	1.000000	8.008801	22554.139028
57.300000	0.000000	48.672867	172134.133022
57.300000	0.100000	59.909991	62072.139401
57.300000	0.200000	59.909991	46948.734872
57.300000	0.300000	59.909991	39107.862503
57.300000	0.400000	59.909991	33764.839394
57.300000	0.500000	59.909991	29707.233722
57.300000	0.600000	51.557156	26802.442567
57.300000	0.700000	51.557156	25402.124704
57.300000	0.800000	51.557156	24041.571984
57.300000	0.900000	51.557156	22772.129442
57.300000	1.000000	52.029203	21616.324458
57.400000	0.000000	24.362436	160976.563068
57.400000	0.100000	48.292829	65232.951738
57.400000	0.200000	48.736874	46361.400598
57.400000	0.300000	50.593059	37026.997772
57.400000	0.400000	50.593059	31910.120494
57.400000	0.500000	33.303330	28841.917864
57.400000	0.600000	33.303330	26752.180180
57.400000	0.700000	33.303330	25024.521301
57.400000	0.800000	33.311331	23674.380592
57.400000	0.900000	33.311331	22489.452637
57.400000	1.000000	33.311331	21438.920189
57.500000	0.000000	0.276028	158169.495975
57.500000	0.100000	0.484048	67566.693207
57.500000	0.200000	0.588059	47645.029196
57.500000	0.300000	29.602960	38952.490670
57.500000	0.400000	29.602960	33842.126508
57.500000	0.500000	57.941794	30562.735833
57.500000	0.600000	57.941794	28090.585196
57.500000	0.700000	57.941794	26003.576424
57.500000	0.800000	57.941794	24235.556033
57.500000	0.900000	57.941794	22726.625580
57.500000	1.000000	33.303330	21660.718101
57.600000	0.000000	56.129613	128251.199266
57.600000	0.100000	53.317332	53228.990412
57.600000	0.200000	56.337634	43816.873789
57.600000	0.300000	56.337634	37579.010363
57.600000	0.400000	36.287629	33291.957712
57.600000	0.500000	36.331633	30236.008735
57.600000	0.600000	36.331633	27722.851471
57.600000	0.700000	36.331633	25590.861445
57.600000	0.800000	36.331633	23774.536486
57.600000	0.900000	36.331633	22219.066210
57.600000	1.000000	59.113911	20950.761635
57.700000	0.000000	3.828383	191670.501577
57.700000	0.100000	56.913691	74089.104990
57.700000	0.200000	58.057806	51343.534314
57.700000	0.300000	58.057806	40391.897930
57.700000	0.400000	58.057806	33945.754163
57.700000	0.500000	58.101810	29777.373399
57.700000	0.600000	59.105911	26930.389441
57.700000	0.700000	59.149915	25102.638972
57.700000	0.800000	59.149915	23698.786340
57.700000	0.900000	22.614261	22544.479419
57.700000	1.000000	22.614261	21528.059363
57.800000	0.000000	29.962996	144515.676232
57.800000	0.100000	14.385439	57045.309339
57.800000	0.200000	14.393439	44581.432298
57.800000	0.300000	14.393439	38674.627262
57.800000	0.400000	14.609461	34893.305268
57.800000	0.500000	14.609461	31794.113150
57.800000	0.600000	14.609461	29152.221623
57.800000	0.700000	31.463146	27129.886132
57.800000	0.800000	31.463146	25486.738392
57.800000	0.900000	31.463146	23987.512792
57.800000	1.000000	31.575158	22692.798730
57.900000	0.000000	36.043604	137931.124480
57.900000	0.100000	27.870787	57125.058802
57.900000	0.200000	31.463146	48924.179151
57.900000	0.300000	31.455146	42593.147190
57.900000	0.400000	31.455146	37738.135233
57.900000	0.500000	31.455146	33852.163091
57.900000	0.600000	31.559156	30820.421531
57.900000	0.700000	31.559156	28342.965502
57.900000	0.800000	32.095210	26491.115078
57.900000	0.900000	32.095210	24997.529057
57.900000	1.000000	32.095210	23692.869543
58.000000	0.000000	1.924192	187672.661988
58.000000	0.100000	11.993199	64432.115219
58.000000	0.200000	32.019202	51823.007990
58.000000	0.300000	32.019202	44396.456095
58.000000	0.400000	32.019202	38518.222311
58.000000	0.500000	32.019202	33937.972175
58.000000	0.600000	32.087209	30720.167244
58.000000	0.700000	32.087209	28297.016156
58.000000	0.800000	32.087209	26307.590493
58.000000	0.900000	32.087209	24645.201464
58.000000	1.000000	32.087209	23234.706404
58.100000	0.000000	58.297830	163622.559052
58.100000	0.100000	10.069007	60386.912554
58.100000	0.200000	34.031403	46764.976547
58.100000	0.300000	34.031403	40460.369284
58.100000	0.400000	34.031403	35926.107575
58.100000	0.500000	34.091409	32471.763270
58.100000	0.600000	34.195420	29847.004472
58.100000	0.700000	34.195420	27841.966894
58.100000	0.800000	34.195420	26130.275226
58.100000	0.900000	34.195420	24643.166676
58.100000	1.000000	34.323432	23463.796738
58.200000	0.000000	16.229623	144351.570319
58.200000	0.100000	16.109611	57862.211172
58.200000	0.200000	18.781878	42056.799781
58.200000	0.300000	40.312031	35300.812022
58.200000	0.400000	34.127413	32476.176159
58.200000	0.500000	34.127413	30423.748838
58.200000	0.600000	34.127413	28574.476711
58.200000	0.700000	34.127413	26903.732042
58.200000	0.800000	34.127413	25391.748384
58.200000	0.900000	34.127413	24021.285715
58.200000	1.000000	34.127413	22777.119870
58.300000	0.000000	12.881288	148849.102677
58.300000	0.100000	13.945395	56246.895040
58.300000	0.200000	39.791979	43598.334108
58.300000	0.300000	39.799980	37548.797078
58.300000	0.400000	39.799980	33270.238820
58.300000	0.500000	39.799980	30044.832374
58.300000	0.600000	39.799980	27519.755538
58.300000	0.700000	39.799980	25482.183593
58.300000	0.800000	39.799980	23798.548523
58.300000	0.900000	33.323332	22531.107557
58.300000	1.000000	33.323332	21502.097935
58.400000	0.000000	15.133513	148790.998717
58.400000	0.100000	13.949395	58410.882723
58.400000	0.200000	13.905391	41430.074516
58.400000	0.300000	8.780878	34191.719873
58.400000	0.400000	39.263926	31308.285132
58.400000	0.500000	39.263926	29379.320638
58.400000	0.600000	39.263926	27594.622641
58.400000	0.700000	39.263926	25942.461217
58.400000	0.800000	39.263926	24421.640378
58.400000	0.900000	39.775978	23217.388160
58.400000	1.000000	39.775978	22145.300744
58.500000	0.000000	20.898090	176265.557855
58.500000	0.100000	50.821082	67422.952616
58.500000	0.200000	50.821082	51496.569510
58.500000	0.300000	39.247925	42381.476382
58.500000	0.400000	39.247925	38752.523465
58.500000	0.500000	39.247925	35595.682820
58.500000	0.600000	39.247925	32810.701898
58.500000	0.700000	39.247925	30370.023372
58.500000	0.800000	39.247925	28235.989571
58.500000	0.900000	39.247925	26365.820630
58.500000	1.000000	39.247925	24719.168976
58.600000	0.000000	1.032103	155864.326068
58.600000	0.100000	39.267927	57675.172028
58.600000	0.200000	39.147915	49403.672638
58.600000	0.300000	39.155916	44078.518123
58.600000	0.400000	39.283928	39691.936222
58.600000	0.500000	39.283928	36328.213962
58.600000	0.600000	39.283928	33561.057670
58.600000	0.700000	39.283928	31236.767297
58.600000	0.800000	39.283928	29246.442376
58.600000	0.900000	39.283928	27516.056813
58.600000	1.000000	39.283928	25994.265851
58.700000	0.000000	55.173517	130429.262337
58.700000	0.100000	26.570657	55358.179600
58.700000	0.200000	26.570657	41661.810060
58.700000	0.300000	26.578658	34514.331058
58.700000	0.400000	39.275928	31562.111038
58.700000	0.500000	39.275928	30355.532253
58.700000	0.600000	39.275928	29090.323327
58.700000	0.700000	39.275928	27825.259225
58.700000	0.800000	39.275928	26598.980498
58.700000	0.900000	39.275928	25432.682600
58.700000	1.000000	39.275928	24336.135268
58.800000	0.000000	0.376038	142131.076398
58.800000	0.100000	39.931993	57871.381621
58.800000	0.200000	39.939994	41865.300152
58.800000	0.300000	38.919892	34486.196403
58.800000	0.400000	38.919892	30353.971033
58.800000	0.500000	38.919892	27513.471561
58.800000	0.600000	39.131913	25523.794581
58.800000	0.700000	12.469247	24036.179543
58.800000	0.800000	12.469247	22800.557686
58.800000	0.900000	39.275928	21852.500302
58.800000	1.000000	39.275928	21097.994987
58.900000	0.000000	54.317432	160936.526899
58.900000	0.100000	55.489549	53599.794272
58.900000	0.200000	58.161816	38301.524676
58.900000	0.300000	58.161816	32726.833705
58.900000	0.400000	58.161816	29254.193291
58.900000	0.500000	58.153815	26697.172420
58.900000	0.600000	58.153815	24614.648965
58.900000	0.700000	58.153815	22826.732330
58.900000	0.800000	57.969797	21588.131076
58.900000	0.900000	57.961796	20836.369798
58.900000	1.000000	57.961796	20215.994282
59.000000	0.000000	27.494749	139603.268933
59.000000	0.100000	55.613561	56429.819111
59.000000	0.200000	55.681568	46738.950504
59.000000	0.300000	57.969797	40080.786372
59.000000	0.400000	57.961796	35933.660380
59.000000	0.500000	57.961796	32779.114935
59.000000	0.600000	57.961796	30194.997672
59.000000	0.700000	57.961796	28043.610952
59.000000	0.800000	57.953795	26316.158913
59.000000	0.900000	57.953795	24837.994559
59.000000	1.000000	57.953795	23546.539265
59.100000	0.000000	25.606561	146790.485842
59.100000	0.100000	24.694469	59342.931219
59.100000	0.200000	57.853785	44209.129326
59.100000	0.300000	57.853785	39570.741594
59.100000	0.400000	57.861786	36361.406734
59.100000	0.500000	57.861786	33604.108823
59.100000	0.600000	57.861786	31198.016629
59.100000	0.700000	57.861786	29098.830727
59.100000	0.800000	57.861786	27261.654654
59.100000	0.900000	57.861786	25644.832283
59.100000	1.000000	57.869787	24216.995651
59.200000	0.000000	25.514551	138412.838653
59.200000	0.100000	40.344034	56949.437421
59.200000	0.200000	40.352035	44453.555045
59.200000	0.300000	40.352035	37279.178210
59.200000	0.400000	57.769777	33176.232809
59.200000	0.500000	57.853785	31183.233448
59.200000	0.600000	57.853785	29524.728353
59.200000	0.700000	57.853785	27970.629564
59.200000	0.800000	57.853785	26535.194265
59.200000	0.900000	57.853785	25214.502095
59.200000	1.000000	57.853785	23999.921041
59.300000	0.000000	33.255326	159309.537896
59.300000	0.100000	33.743374	68749.622440
59.300000	0.200000	38.415842	48537.675218
59.300000	0.300000	38.415842	39256.556685
59.300000	0.400000	38.415842	32829.613762
59.300000	0.500000	57.737774	29335.346793
59.300000	0.600000	57.737774	27420.457116
59.300000	0.700000	57.737774	25690.889774
59.300000	0.800000	9.916992	24139.158861
59.300000	0.900000	57.761776	22846.451973
59.300000	1.000000	58.065807	21727.218283
59.400000	0.000000	8.924892	163394.370814
59.400000	0.100000	9.008901	68529.732560
59.400000	0.200000	9.968997	46211.942016
59.400000	0.300000	9.968997	36661.474464
59.400000	0.400000	9.968997	31570.337806
59.400000	0.500000	9.816982	28366.248299
59.400000	0.600000	9.816982	26147.729646
59.400000	0.700000	10.281028	24516.787159
59.400000	0.800000	10.281028	23248.662071
59.400000	0.900000	10.281028	22131.563325
59.400000	1.000000	10.281028	21126.736605
59.500000	0.000000	14.901490	147059.488373
59.500000	0.100000	29.806981	59126.008483
59.500000	0.200000	29.806981	41918.543910
59.500000	0.300000	10.265027	34658.153539
59.500000	0.400000	10.265027	31535.811233
59.500000	0.500000	10.265027	29162.926384
59.500000	0.600000	10.265027	27177.934046
59.500000	0.700000	10.265027	25453.839248
59.500000	0.800000	10.265027	23934.015464
59.500000	0.900000	10.265027	22584.484613
59.500000	1.000000	10.265027	21379.927134
59.600000	0.000000	10.285029	164928.451181
59.600000	0.100000	33.783378	68417.194901
59.600000	0.200000	34.043404	50121.440467
59.600000	0.300000	34.043404	40580.456644
59.600000	0.400000	34.043404	34447.771592
59.600000	0.500000	34.043404	30078.112989
59.600000	0.600000	10.553055	27355.936425
59.600000	0.700000	10.553055	25485.050270
59.600000	0.800000	10.553055	23891.973100
59.600000	0.900000	10.553055	22511.136207
59.600000	1.000000	36.483648	21345.254221
59.700000	0.000000	8.172817	132434.213058
59.700000	0.100000	29.374937	54447.971800
59.700000	0.200000	33.795380	46156.817216
59.700000	0.300000	33.795380	39177.873030
59.700000	0.400000	47.404740	34564.976014
59.700000	0.500000	47.404740	30908.792528
59.700000	0.600000	47.396740	27918.408551
59.700000	0.700000	36.467647	26010.895475
59.700000	0.800000	36.467647	24630.256072
59.700000	0.900000	36.467647	23379.928100
59.700000	1.000000	36.467647	22248.803218
59.800000	0.000000	47.108711	142992.373357
59.800000	0.100000	47.056706	64189.012924
59.800000	0.200000	47.056706	47698.428549
59.800000	0.300000	48.536854	39227.706343
59.800000	0.400000	48.536854	34641.319035
59.800000	0.500000	48.536854	31274.909032
59.800000	0.600000	48.536854	28658.332442
59.800000	0.700000	48.536854	26544.055841
59.800000	0.800000	48.536854	24786.322462
59.800000	0.900000	48.536854	23292.566262
59.800000	1.000000	48.536854	22000.955734
59.900000	0.000000	20.638064	155922.204132
59.900000	0.100000	24.310431	73380.291712
59.900000	0.200000	24.418442	50564.051590
59.900000	0.300000	24.426443	39542.206055
59.900000	0.400000	28.634863	33348.092106
59.900000	0.500000	48.596860	30074.393010
59.900000	0.600000	48.596860	28009.252653
59.900000	0.700000	48.596860	26248.180011
59.900000	0.800000	48.596860	24703.653543
59.900000	0.900000	48.596860	23330.853223
59.900000	1.000000	48.680868	22107.516903
60.000000	0.000000	21.630163	160673.380237
60.000000	0.100000	27.178718	60191.025485
60.000000	0.200000	27.302730	43843.388447
60.000000	0.300000	27.302730	37245.973974
60.000000	0.400000	27.310731	32745.152931
60.000000	0.500000	27.310731	29423.268386
60.000000	0.600000	48.664866	26726.373524
60.000000	0.700000	48.664866	24967.946469
60.000000	0.800000	48.664866	23512.819434
60.000000	0.900000	48.664866	22271.090728
60.000000	1.000000	48.664866	21188.211921
60.100000	0.000000	53.645365	125092.603819
60.100000	0.100000	54.317432	58348.425567
60.100000	0.200000	30.167017	43782.202503
60.100000	0.300000	30.167017	36611.241815
60.100000	0.400000	30.175018	31900.091373
60.100000	0.500000	30.175018	28575.802277
60.100000	0.600000	30.175018	26020.804477
60.100000	0.700000	30.183018	24012.583038
60.100000	0.800000	30.183018	22348.104638
60.100000	0.900000	30.183018	20930.130390
60.100000	1.000000	36.763676	19753.838393
60.200000	0.000000	34.559456	171145.101313
60.200000	0.100000	36.311631	60046.654348
60.200000	0.200000	52.045205	45905.523620
60.200000	0.300000	52.045205	37594.185632
60.200000	0.400000	52.045205	31658.355300
60.200000	0.500000	36.763676	27676.507349
60.200000	0.600000	36.763676	26345.941250
60.200000	0.700000	36.763676	25063.730943
60.200000	0.800000	36.763676	23887.202377
60.200000	0.900000	36.763676	22828.247451
60.200000	1.000000	36.763676	21880.501947
60.300000	0.000000	49.040904	135516.480349
60.300000	0.100000	46.968697	63133.864804
60.300000	0.200000	46.968697	43604.487403
60.300000	0.300000	53.145315	36343.163621
60.300000	0.400000	36.739674	33005.036788
60.300000	0.500000	36.739674	30352.807550
60.300000	0.600000	36.739674	28174.056972
60.300000	0.700000	36.739674	26353.909056
60.300000	0.800000	36.747675	24810.108006
60.300000	0.900000	36.747675	23516.709217
60.300000	1.000000	36.747675	22382.731093
60.400000	0.000000	2.088209	152595.620989
60.400000	0.100000	10.497050	60178.603441
60.400000	0.200000	58.917892	44729.569229
60.400000	0.300000	58.917892	37895.884455
60.400000	0.400000	58.917892	33045.115164
60.400000	0.500000	58.917892	29280.312719
60.400000	0.600000	58.917892	26261.190882
60.400000	0.700000	36.799680	24697.781960
60.400000	0.800000	36.799680	23429.673845
60.400000	0.900000	29.442944	22353.297197
60.400000	1.000000	29.442944	21457.878566
60.500000	0.000000	34.371437	130238.934834
60.500000	0.100000	1.004100	48239.977869
60.500000	0.200000	1.624162	38516.337318
60.500000	0.300000	1.640164	33320.637445
60.500000	0.400000	53.065307	30368.857367
60.500000	0.500000	3.864386	28264.315316
60.500000	0.600000	3.864386	26325.584208
60.500000	0.700000	53.065307	24776.202698
60.500000	0.800000	4.740474	23969.234329
60.500000	0.900000	4.740474	23192.473103
60.500000	1.000000	4.740474	22442.360988
60.600000	0.000000	0.228023	170439.106095
60.600000	0.100000	4.436444	69902.431365
60.600000	0.200000	4.740474	49905.195939
60.600000	0.300000	4.740474	42129.771572
60.600000	0.400000	4.740474	37200.750811
60.600000	0.500000	4.740474	33677.044329
60.600000	0.600000	4.740474	30991.769883
60.600000	0.700000	4.740474	28857.995556
60.600000	0.800000	4.740474	27109.207200
60.600000	0.900000	4.740474	25640.146792
60.600000	1.000000	4.740474	24380.492360
60.700000	0.000000	1.020102	156086.349551
60.700000	0.100000	1.332133	61831.537408
60.700000	0.200000	29.322932	50033.934504
60.700000	0.300000	29.470947	42418.935052
60.700000	0.400000	29.486949	37245.436922
60.700000	0.500000	29.494949	33451.972847
60.700000	0.600000	29.494949	30531.740749
60.700000	0.700000	29.494949	28184.199119
60.700000	0.800000	29.494949	26261.791763
60.700000	0.900000	29.494949	24657.821835
60.700000	1.000000	29.494949	23295.566004
60.800000	0.000000	55.241524	168250.765583
60.800000	0.100000	12.157216	62163.845503
60.800000	0.200000	46.896690	47664.928038
60.800000	0.300000	47.028703	41545.090969
60.800000	0.400000	47.340734	36989.679147
60.800000	0.500000	47.340734	33607.862078
60.800000	0.600000	47.340734	30876.437450
60.800000	0.700000	47.340734	28623.532612
60.800000	0.800000	47.340734	26725.722200
60.800000	0.900000	47.340734	25097.981567
60.800000	1.000000	47.340734	23681.279704
60.900000	0.000000	19.053905	159597.858999
60.900000	0.100000	19.069907	74306.717567
60.900000	0.200000	19.185919	49020.064158
60.900000	0.300000	19.185919	37988.990188
60.900000	0.400000	4.768477	34060.782303
60.900000	0.500000	4.768477	31532.438261
60.900000	0.600000	4.768477	29426.445499
60.900000	0.700000	4.768477	27610.741519
60.900000	0.800000	4.768477	26015.357823
60.900000	0.900000	4.768477	24596.456693
60.900000	1.000000	4.768477	23323.336845
61.000000	0.000000	59.793979	115544.323110
61.000000	0.100000	4.752475	52932.503051
61.000000	0.200000	4.752475	41947.579880
61.000000	0.300000	4.752475	36525.163837
61.000000	0.400000	4.752475	32967.353660
61.000000	0.500000	4.752475	30186.339202
61.000000	0.600000	5.040504	27971.082675
61.000000	0.700000	5.040504	26254.640476
61.000000	0.800000	5.040504	24741.149356
61.000000	0.900000	5.040504	23394.424517
61.000000	1.000000	5.040504	22187.829171
61.100000	0.000000	25.402540	128837.780071
61.100000	0.100000	5.024502	55604.325639
61.100000	0.200000	5.008501	42513.857026
61.100000	0.300000	5.008501	36067.129507
61.100000	0.400000	5.148515	32403.699743
61.100000	0.500000	5.148515	30019.815620
61.100000	0.600000	5.148515	28098.771678
61.100000	0.700000	5.148515	26446.023802
61.100000	0.800000	5.148515	24977.745904
61.100000	0.900000	5.148515	23654.225279
61.100000	1.000000	5.148515	22453.609185
61.200000	0.000000	3.076308	137273.564511
61.200000	0.100000	3.116312	56810.982099
61.200000	0.200000	5.132513	42260.223504
61.200000	0.300000	5.132513	36708.368485
61.200000	0.400000	5.132513	32762.793896
61.200000	0.500000	5.132513	29697.853289
61.200000	0.600000	5.132513	27204.550285
61.200000	0.700000	5.148515	25135.280973
61.200000	0.800000	5.148515	23472.310369
61.200000	0.900000	5.148515	22055.713196
61.200000	1.000000	5.148515	20835.787973
61.300000	0.000000	25.810581	120566.010696
61.300000	0.100000	38.767877	57167.775076
61.300000	0.200000	5.740574	44897.636577
61.300000	0.300000	5.740574	38506.696055
61.300000	0.400000	5.740574	33851.171395
61.300000	0.500000	5.740574	30305.098430
61.300000	0.600000	5.740574	27491.558808
61.300000	0.700000	5.740574	25191.403668
61.300000	0.800000	5.740574	23269.923108
61.300000	0.900000	5.740574	21638.351219
61.300000	1.000000	5.740574	20234.683236
61.400000	0.000000	49.680968	145652.550686
61.400000	0.100000	17.553755	75038.207621
61.400000	0.200000	17.553755	56519.880129
61.400000	0.300000	17.553755	45519.139658
61.400000	0.400000	17.553755	38371.261967
61.400000	0.500000	17.553755	33359.147727
61.400000	0.600000	17.545755	29653.557291
61.400000	0.700000	17.545755	26804.531951
61.400000	0.800000	17.545755	24524.798080
61.400000	0.900000	17.545755	22656.070111
61.400000	1.000000	17.545755	21094.738605
61.500000	0.000000	0.488049	166435.846038
61.500000	0.100000	21.530153	59087.945279
61.500000	0.200000	15.801580	46084.727502
61.500000	0.300000	15.801580	38889.525890
61.500000	0.400000	17.393739	34306.261056
61.500000	0.500000	17.393739	31330.583375
61.500000	0.600000	17.457746	28934.176411
61.500000	0.700000	17.457746	26814.218246
61.500000	0.800000	17.457746	24940.616149
61.500000	0.900000	17.457746	23292.356182
61.500000	1.000000	17.457746	21843.474739
61.600000	0.000000	46.816682	179723.348226
61.600000	0.100000	56.093609	68103.590312
61.600000	0.200000	56.101610	46813.278397
61.600000	0.300000	56.101610	37480.551520
61.600000	0.400000	16.997700	33016.808545
61.600000	0.500000	16.997700	30323.618550
61.600000	0.600000	16.997700	27987.032736
61.600000	0.700000	16.997700	25940.140273
61.600000	0.800000	16.997700	24134.220241
61.600000	0.900000	16.997700	22533.409722
61.600000	1.000000	17.337734	21325.863318
61.700000	0.000000	59.937994	146063.902643
61.700000	0.100000	51.193119	46735.544616
61.700000	0.200000	53.421342	37181.254827
61.700000	0.300000	17.185719	32834.631866
61.700000	0.400000	17.185719	30560.689413
61.700000	0.500000	17.185719	28830.291527
61.700000	0.600000	17.185719	27380.690873
61.700000	0.700000	17.185719	26107.509683
61.700000	0.800000	17.185719	24963.688509
61.700000	0.900000	17.185719	23924.244847
61.700000	1.000000	17.185719	22973.643132
61.800000	0.000000	23.774377	155801.161377
61.800000	0.100000	25.230523	56532.223045
61.800000	0.200000	31.347135	38444.731425
61.800000	0.300000	51.193119	33507.900601
61.800000	0.400000	1.028103	30514.051233
61.800000	0.500000	1.028103	28492.126983
61.800000	0.600000	1.028103	26687.940412
61.800000	0.700000	17.185719	25381.928540
61.800000	0.800000	17.185719	24505.987465
61.800000	0.900000	17.185719	23664.647838
61.800000	1.000000	17.185719	22864.402014
61.900000	0.000000	20.326033	170106.435790
61.900000	0.100000	26.390639	62234.667552
61.900000	0.200000	26.390639	43641.122116
61.900000	0.300000	16.557656	34655.094110
61.900000	0.400000	51.193119	31245.438493
61.900000	0.500000	1.248125	29488.085624
61.900000	0.600000	1.248125	28021.994373
61.900000	0.700000	1.248125	26723.594286
61.900000	0.800000	1.248125	25540.879046
61.900000	0.900000	1.248125	24448.486541
61.900000	1.000000	1.248125	23432.507568
62.000000	0.000000	29.106911	137238.516263
62.000000	0.100000	40.832083	58752.018557
62.000000	0.200000	40.832083	42259.395071
62.000000	0.300000	49.928993	36137.250527
62.000000	0.400000	51.317132	32644.909425
62.000000	0.500000	1.248125	29830.003969
62.000000	0.600000	1.248125	28347.862226
62.000000	0.700000	1.248125	27033.518435
62.000000	0.800000	1.248125	25834.884191
62.000000	0.900000	1.248125	24728.374039
62.000000	1.000000	1.248125	23700.732800
62.100000	0.000000	28.058806	215257.565853
62.100000	0.100000	35.167517	76618.250862
62.100000	0.200000	35.175518	54112.913185
62.100000	0.300000	35.175518	43210.217001
62.100000	0.400000	35.731573	36300.842177
62.100000	0.500000	35.731573	31997.475958
62.100000	0.600000	35.731573	28757.576699
62.100000	0.700000	35.731573	26205.939030
62.100000	0.800000	35.731573	24129.277724
62.100000	0.900000	1.200120	22825.983884
62.100000	1.000000	1.200120	21870.139588
62.200000	0.000000	27.582758	172396.498218
62.200000	0.100000	29.334933	67078.650531
62.200000	0.200000	29.094909	46281.331123
62.200000	0.300000	29.582958	36883.990525
62.200000	0.400000	35.991599	33236.938059
62.200000	0.500000	35.991599	31193.391916
62.200000	0.600000	36.007601	29418.406803
62.200000	0.700000	36.007601	27823.752260
62.200000	0.800000	36.007601	26380.199454
62.200000	0.900000	36.007601	25075.543241
62.200000	1.000000	36.007601	23896.449393
62.300000	0.000000	34.659466	151109.387512
62.300000	0.100000	43.548355	57394.380377
62.300000	0.200000	43.548355	45288.003300
62.300000	0.300000	43.548355	38676.080662
62.300000	0.400000	36.007601	35220.398798
62.300000	0.500000	36.007601	32973.083007
62.300000	0.600000	36.007601	31069.165984
62.300000	0.700000	36.007601	29391.989189
62.300000	0.800000	36.007601	27886.693194
62.300000	0.900000	36.007601	26522.268075
62.300000	1.000000	36.007601	25278.425375
62.400000	0.000000	39.063906	141353.191559
62.400000	0.100000	35.487549	56951.899146
62.400000	0.200000	35.487549	42175.027197
62.400000	0.300000	36.007601	36154.620123
62.400000	0.400000	36.007601	32807.616830
62.400000	0.500000	36.007601	30456.781115
62.400000	0.600000	36.007601	28619.902059
62.400000	0.700000	36.007601	27087.559446
62.400000	0.800000	36.007601	25759.313545
62.400000	0.900000	36.007601	24581.232338
62.400000	1.000000	36.007601	23520.956279
62.500000	0.000000	52.385239	148305.666255
62.500000	0.100000	57.193719	66270.685460
62.500000	0.200000	57.345735	47410.094805
62.500000	0.300000	57.345735	38114.700708
62.500000	0.400000	57.345735	32231.664650
62.500000	0.500000	58.001800	28206.353157
62.500000	0.600000	58.001800	25380.365680
62.500000	0.700000	58.001800	23232.042044
62.500000	0.800000	7.228723	21800.020094
62.500000	0.900000	7.228723	20749.934452
62.500000	1.000000	7.228723	19768.811872
62.600000	0.000000	0.672067	145310.966655
62.600000	0.100000	0.856086	59725.415943
62.600000	0.200000	51.025103	41049.081557
62.600000	0.300000	7.116712	33428.065688
62.600000	0.400000	7.116712	30258.885270
62.600000	0.500000	7.116712	27764.964816
62.600000	0.600000	7.116712	25718.753402
62.600000	0.700000	7.116712	23990.203313
62.600000	0.800000	7.116712	22500.680528
62.600000	0.900000	7.116712	21198.860535
62.600000	1.000000	7.116712	20048.788876
62.700000	0.000000	29.406941	157801.451648
62.700000	0.100000	42.460246	67047.922532
62.700000	0.200000	42.460246	45694.665881
62.700000	0.300000	44.080408	37170.114356
62.700000	0.400000	44.080408	32335.375066
62.700000	0.500000	44.080408	28874.088489
62.700000	0.600000	44.080408	26246.121151
62.700000	0.700000	44.080408	24180.726979
62.700000	0.800000	44.080408	22511.884065
62.700000	0.900000	44.080408	21129.622814
62.700000	1.000000	44.080408	19958.988149
62.800000	0.000000	59.353935	140542.323245
62.800000	0.100000	48.784878	62200.598794
62.800000	0.200000	48.784878	47739.663413
62.800000	0.300000	48.784878	39914.881336
62.800000	0.400000	48.784878	34987.351425
62.800000	0.500000	48.784878	31452.148817
62.800000	0.600000	48.784878	28706.316233
62.800000	0.700000	48.784878	26476.205073
62.800000	0.800000	48.784878	24616.212474
62.800000	0.900000	48.784878	23036.884504
62.800000	1.000000	48.784878	21677.402459
62.900000	0.000000	18.117812	178339.340953
62.900000	0.100000	36.935694	54917.854010
62.900000	0.200000	2.520252	42099.244859
62.900000	0.300000	2.520252	37068.090047
62.900000	0.400000	2.520252	33016.138081
62.900000	0.500000	2.520252	29835.598318
62.900000	0.600000	2.520252	27285.148197
62.900000	0.700000	2.520252	25188.357897
62.900000	0.800000	2.520252	23427.494520
62.900000	0.900000	2.520252	21923.101645
62.900000	1.000000	2.520252	20619.760389
63.000000	0.000000	56.909691	123206.998443
63.000000	0.100000	12.565257	52930.419684
63.000000	0.200000	2.784278	40575.656624
63.000000	0.300000	2.784278	35357.735195
63.000000	0.400000	2.784278	31699.142671
63.000000	0.500000	2.784278	28840.876415
63.000000	0.600000	2.784278	26506.289149
63.000000	0.700000	2.784278	24556.348573
63.000000	0.800000	50.433043	23142.049688
63.000000	0.900000	50.433043	22049.623583
63.000000	1.000000	50.433043	21054.305353
63.100000	0.000000	33.499350	161775.948157
63.100000	0.100000	7.480748	61008.847900
63.100000	0.200000	7.916792	44771.713757
63.100000	0.300000	8.012801	35402.227250
63.100000	0.400000	11.877188	30446.110392
63.100000	0.500000	13.313331	27714.634692
63.100000	0.600000	13.313331	25834.763376
63.100000	0.700000	13.353335	24238.577133
63.100000	0.800000	13.353335	22998.263753
63.100000	0.900000	13.353335	21899.708010
63.100000	1.000000	13.353335	20917.026806
63.200000	0.000000	31.623162	158831.907073
63.200000	0.100000	24.414441	60476.653070
63.200000	0.200000	27.278728	44620.483694
63.200000	0.300000	27.278728	36022.864227
63.200000	0.400000	13.353335	32565.020270
63.200000	0.500000	13.353335	30085.024221
63.200000	0.600000	13.409341	28138.366353
63.200000	0.700000	13.409341	26484.160738
63.200000	0.800000	13.409341	25030.397435
63.200000	0.900000	13.409341	23739.605557
63.200000	1.000000	13.409341	22585.826704
63.300000	0.000000	2.652265	136789.200016
63.300000	0.100000	2.652265	65823.161997
63.300000	0.200000	2.652265	45405.121401
63.300000	0.300000	2.652265	35713.549288
63.300000	0.400000	13.165317	32943.269430
63.300000	0.500000	13.165317	30602.697481
63.300000	0.600000	13.165317	28456.007371
63.300000	0.700000	13.165317	26505.757263
63.300000	0.800000	13.165317	24751.562129
63.300000	0.900000	13.165317	23183.820155
63.300000	1.000000	13.409341	21944.984218
63.400000	0.000000	51.377138	140393.419497
63.400000	0.100000	51.913191	61636.522711
63.400000	0.200000	7.120712	45205.355265
63.400000	0.300000	7.120712	36275.334510
63.400000	0.400000	13.285329	31363.386055
63.400000	0.500000	13.253325	27958.394670
63.400000	0.600000	13.253325	25383.473039
63.400000	0.700000	10.281028	23437.057771
63.400000	0.800000	10.281028	21942.417211
63.400000	0.900000	10.313031	20748.383091
63.400000	1.000000	10.313031	19714.771582
63.500000	0.000000	27.854785	167953.660720
63.500000	0.100000	6.076608	67976.612813
63.500000	0.200000	6.044604	48117.095726
63.500000	0.300000	6.044604	38125.257509
63.500000	0.400000	14.589459	33315.487715
63.500000	0.500000	14.589459	29899.202014
63.500000	0.600000	14.589459	27298.930317
63.500000	0.700000	14.589459	25253.991210
63.500000	0.800000	14.589459	23600.137774
63.500000	0.900000	14.589459	22230.990911
63.500000	1.000000	14.589459	21075.310558
63.600000	0.000000	42.716272	161562.788917
63.600000	0.100000	55.765577	57678.181469
63.600000	0.200000	55.929593	39083.238556
63.600000	0.300000	28.766877	33212.836916
63.600000	0.400000	28.814881	30417.952736
63.600000	0.500000	28.814881	28332.444514
63.600000	0.600000	28.814881	26476.797431
63.600000	0.700000	28.838884	24933.061415
63.600000	0.800000	28.838884	23615.720294
63.600000	0.900000	28.838884	22435.395581
63.600000	1.000000	28.838884	21376.760242
63.700000	0.000000	36.187619	156318.037546
63.700000	0.100000	7.104710	61136.819845
63.700000	0.200000	7.104710	47549.217508
63.700000	0.300000	7.104710	38742.973714
63.700000	0.400000	28.846885	34235.663975
63.700000	0.500000	9.828983	31088.880605
63.700000	0.600000	9.828983	28544.668621
63.700000	0.700000	9.828983	26440.142207
63.700000	0.800000	28.846885	24706.485010
63.700000	0.900000	28.846885	23242.342107
63.700000	1.000000	28.846885	21984.583930
63.800000	0.000000	4.548455	154093.419447
63.800000	0.100000	16.649665	60593.449585
63.800000	0.200000	16.649665	45170.972128
63.800000	0.300000	16.649665	36933.341596
63.800000	0.400000	16.649665	31360.208590
63.800000	0.500000	9.884988	28307.263544
63.800000	0.600000	9.884988	26733.247769
63.800000	0.700000	9.884988	25290.972383
63.800000	0.800000	9.884988	23970.442676
63.800000	0.900000	9.884988	22765.106085
63.800000	1.000000	9.884988	21667.838694
63.900000	0.000000	5.192519	151538.567857
63.900000	0.100000	49.292929	62372.726191
63.900000	0.200000	49.300930	49785.131370
63.900000	0.300000	49.300930	41715.039237
63.900000	0.400000	49.300930	36182.138300
63.900000	0.500000	49.300930	32087.184039
63.900000	0.600000	49.300930	28897.102863
63.900000	0.700000	49.300930	26330.331697
63.900000	0.800000	49.300930	24218.952188
63.900000	0.900000	10.521052	23053.467537
63.900000	1.000000	10.521052	22169.783859
64.000000	0.000000	55.685569	171888.653027
64.000000	0.100000	55.709571	62995.177181
64.000000	0.200000	36.231623	43542.316229
64.000000	0.300000	42.032203	38232.524067
64.000000	0.400000	42.032203	34049.235214
64.000000	0.500000	42.080208	30498.526156
64.000000	0.600000	42.080208	27745.155522
64.000000	0.700000	42.080208	25488.135894
64.000000	0.800000	42.080208	23628.496669
64.000000	0.900000	10.529053	22111.625142
64.000000	1.000000	10.529053	21281.428656
64.100000	0.000000	14.005401	148589.848273
64.100000	0.100000	35.663566	68444.393823
64.100000	0.200000	35.663566	47821.774297
64.100000	0.300000	35.663566	38479.888995
64.100000	0.400000	35.663566	33144.115840
64.100000	0.500000	37.359736	29733.384903
64.100000	0.600000	37.359736	27408.093131
64.100000	0.700000	37.359736	25585.261046
64.100000	0.800000	37.359736	24136.988620
64.100000	0.900000	37.359736	22967.452707
64.100000	1.000000	37.359736	22005.198334
64.200000	0.000000	27.666767	158688.664319
64.200000	0.100000	28.398840	65838.962308
64.200000	0.200000	28.398840	46074.866341
64.200000	0.300000	31.491149	37184.822461
64.200000	0.400000	31.499150	32090.472390
64.200000	0.500000	31.499150	28635.715125
64.200000	0.600000	31.499150	26142.920509
64.200000	0.700000	31.499150	24247.744337
64.200000	0.800000	49.456946	22873.544385
64.200000	0.900000	49.456946	21924.936590
64.200000	1.000000	49.456946	21080.498276
64.300000	0.000000	55.513551	124832.334701
64.300000	0.100000	34.375438	58226.459347
64.300000	0.200000	34.375438	44344.948845
64.300000	0.300000	34.375438	36481.389050
64.300000	0.400000	34.383438	31433.093824
64.300000	0.500000	49.480948	28006.586491
64.300000	0.600000	49.480948	26400.991701
64.300000	0.700000	49.480948	25032.584970
64.300000	0.800000	49.480948	23833.330361
64.300000	0.900000	49.480948	22764.185029
64.300000	1.000000	49.480948	21801.027517
64.400000	0.000000	59.441944	186722.422152
64.400000	0.100000	31.795180	60709.774759
64.400000	0.200000	31.803180	43383.842046
64.400000	0.300000	49.412941	36520.026278
64.400000	0.400000	49.496950	32470.550289
64.400000	0.500000	49.496950	29544.276108
64.400000	0.600000	49.496950	27237.304178
64.400000	0.700000	49.496950	25370.785279
64.400000	0.800000	49.496950	23827.739731
64.400000	0.900000	49.496950	22527.393347
64.400000	1.000000	49.496950	21412.283917
64.500000	0.000000	1.308131	146105.454710
64.500000	0.100000	8.276828	56268.238465
64.500000	0.200000	31.859186	41275.401961
64.500000	0.300000	31.859186	34567.839160
64.500000	0.400000	37.439744	31828.685531
64.500000	0.500000	37.439744	29608.305143
64.500000	0.600000	37.439744	27702.311687
64.500000	0.700000	37.439744	26071.179722
64.500000	0.800000	37.439744	24671.557293
64.500000	0.900000	37.439744	23462.787172
64.500000	1.000000	37.439744	22410.138976
64.600000	0.000000	29.038904	151943.581826
64.600000	0.100000	5.408541	57622.801030
64.600000	0.200000	12.041204	43125.479449
64.600000	0.300000	12.041204	36581.499691
64.600000	0.400000	12.033203	32166.905916
64.600000	0.500000	12.033203	28968.730862
64.600000	0.600000	12.033203	26471.202959
64.600000	0.700000	12.033203	24439.872300
64.600000	0.800000	37.439744	23289.703537
64.600000	0.900000	37.439744	22290.716464
64.600000	1.000000	37.439744	21404.491272
64.700000	0.000000	2.544254	126633.623860
64.700000	0.100000	4.284428	59605.510231
64.700000	0.200000	4.284428	41715.855372
64.700000	0.300000	4.284428	32085.232331
64.700000	0.400000	12.089209	28104.343615
64.700000	0.500000	12.089209	26105.921690
64.700000	0.600000	12.081208	24506.185984
64.700000	0.700000	12.081208	23185.103522
64.700000	0.800000	12.081208	22044.155167
64.700000	0.900000	12.081208	21036.077660
64.700000	1.000000	12.081208	20130.551050
64.800000	0.000000	51.181118	156304.953236
64.800000	0.100000	0.772077	56433.672793
64.800000	0.200000	0.772077	41442.051445
64.800000	0.300000	36.787679	33890.890091
64.800000	0.400000	36.787679	29805.624564
64.800000	0.500000	36.787679	26844.688587
64.800000	0.600000	36.787679	24606.679409
64.800000	0.700000	36.787679	22850.274275
64.800000	0.800000	36.787679	21426.043162
64.800000	0.900000	12.089209	20259.943568
64.800000	1.000000	12.089209	19602.358208
64.900000	0.000000	18.361836	143103.078603
64.900000	0.100000	18.361836	55087.225694
64.900000	0.200000	20.418042	38213.684846
64.900000	0.300000	27.422742	32749.804420
64.900000	0.400000	27.422742	30593.117423
64.900000	0.500000	27.422742	28522.886429
64.900000	0.600000	27.422742	26601.470729
64.900000	0.700000	27.422742	24868.959607
64.900000	0.800000	27.422742	23332.781223
64.900000	0.900000	27.422742	21981.575184
64.900000	1.000000	27.422742	20795.927965
65.000000	0.000000	12.225223	163312.414834
65.000000	0.100000	11.869187	56978.660828
65.000000	0.200000	23.074307	43073.924502
65.000000	0.300000	23.082308	37573.739559
65.000000	0.400000	23.082308	33258.923263
65.000000	0.500000	23.082308	29835.620384
65.000000	0.600000	23.082308	27085.200614
65.000000	0.700000	23.082308	24836.961797
65.000000	0.800000	23.082308	22967.766804
65.000000	0.900000	27.454745	21553.573529
65.000000	1.000000	27.454745	20552.200347
65.100000	0.000000	58.693869	127381.527469
65.100000	0.100000	43.544354	50415.319518
65.100000	0.200000	22.354235	40835.222627
65.100000	0.300000	22.354235	35082.823559
65.100000	0.400000	22.354235	30873.786460
65.100000	0.500000	23.098310	28408.652085
65.100000	0.600000	23.098310	26436.568569
65.100000	0.700000	23.098310	24721.783401
65.100000	0.800000	23.098310	23215.071416
65.100000	0.900000	23.098310	21885.268331
65.100000	1.000000	24.342434	20741.858460
65.200000	0.000000	58.265827	150699.248078
65.200000	0.100000	17.501750	57418.073673
65.200000	0.200000	17.525753	42538.540892
65.200000	0.300000	22.578258	34317.273597
65.200000	0.400000	23.822382	30564.345590
65.200000	0.500000	23.822382	28099.977075
65.200000	0.600000	24.374437	26285.914138
65.200000	0.700000	24.374437	24899.102892
65.200000	0.800000	24.374437	23710.886499
65.200000	0.900000	24.374437	22681.186058
65.200000	1.000000	24.374437	21778.570713
65.300000	0.000000	19.665967	166609.038530
65.300000	0.100000	30.355036	60106.247883
65.300000	0.200000	39.627963	46882.862490
65.300000	0.300000	39.627963	38654.967107
65.300000	0.400000	39.627963	33051.662398
65.300000	0.500000	39.627963	29061.480799
65.300000	0.600000	3.576358	26472.736928
65.300000	0.700000	3.576358	24506.543771
65.300000	0.800000	23.946395	22907.629569
65.300000	0.900000	23.946395	21624.014598
65.300000	1.000000	23.946395	20475.504360
65.400000	0.000000	44.096410	176538.523162
65.400000	0.100000	58.493849	65536.438988
65.400000	0.200000	16.857686	43379.948738
65.400000	0.300000	16.857686	36302.939801
65.400000	0.400000	16.957696	31538.127926
65.400000	0.500000	30.235024	28680.446861
65.400000	0.600000	30.235024	26766.613619
65.400000	0.700000	30.327033	25073.784286
65.400000	0.800000	30.327033	23686.389613
65.400000	0.900000	30.327033	22466.685041
65.400000	1.000000	30.327033	21386.665061
65.500000	0.000000	14.981498	204532.741231
65.500000	0.100000	15.661566	66720.432204
65.500000	0.200000	35.859586	46718.133603
65.500000	0.300000	35.859586	37414.493382
65.500000	0.400000	29.670967	33425.696023
65.500000	0.500000	29.914991	31005.483277
65.500000	0.600000	29.914991	28801.181333
65.500000	0.700000	29.914991	26750.137187
65.500000	0.800000	29.914991	24891.001184
65.500000	0.900000	30.259026	23573.720131
65.500000	1.000000	30.275028	22452.978397
65.600000	0.000000	4.376438	144524.516166
65.600000	0.100000	23.926393	61074.464759
65.600000	0.200000	29.710971	48029.049084
65.600000	0.300000	29.710971	40732.679933
65.600000	0.400000	30.283028	35714.090461
65.600000	0.500000	30.283028	32537.706541
65.600000	0.600000	30.283028	30120.973276
65.600000	0.700000	30.283028	28195.465393
65.600000	0.800000	30.283028	26595.596971
65.600000	0.900000	30.291029	25231.130770
65.600000	1.000000	30.291029	24063.638369
65.700000	0.000000	5.932593	136898.591327
65.700000	0.100000	58.709871	53621.396464
65.700000	0.200000	35.559556	44884.264902
65.700000	0.300000	35.559556	37728.016196
65.700000	0.400000	58.717872	32429.273494
65.700000	0.500000	30.291029	29914.726526
65.700000	0.600000	30.291029	28660.170554
65.700000	0.700000	30.291029	27442.147947
65.700000	0.800000	30.291029	26288.118153
65.700000	0.900000	30.291029	25208.103638
65.700000	1.000000	30.291029	24202.730624
65.800000	0.000000	1.064106	156414.732768
65.800000	0.100000	4.232423	56958.825621
65.800000	0.200000	4.232423	41110.241023
65.800000	0.300000	6.292629	37469.246015
65.800000	0.400000	6.292629	34662.607994
65.800000	0.500000	6.292629	31851.788845
65.800000	0.600000	6.292629	29263.200310
65.800000	0.700000	6.292629	26962.388750
65.800000	0.800000	6.308631	25049.995325
65.800000	0.900000	6.308631	23373.429732
65.800000	1.000000	30.307031	22371.589475
65.900000	0.000000	54.565457	134284.767206
65.900000	0.100000	26.734673	62164.677904
65.900000	0.200000	26.810681	50480.285947
65.900000	0.300000	26.810681	43238.877630
65.900000	0.400000	6.264626	37970.725318
65.900000	0.500000	6.264626	34600.203179
65.900000	0.600000	6.264626	31661.468267
65.900000	0.700000	6.264626	29106.460804
65.900000	0.800000	6.264626	26886.007255
65.900000	0.900000	6.264626	24952.706375
65.900000	1.000000	6.272627	23295.487433
66.000000	0.000000	12.489249	173247.564638
66.000000	0.100000	25.806581	74490.452813
66.000000	0.200000	25.806581	52458.194627
66.000000	0.300000	26.646665	42279.856455
66.000000	0.400000	27.222722	36200.088297
66.000000	0.500000	27.222722	32023.372687
66.000000	0.600000	6.280628	29173.810486
66.000000	0.700000	6.280628	27157.655012
66.000000	0.800000	6.280628	25384.755477
66.000000	0.900000	6.280628	23822.939052
66.000000	1.000000	27.790779	22549.811343
66.100000	0.000000	25.082508	196668.296805
66.100000	0.100000	20.982098	70204.281958
66.100000	0.200000	20.974097	51331.589903
66.100000	0.300000	21.034103	41990.572327
66.100000	0.400000	21.034103	36224.338703
66.100000	0.500000	21.034103	31909.432487
66.100000	0.600000	22.094209	29159.047719
66.100000	0.700000	22.094209	27120.480292
66.100000	0.800000	30.651065	25506.469204
66.100000	0.900000	30.651065	24635.265092
66.100000	1.000000	30.651065	23798.612570
66.200000	0.000000	8.136814	184984.453362
66.200000	0.100000	19.813981	72332.834361
66.200000	0.200000	30.659066	53257.905937
66.200000	0.300000	30.659066	44542.446118
66.200000	0.400000	30.659066	38834.182713
66.200000	0.500000	30.659066	34879.200369
66.200000	0.600000	30.659066	31995.292022
66.200000	0.700000	30.659066	29791.681964
66.200000	0.800000	30.659066	28035.505599
66.200000	0.900000	30.659066	26584.229786
66.200000	1.000000	30.659066	25348.420771
66.300000	0.000000	9.032903	155990.352824
66.300000	0.100000	28.730873	55692.646849
66.300000	0.200000	28.790879	41782.725096
66.300000	0.300000	44.916492	34387.764203
66.300000	0.400000	45.520552	32300.037716
66.300000	0.500000	45.520552	30673.749237
66.300000	0.600000	45.520552	29214.831984
66.300000	0.700000	45.520552	27884.990640
66.300000	0.800000	45.520552	26658.652527
66.300000	0.900000	45.520552	25520.249889
66.300000	1.000000	45.520552	24459.933644
66.400000	0.000000	10.345035	146402.790579
66.400000	0.100000	11.685169	66393.276025
66.400000	0.200000	15.669567	52315.175457
66.400000	0.300000	15.669567	44164.841591
66.400000	0.400000	45.528553	39525.601487
66.400000	0.500000	45.528553	36187.102436
66.400000	0.600000	45.528553	33380.709504
66.400000	0.700000	45.596560	31066.137782
66.400000	0.800000	45.596560	29198.232597
66.400000	0.900000	45.596560	27594.251935
66.400000	1.000000	45.596560	26203.167584
66.500000	0.000000	51.305131	192741.938284
66.500000	0.100000	50.869087	53583.654130
66.500000	0.200000	45.560556	45404.825242
66.500000	0.300000	45.552555	39973.253433
66.500000	0.400000	45.552555	35987.947453
66.500000	0.500000	15.641564	33412.771590
66.500000	0.600000	15.633563	31527.779924
66.500000	0.700000	15.633563	29776.778857
66.500000	0.800000	15.633563	28164.533097
66.500000	0.900000	15.633563	26691.332604
66.500000	1.000000	15.625563	25355.040125
66.600000	0.000000	26.090609	180967.009836
66.600000	0.100000	30.767077	62350.926581
66.600000	0.200000	30.639064	45131.601313
66.600000	0.300000	30.639064	37308.255929
66.600000	0.400000	15.589559	34034.549402
66.600000	0.500000	15.589559	32028.130594
66.600000	0.600000	15.589559	30210.742591
66.600000	0.700000	15.589559	28565.125646
66.600000	0.800000	15.589559	27067.565855
66.600000	0.900000	15.589559	25698.982308
66.600000	1.000000	15.589559	24444.849684
66.700000	0.000000	53.525353	150364.078323
66.700000	0.100000	35.495550	61398.464971
66.700000	0.200000	35.735574	47322.134675
66.700000	0.300000	35.735574	40140.349316
66.700000	0.400000	35.735574	35436.180538
66.700000	0.500000	35.735574	32054.519574
66.700000	0.600000	35.735574	29452.458721
66.700000	0.700000	35.735574	27353.015316
66.700000	0.800000	35.735574	25604.874618
66.700000	0.900000	35.735574	24118.310248
66.700000	1.000000	35.735574	22835.399159
66.800000	0.000000	2.208221	132741.569774
66.800000	0.100000	26.198620	57721.439804
66.800000	0.200000	26.198620	46180.877778
66.800000	0.300000	26.258626	38665.230829
66.800000	0.400000	26.258626	33640.132828
66.800000	0.500000	26.258626	30009.931550
66.800000	0.600000	26.258626	27250.276183
66.800000	0.700000	35.743574	25399.849188
66.800000	0.800000	35.743574	24044.786534
66.800000	0.900000	35.743574	22853.308045
66.800000	1.000000	35.743574	21798.775059
66.900000	0.000000	55.665567	148329.633077
66.900000	0.100000	14.001400	56053.918036
66.900000	0.200000	14.345435	46485.431510
66.900000	0.300000	14.345435	39463.619453
66.900000	0.400000	14.345435	34585.829096
66.900000	0.500000	14.345435	31029.090350
66.900000	0.600000	14.509451	28706.837299
66.900000	0.700000	14.517452	26886.352021
66.900000	0.800000	14.517452	25342.551404
66.900000	0.900000	14.517452	23989.118608
66.900000	1.000000	14.517452	22782.056131
67.000000	0.000000	23.802380	147106.222084
67.000000	0.100000	57.633763	54564.051914
67.000000	0.200000	35.235524	39496.309799
67.000000	0.300000	14.517452	34773.939600
67.000000	0.400000	14.525453	32156.728714
67.000000	0.500000	14.525453	30192.335630
67.000000	0.600000	14.525453	28485.958919
67.000000	0.700000	14.525453	26967.481419
67.000000	0.800000	14.525453	25592.322680
67.000000	0.900000	14.525453	24332.963653
67.000000	1.000000	14.533453	23211.154812
67.100000	0.000000	58.153815	153593.070803
67.100000	0.100000	34.931493	52975.397797
67.100000	0.200000	30.291029	39995.238034
67.100000	0.300000	30.291029	36888.574233
67.100000	0.400000	30.291029	33996.444534
67.100000	0.500000	30.291029	31407.909280
67.100000	0.600000	30.291029	29155.269266
67.100000	0.700000	30.291029	27217.795931
67.100000	0.800000	14.541454	25855.318418
67.100000	0.900000	14.541454	24737.843268
67.100000	1.000000	14.541454	23669.303257
67.200000	0.000000	47.752775	160631.344270
67.200000	0.100000	48.540854	67973.899149
67.200000	0.200000	14.445445	45454.956521
67.200000	0.300000	14.497450	38454.740874
67.200000	0.400000	14.497450	34105.794924
67.200000	0.500000	14.497450	30921.728771
67.200000	0.600000	14.549455	28495.649503
67.200000	0.700000	14.541454	26583.126174
67.200000	0.800000	14.541454	25012.582543
67.200000	0.900000	14.541454	23669.996455
67.200000	1.000000	14.541454	22498.646601
67.300000	0.000000	14.437444	145063.671060
67.300000	0.100000	6.308631	55832.242972
67.300000	0.200000	42.720272	42632.702563
67.300000	0.300000	0.072007	36268.296133
67.300000	0.400000	22.382238	32608.664439
67.300000	0.500000	22.382238	30536.741847
67.300000	0.600000	22.382238	28828.045517
67.300000	0.700000	22.382238	27332.283892
67.300000	0.800000	22.382238	25986.022634
67.300000	0.900000	22.382238	24758.191595
67.300000	1.000000	22.382238	23630.934202
67.400000	0.000000	36.203620	184266.745998
67.400000	0.100000	36.195620	68494.604364
67.400000	0.200000	36.195620	47322.471197
67.400000	0.300000	22.494249	38158.157719
67.400000	0.400000	22.494249	35654.917935
67.400000	0.500000	22.494249	33305.203108
67.400000	0.600000	22.494249	31184.388864
67.400000	0.700000	22.494249	29295.687306
67.400000	0.800000	22.494249	27620.037658
67.400000	0.900000	22.494249	26132.619386
67.400000	1.000000	22.494249	24808.724110
67.500000	0.000000	49.304930	139748.885250
67.500000	0.100000	20.674067	59417.572394
67.500000	0.200000	22.362236	46953.406288
67.500000	0.300000	22.362236	40995.682465
67.500000	0.400000	22.362236	36543.282662
67.500000	0.500000	22.362236	33076.407630
67.500000	0.600000	22.362236	30284.286165
67.500000	0.700000	22.354235	28069.211081
67.500000	0.800000	22.354235	26260.589698
67.500000	0.900000	22.354235	24687.815750
67.500000	1.000000	22.354235	23303.148072
67.600000	0.000000	50.413041	143250.789677
67.600000	0.100000	29.930993	57562.831826
67.600000	0.200000	29.922992	44741.958301
67.600000	0.300000	29.922992	36701.333330
67.600000	0.400000	29.930993	31559.313416
67.600000	0.500000	29.930993	28090.973364
67.600000	0.600000	22.682268	25909.462850
67.600000	0.700000	22.682268	24616.481904
67.600000	0.800000	22.682268	23376.765259
67.600000	0.900000	22.682268	22208.104132
67.600000	1.000000	22.682268	21120.136947
67.700000	0.000000	13.229323	176320.722739
67.700000	0.100000	14.913491	66376.650778
67.700000	0.200000	33.947395	46277.494050
67.700000	0.300000	33.947395	38314.962709
67.700000	0.400000	33.955396	33611.980347
67.700000	0.500000	33.955396	30151.666350
67.700000	0.600000	33.955396	27419.386781
67.700000	0.700000	33.955396	25190.816302
67.700000	0.800000	33.955396	23333.528564
67.700000	0.900000	33.955396	21761.386663
67.700000	1.000000	33.955396	20414.165293
67.800000	0.000000	0.040004	137951.545037
67.800000	0.100000	17.501750	55160.206886
67.800000	0.200000	17.501750	43972.776351
67.800000	0.300000	17.501750	36243.434950
67.800000	0.400000	17.501750	30754.146840
67.800000	0.500000	17.501750	26709.250853
67.800000	0.600000	33.971397	24847.406318
67.800000	0.700000	33.971397	23290.322392
67.800000	0.800000	33.971397	21887.582962
67.800000	0.900000	33.971397	20629.538533
67.800000	1.000000	33.971397	19502.789988
67.900000	0.000000	10.397040	112642.813865
67.900000	0.100000	11.841184	50325.929444
67.900000	0.200000	23.934393	38963.008753
67.900000	0.300000	23.934393	33573.687898
67.900000	0.400000	23.934393	29524.899977
67.900000	0.500000	23.934393	26438.236281
67.900000	0.600000	23.942394	24057.218225
67.900000	0.700000	23.942394	22241.353270
67.900000	0.800000	23.942394	20727.493750
67.900000	0.900000	23.942394	19451.635225
67.900000	1.000000	58.513851	18390.990397
68.000000	0.000000	2.192219	156910.030919
68.000000	0.100000	3.060306	56088.909645
68.000000	0.200000	23.334333	43039.327031
68.000000	0.300000	24.378438	36705.363068
68.000000	0.400000	24.378438	32083.682267
68.000000	0.500000	24.378438	28409.935588
68.000000	0.600000	24.378438	25502.315000
68.000000	0.700000	25.710571	23570.069663
68.000000	0.800000	25.710571	22032.833738
68.000000	0.900000	26.018602	20759.131036
68.000000	1.000000	26.018602	19707.333735
68.100000	0.000000	58.729873	138254.282301
68.100000	0.100000	47.216722	51536.444543
68.100000	0.200000	47.208721	38648.777717
68.100000	0.300000	48.156816	31993.568601
68.100000	0.400000	48.156816	27736.853330
68.100000	0.500000	30.791079	25386.503202
68.100000	0.600000	25.718572	23837.086401
68.100000	0.700000	25.718572	22769.390733
68.100000	0.800000	25.718572	21746.100781
68.100000	0.900000	25.718572	20783.345557
68.100000	1.000000	25.718572	19885.290706
68.200000	0.000000	3.012301	165193.190177
68.200000	0.100000	3.708371	55371.479393
68.200000	0.200000	3.076308	40794.167771
68.200000	0.300000	3.700370	33340.550074
68.200000	0.400000	3.700370	28559.786669
68.200000	0.500000	35.379538	26276.701834
68.200000	0.600000	35.379538	24674.455706
68.200000	0.700000	35.379538	23313.393748
68.200000	0.800000	35.379538	22129.952800
68.200000	0.900000	35.379538	21083.610178
68.200000	1.000000	35.379538	20146.671338
68.300000	0.000000	27.538754	140532.399158
68.300000	0.100000	34.655466	55310.270126
68.300000	0.200000	34.875488	41564.297796
68.300000	0.300000	34.875488	35169.308882
68.300000	0.400000	35.387539	31338.186767
68.300000	0.500000	35.387539	29005.845588
68.300000	0.600000	35.387539	27118.726817
68.300000	0.700000	35.387539	25508.415368
68.300000	0.800000	35.387539	24098.910140
68.300000	0.900000	35.387539	22847.863304
68.300000	1.000000	35.387539	21727.327883
68.400000	0.000000	11.341134	116796.372755
68.400000	0.100000	34.563456	59270.097644
68.400000	0.200000	34.563456	47403.502309
68.400000	0.300000	34.555456	41080.656852
68.400000	0.400000	34.555456	36674.355207
68.400000	0.500000	34.555456	33195.673093
68.400000	0.600000	34.555456	30329.784626
68.400000	0.700000	34.555456	27908.982969
68.400000	0.800000	34.555456	25834.139862
68.400000	0.900000	34.555456	24039.401936
68.400000	1.000000	34.555456	22476.721262
68.500000	0.000000	57.249725	123965.744590
68.500000	0.100000	34.571457	57297.679002
68.500000	0.200000	34.571457	48444.496794
68.500000	0.300000	34.571457	42022.554397
68.500000	0.400000	34.571457	37353.755659
68.500000	0.500000	34.571457	33719.141252
68.500000	0.600000	34.571457	30758.490598
68.500000	0.700000	34.571457	28279.347643
68.500000	0.800000	34.571457	26167.451456
68.500000	0.900000	34.571457	24348.025422
68.500000	1.000000	34.571457	22768.021692
68.600000	0.000000	35.063506	151088.525563
68.600000	0.100000	35.275528	54337.380116
68.600000	0.200000	35.223522	39175.699298
68.600000	0.300000	35.223522	33731.156038
68.600000	0.400000	35.135514	30754.418806
68.600000	0.500000	35.135514	28364.927896
68.600000	0.600000	35.135514	26280.281154
68.600000	0.700000	35.135514	24438.207324
68.600000	0.800000	35.507551	22851.975141
68.600000	0.900000	0.100010	21807.063731
68.600000	1.000000	0.100010	20879.693735
68.700000	0.000000	49.868987	147352.035112
68.700000	0.100000	0.108011	57213.078103
68.700000	0.200000	0.108011	42862.115006
68.700000	0.300000	0.108011	36291.813860
68.700000	0.400000	0.108011	32086.942755
68.700000	0.500000	0.108011	29044.288395
68.700000	0.600000	0.108011	26705.345899
68.700000	0.700000	0.108011	24829.436127
68.700000	0.800000	0.108011	23274.129489
68.700000	0.900000	0.108011	21950.718432
68.700000	1.000000	0.108011	20801.964777
68.800000	0.000000	56.261626	134618.436082
68.800000	0.100000	20.810081	52970.047078
68.800000	0.200000	20.810081	39775.322029
68.800000	0.300000	20.810081	32803.665197
68.800000	0.400000	20.810081	28402.188949
68.800000	0.500000	5.148515	27160.764405
68.800000	0.600000	5.148515	26131.788279
68.800000	0.700000	5.148515	25057.486773
68.800000	0.800000	5.148515	23990.537338
68.800000	0.900000	5.148515	22959.000452
68.800000	1.000000	5.148515	21976.316376
68.900000	0.000000	56.353635	131349.900605
68.900000	0.100000	49.980998	61573.270773
68.900000	0.200000	5.156516	48366.317388
68.900000	0.300000	5.156516	41882.265080
68.900000	0.400000	5.156516	37469.324885
68.900000	0.500000	5.156516	34227.443299
68.900000	0.600000	5.156516	31671.033526
68.900000	0.700000	5.156516	29548.158501
68.900000	0.800000	5.156516	27723.298098
68.900000	0.900000	5.156516	26119.262498
68.900000	1.000000	5.156516	24689.066490
69.000000	0.000000	52.017202	144193.489687
69.000000	0.100000	8.912891	63215.734044
69.000000	0.200000	3.128313	48298.700797
69.000000	0.300000	5.128513	42552.724915
69.000000	0.400000	5.128513	38735.038432
69.000000	0.500000	5.128513	35627.269430
69.000000	0.600000	5.164516	32965.995682
69.000000	0.700000	5.164516	30649.645025
69.000000	0.800000	5.164516	28593.754272
69.000000	0.900000	5.164516	26760.872938
69.000000	1.000000	5.164516	25122.405978
69.100000	0.000000	40.388039	124396.187174
69.100000	0.100000	57.785779	59242.171578
69.100000	0.200000	5.180518	43672.086496
69.100000	0.300000	5.180518	40745.754996
69.100000	0.400000	5.180518	37498.019767
69.100000	0.500000	5.180518	34352.800946
69.100000	0.600000	5.180518	31508.741114
69.100000	0.700000	5.172517	29142.223252
69.100000	0.800000	5.172517	27103.366375
69.100000	0.900000	5.172517	25324.301034
69.100000	1.000000	5.172517	23763.724207
69.200000	0.000000	6.068607	127509.244450
69.200000	0.100000	39.735974	58295.001986
69.200000	0.200000	4.900490	50062.794129
69.200000	0.300000	4.900490	44205.346678
69.200000	0.400000	4.900490	39234.637954
69.200000	0.500000	4.900490	35215.943932
69.200000	0.600000	4.900490	31968.134765
69.200000	0.700000	4.900490	29307.186034
69.200000	0.800000	4.900490	27091.394702
69.200000	0.900000	4.900490	25218.280430
69.200000	1.000000	4.900490	23614.097951
69.300000	0.000000	4.232423	145546.720506
69.300000	0.100000	33.403340	53213.481259
69.300000	0.200000	36.499650	40862.870684
69.300000	0.300000	4.908491	34666.068370
69.300000	0.400000	4.908491	31581.034950
69.300000	0.500000	4.908491	29346.268780
69.300000	0.600000	4.908491	27541.859528
69.300000	0.700000	4.908491	25995.576711
69.300000	0.800000	4.908491	24628.471722
69.300000	0.900000	4.908491	23400.324808
69.300000	1.000000	4.908491	22287.933461
69.400000	0.000000	0.248025	146449.156402
69.400000	0.100000	16.861686	59864.378662
69.400000	0.200000	20.102010	42185.728160
69.400000	0.300000	20.102010	35679.645442
69.400000	0.400000	20.102010	31193.166961
69.400000	0.500000	45.492549	28185.721508
69.400000	0.600000	45.492549	25894.027278
69.400000	0.700000	45.492549	24043.411738
69.400000	0.800000	2.856286	22788.476071
69.400000	0.900000	2.856286	22043.310309
69.400000	1.000000	2.892289	21351.110905
69.500000	0.000000	46.244624	148792.002608
69.500000	0.100000	18.945895	55212.134570
69.500000	0.200000	18.945895	42362.648147
69.500000	0.300000	49.300930	35578.854486
69.500000	0.400000	49.300930	31737.316618
69.500000	0.500000	50.253025	28945.988763
69.500000	0.600000	50.253025	26862.214386
69.500000	0.700000	2.856286	25354.347821
69.500000	0.800000	2.856286	24244.459404
69.500000	0.900000	2.856286	23266.665488
69.500000	1.000000	2.856286	22390.064351
69.600000	0.000000	50.709071	186408.564070
69.600000	0.100000	6.204620	60883.446893
69.600000	0.200000	6.212621	43798.576466
69.600000	0.300000	46.444644	36643.140582
69.600000	0.400000	46.452645	32383.632450
69.600000	0.500000	46.452645	29500.275666
69.600000	0.600000	46.452645	27189.014749
69.600000	0.700000	46.452645	25261.292472
69.600000	0.800000	2.856286	23854.578552
69.600000	0.900000	2.856286	22975.168411
69.600000	1.000000	2.856286	22144.824379
69.700000	0.000000	26.134613	145795.571077
69.700000	0.100000	0.548055	73220.921011
69.700000	0.200000	0.512051	51257.909121
69.700000	0.300000	46.468647	42176.316829
69.700000	0.400000	46.468647	36118.768670
69.700000	0.500000	46.468647	31486.662901
69.700000	0.600000	46.460646	28149.937427
69.700000	0.700000	48.772877	25611.483232
69.700000	0.800000	2.864286	23716.573543
69.700000	0.900000	2.864286	22657.185786
69.700000	1.000000	2.864286	21760.746590
69.800000	0.000000	54.441444	136169.593863
69.800000	0.100000	54.749475	53547.848416
69.800000	0.200000	48.408841	43637.293035
69.800000	0.300000	48.408841	38540.562007
69.800000	0.400000	48.688869	34398.527574
69.800000	0.500000	48.960896	30873.604603
69.800000	0.600000	48.960896	27973.833792
69.800000	0.700000	50.665067	25585.494244
69.800000	0.800000	50.637064	24063.208071
69.800000	0.900000	50.637064	22758.125959
69.800000	1.000000	50.637064	21583.041442
69.900000	0.000000	36.515652	169220.777184
69.900000	0.100000	44.836484	60111.020256
69.900000	0.200000	50.645065	45897.724194
69.900000	0.300000	50.645065	40818.725132
69.900000	0.400000	50.645065	36199.292909
69.900000	0.500000	50.645065	32379.484752
69.900000	0.600000	50.645065	29297.475987
69.900000	0.700000	50.645065	26800.607216
69.900000	0.800000	50.645065	24748.571498
69.900000	0.900000	50.645065	23033.408367
69.900000	1.000000	50.645065	21576.359663
70.000000	0.000000	7.380738	168307.533278
70.000000	0.100000	10.573057	66416.864454
70.000000	0.200000	10.573057	43541.661752
70.000000	0.300000	29.794979	35757.029889
70.000000	0.400000	29.794979	30700.787524
70.000000	0.500000	15.129513	27090.548604
70.000000	0.600000	32.671267	25311.149357
70.000000	0.700000	32.671267	24311.043705
70.000000	0.800000	32.671267	23426.588902
70.000000	0.900000	32.671267	22627.708239
70.000000	1.000000	32.671267	21893.849036
