50.000000	0.000000	17.913791	18218.378618
50.000000	0.100000	19.381938	6268.617427
50.000000	0.200000	21.862186	4395.898774
50.000000	0.300000	21.882188	3735.027474
50.000000	0.400000	22.142214	3374.859060
50.000000	0.500000	22.142214	3116.735656
50.000000	0.600000	22.142214	2911.405322
50.000000	0.700000	22.142214	2742.651345
50.000000	0.800000	22.142214	2600.495640
50.000000	0.900000	22.142214	2478.138872
50.000000	1.000000	22.142214	2370.838562
50.100000	0.000000	29.634963	12218.574528
50.100000	0.100000	52.609261	5325.631494
50.100000	0.200000	33.767377	4046.778230
50.100000	0.300000	52.153215	3441.805679
50.100000	0.400000	52.153215	3140.992398
50.100000	0.500000	21.994199	2957.651222
50.100000	0.600000	21.994199	2817.712497
50.100000	0.700000	21.994199	2685.905475
50.100000	0.800000	21.994199	2562.345448
50.100000	0.900000	21.994199	2447.263505
50.100000	1.000000	22.142214	2340.710624
50.200000	0.000000	34.451445	15631.957828
50.200000	0.100000	21.526153	6294.041239
50.200000	0.200000	21.526153	4954.920222
50.200000	0.300000	21.994199	4185.547673
50.200000	0.400000	21.994199	3693.783722
50.200000	0.500000	21.994199	3327.032654
50.200000	0.600000	21.994199	3045.591010
50.200000	0.700000	21.994199	2823.536703
50.200000	0.800000	21.994199	2643.417311
50.200000	0.900000	21.994199	2493.432698
50.200000	1.000000	21.994199	2365.563015
50.300000	0.000000	52.105211	17843.988546
50.300000	0.100000	51.769177	6483.281687
50.300000	0.200000	51.789179	4671.019460
50.300000	0.300000	23.710371	4138.392016
50.300000	0.400000	23.710371	3792.714779
50.300000	0.500000	23.710371	3493.497266
50.300000	0.600000	23.710371	3233.273308
50.300000	0.700000	23.710371	3006.576954
50.300000	0.800000	23.710371	2808.345708
50.300000	0.900000	23.710371	2634.039459
50.300000	1.000000	23.710371	2479.790112
50.400000	0.000000	32.195220	17397.445743
50.400000	0.100000	46.460646	5983.626185
50.400000	0.200000	23.702370	4417.049559
50.400000	0.300000	23.702370	3953.683742
50.400000	0.400000	23.702370	3589.308220
50.400000	0.500000	23.702370	3289.770456
50.400000	0.600000	23.702370	3036.458712
50.400000	0.700000	23.702370	2818.337985
50.400000	0.800000	23.790379	2658.842526
50.400000	0.900000	23.790379	2517.920814
50.400000	1.000000	23.790379	2388.830547
50.500000	0.000000	9.136914	15313.222414
50.500000	0.100000	7.940794	5892.498360
50.500000	0.200000	34.331433	4164.858834
50.500000	0.300000	57.805781	3503.677901
50.500000	0.400000	57.805781	3149.684161
50.500000	0.500000	57.805781	2853.789858
50.500000	0.600000	23.722372	2678.351332
50.500000	0.700000	23.722372	2547.901805
50.500000	0.800000	23.722372	2425.061606
50.500000	0.900000	23.722372	2309.443024
50.500000	1.000000	23.722372	2200.749788
50.600000	0.000000	6.148615	17161.896372
50.600000	0.100000	55.625563	6633.295064
50.600000	0.200000	57.729773	5149.118595
50.600000	0.300000	57.729773	4307.474163
50.600000	0.400000	57.729773	3734.479369
50.600000	0.500000	57.729773	3313.343098
50.600000	0.600000	57.729773	2990.049057
50.600000	0.700000	57.837784	2737.486019
50.600000	0.800000	57.837784	2552.615600
50.600000	0.900000	57.837784	2398.059947
50.600000	1.000000	57.837784	2266.434150
50.700000	0.000000	57.401740	16195.522546
50.700000	0.100000	57.381738	5744.690183
50.700000	0.200000	35.663566	4158.220789
50.700000	0.300000	35.663566	3458.330100
50.700000	0.400000	50.225023	3109.720901
50.700000	0.500000	50.225023	2849.324561
50.700000	0.600000	50.225023	2628.869770
50.700000	0.700000	50.225023	2438.716767
50.700000	0.800000	57.769777	2332.329869
50.700000	0.900000	57.769777	2253.960797
50.700000	1.000000	57.769777	2173.583618
50.800000	0.000000	33.543354	14320.105786
50.800000	0.100000	33.011301	6531.352714
50.800000	0.200000	33.011301	4488.297376
50.800000	0.300000	49.468947	3577.506908
50.800000	0.400000	50.237024	3237.711060
50.800000	0.500000	50.237024	2979.290718
50.800000	0.600000	50.237024	2756.091636
50.800000	0.700000	50.237024	2560.790427
50.800000	0.800000	50.237024	2388.904590
50.800000	0.900000	50.257026	2239.211769
50.800000	1.000000	57.769777	2126.346110
50.900000	0.000000	46.820682	14706.226704
50.900000	0.100000	49.344934	6283.581363
50.900000	0.200000	49.324932	4428.890282
50.900000	0.300000	57.477748	3609.405880
50.900000	0.400000	57.477748	3236.011756
50.900000	0.500000	57.477748	2954.083271
50.900000	0.600000	57.477748	2728.156306
50.900000	0.700000	57.477748	2540.219241
50.900000	0.800000	57.477748	2379.678810
50.900000	0.900000	57.477748	2239.854034
50.900000	1.000000	57.477748	2116.321998
51.000000	0.000000	31.807181	15751.807186
51.000000	0.100000	35.355536	5958.801232
51.000000	0.200000	35.315532	4287.973796
51.000000	0.300000	38.471847	3657.100778
51.000000	0.400000	38.627863	3240.665117
51.000000	0.500000	38.627863	2953.082442
51.000000	0.600000	38.627863	2717.694607
51.000000	0.700000	38.627863	2522.338258
51.000000	0.800000	38.627863	2357.588454
51.000000	0.900000	38.627863	2216.466927
51.000000	1.000000	38.627863	2093.927974
51.100000	0.000000	36.135614	13353.563787
51.100000	0.100000	6.492649	5468.514740
51.100000	0.200000	42.916292	4128.996476
51.100000	0.300000	41.140114	3603.499208
51.100000	0.400000	41.140114	3311.968289
51.100000	0.500000	41.140114	3054.605620
51.100000	0.600000	41.140114	2829.553652
51.100000	0.700000	41.140114	2633.826159
51.100000	0.800000	41.140114	2463.719921
51.100000	0.900000	41.140114	2315.485658
51.100000	1.000000	41.140114	2185.715294
51.200000	0.000000	42.056206	17602.326497
51.200000	0.100000	40.556056	6474.500278
51.200000	0.200000	41.152115	5026.433503
51.200000	0.300000	41.152115	4156.585592
51.200000	0.400000	42.432243	3548.699585
51.200000	0.500000	42.432243	3151.269112
51.200000	0.600000	42.432243	2834.236563
51.200000	0.700000	42.432243	2575.817711
51.200000	0.800000	41.112111	2376.905933
51.200000	0.900000	41.112111	2223.439096
51.200000	1.000000	24.350435	2127.388499
51.300000	0.000000	56.673667	14366.979442
51.300000	0.100000	56.673667	6612.609447
51.300000	0.200000	58.077808	4784.586256
51.300000	0.300000	58.077808	3877.511176
51.300000	0.400000	58.057806	3319.981395
51.300000	0.500000	24.350435	3014.971123
51.300000	0.600000	24.350435	2841.122165
51.300000	0.700000	24.350435	2694.904518
51.300000	0.800000	24.350435	2568.373084
51.300000	0.900000	24.350435	2456.887227
51.300000	1.000000	24.350435	2357.517134
51.400000	0.000000	34.671467	13575.778193
51.400000	0.100000	24.350435	5791.096464
51.400000	0.200000	24.350435	4397.442871
51.400000	0.300000	24.350435	3736.750289
51.400000	0.400000	24.350435	3332.355469
51.400000	0.500000	24.350435	3047.687618
51.400000	0.600000	24.350435	2830.986771
51.400000	0.700000	24.350435	2658.045681
51.400000	0.800000	24.350435	2515.595440
51.400000	0.900000	24.350435	2395.476811
51.400000	1.000000	24.350435	2292.269110
51.500000	0.000000	13.213321	13911.600582
51.500000	0.100000	2.536254	4904.487574
51.500000	0.200000	9.508951	3593.151179
51.500000	0.300000	9.508951	3117.651600
51.500000	0.400000	9.508951	2793.365791
51.500000	0.500000	9.508951	2539.906935
51.500000	0.600000	9.508951	2329.943172
51.500000	0.700000	24.362436	2250.364261
51.500000	0.800000	24.362436	2182.142832
51.500000	0.900000	24.362436	2115.198822
51.500000	1.000000	24.362436	2050.506126
51.600000	0.000000	46.176618	16455.064328
51.600000	0.100000	59.857986	6176.279736
51.600000	0.200000	50.973097	4328.645021
51.600000	0.300000	50.973097	3681.396446
51.600000	0.400000	50.973097	3230.234804
51.600000	0.500000	50.973097	2881.945104
51.600000	0.600000	50.973097	2602.322088
51.600000	0.700000	50.973097	2372.699068
51.600000	0.800000	51.641164	2191.268985
51.600000	0.900000	51.641164	2061.740001
51.600000	1.000000	51.641164	1947.343962
51.700000	0.000000	30.899090	15425.824365
51.700000	0.100000	50.097010	6161.291089
51.700000	0.200000	50.937094	4336.508594
51.700000	0.300000	50.937094	3560.551824
51.700000	0.400000	18.609861	3150.969108
51.700000	0.500000	18.609861	2921.999418
51.700000	0.600000	18.609861	2712.780675
51.700000	0.700000	18.609861	2527.086280
51.700000	0.800000	18.609861	2363.451939
51.700000	0.900000	18.609861	2219.127189
51.700000	1.000000	17.461746	2097.247961
51.800000	0.000000	17.077708	16532.238579
51.800000	0.100000	17.289729	7593.898643
51.800000	0.200000	17.289729	5823.558507
51.800000	0.300000	17.289729	4886.284548
51.800000	0.400000	17.289729	4252.546666
51.800000	0.500000	17.289729	3782.002917
51.800000	0.600000	17.289729	3415.139127
51.800000	0.700000	17.289729	3120.090739
51.800000	0.800000	17.289729	2877.438962
51.800000	0.900000	17.289729	2674.351790
51.800000	1.000000	17.289729	2501.879687
51.900000	0.000000	54.489449	16833.618740
51.900000	0.100000	17.465747	6048.053360
51.900000	0.200000	17.465747	4733.833143
51.900000	0.300000	17.281728	4189.902498
51.900000	0.400000	17.281728	3804.840570
51.900000	0.500000	17.281728	3493.668509
51.900000	0.600000	17.281728	3229.950725
51.900000	0.700000	17.281728	3002.135686
51.900000	0.800000	17.281728	2803.552112
51.900000	0.900000	17.281728	2629.480061
51.900000	1.000000	17.281728	2476.192293
52.000000	0.000000	21.274127	14183.497546
52.000000	0.100000	49.164916	5948.645871
52.000000	0.200000	49.164916	4358.508093
52.000000	0.300000	25.082508	3695.020169
52.000000	0.400000	25.082508	3252.349216
52.000000	0.500000	25.082508	2916.613663
52.000000	0.600000	17.929793	2693.444676
52.000000	0.700000	17.929793	2540.650581
52.000000	0.800000	18.373837	2428.903509
52.000000	0.900000	18.373837	2327.647717
52.000000	1.000000	18.373837	2233.559954
52.100000	0.000000	29.842984	14274.002159
52.100000	0.100000	0.040004	6295.636205
52.100000	0.200000	3.044304	4739.464094
52.100000	0.300000	4.196420	3882.182172
52.100000	0.400000	4.196420	3462.712944
52.100000	0.500000	4.196420	3133.717620
52.100000	0.600000	4.436444	2878.913403
52.100000	0.700000	4.436444	2676.371554
52.100000	0.800000	4.436444	2507.227373
52.100000	0.900000	4.436444	2363.863790
52.100000	1.000000	4.436444	2240.678387
52.200000	0.000000	0.396040	15629.889094
52.200000	0.100000	1.316132	7249.294246
52.200000	0.200000	1.268127	4891.195037
52.200000	0.300000	1.296130	3775.985676
52.200000	0.400000	8.748875	3270.321153
52.200000	0.500000	8.748875	2959.975125
52.200000	0.600000	8.748875	2720.330515
52.200000	0.700000	8.748875	2528.816684
52.200000	0.800000	8.748875	2371.199002
52.200000	0.900000	8.748875	2238.287473
52.200000	1.000000	8.748875	2123.960014
52.300000	0.000000	6.724672	14089.684178
52.300000	0.100000	25.502550	5306.115318
52.300000	0.200000	25.502550	4152.814129
52.300000	0.300000	25.502550	3489.177757
52.300000	0.400000	25.502550	3062.550540
52.300000	0.500000	25.502550	2752.190026
52.300000	0.600000	25.502550	2509.485576
52.300000	0.700000	25.502550	2311.913490
52.300000	0.800000	6.684668	2150.999974
52.300000	0.900000	6.684668	2036.072609
52.300000	1.000000	6.684668	1936.127957
52.400000	0.000000	2.424242	16758.861375
52.400000	0.100000	17.241724	6316.980494
52.400000	0.200000	17.785779	4342.947180
52.400000	0.300000	58.049805	3447.717566
52.400000	0.400000	58.049805	2981.382780
52.400000	0.500000	52.137214	2687.404370
52.400000	0.600000	52.137214	2561.351969
52.400000	0.700000	52.157216	2444.202536
52.400000	0.800000	52.157216	2357.945545
52.400000	0.900000	52.157216	2274.923852
52.400000	1.000000	52.157216	2195.582464
52.500000	0.000000	31.699170	14245.619691
52.500000	0.100000	42.784278	5326.455819
52.500000	0.200000	52.157216	3981.076703
52.500000	0.300000	52.157216	3686.611153
52.500000	0.400000	52.157216	3431.564416
52.500000	0.500000	52.157216	3198.850171
52.500000	0.600000	52.157216	2990.824272
52.500000	0.700000	52.157216	2806.793773
52.500000	0.800000	52.157216	2644.310506
52.500000	0.900000	52.157216	2500.529932
52.500000	1.000000	52.177218	2375.208705
52.600000	0.000000	37.559756	13134.756509
52.600000	0.100000	47.816782	6203.562173
52.600000	0.200000	52.169217	4589.031159
52.600000	0.300000	52.169217	3939.871066
52.600000	0.400000	52.169217	3509.251944
52.600000	0.500000	52.149215	3203.015788
52.600000	0.600000	52.149215	2974.853273
52.600000	0.700000	52.149215	2782.952702
52.600000	0.800000	52.149215	2617.586446
52.600000	0.900000	52.149215	2472.651721
52.600000	1.000000	52.149215	2344.049744
52.700000	0.000000	58.753875	13594.331207
52.700000	0.100000	59.369937	7570.889694
52.700000	0.200000	59.369937	5767.531079
52.700000	0.300000	59.369937	4712.790862
52.700000	0.400000	59.369937	4018.297423
52.700000	0.500000	59.369937	3525.396536
52.700000	0.600000	59.369937	3154.884479
52.700000	0.700000	59.369937	2864.399632
52.700000	0.800000	59.445945	2634.937593
52.700000	0.900000	59.445945	2448.141820
52.700000	1.000000	59.445945	2291.405055
52.800000	0.000000	59.285929	13632.066415
52.800000	0.100000	4.412441	5632.125288
52.800000	0.200000	4.412441	4045.063660
52.800000	0.300000	59.429943	3491.492255
52.800000	0.400000	59.437944	3214.777668
52.800000	0.500000	59.437944	3002.101630
52.800000	0.600000	59.437944	2800.046217
52.800000	0.700000	59.437944	2617.028183
52.800000	0.800000	59.437944	2454.975229
52.800000	0.900000	59.437944	2312.881589
52.800000	1.000000	59.437944	2188.631542
52.900000	0.000000	5.316532	13445.795360
52.900000	0.100000	24.786479	5985.323148
52.900000	0.200000	25.494549	4550.254402
52.900000	0.300000	25.494549	3892.661738
52.900000	0.400000	25.202520	3471.077508
52.900000	0.500000	25.202520	3173.604663
52.900000	0.600000	25.222522	2964.422877
52.900000	0.700000	25.222522	2793.780314
52.900000	0.800000	25.222522	2647.757174
52.900000	0.900000	25.222522	2520.781764
52.900000	1.000000	25.222522	2408.952840
53.000000	0.000000	0.040004	14172.041210
53.000000	0.100000	24.358436	6447.746567
53.000000	0.200000	24.442444	5202.485507
53.000000	0.300000	25.054505	4413.566942
53.000000	0.400000	25.110511	3912.594197
53.000000	0.500000	25.222522	3583.220191
53.000000	0.600000	25.222522	3330.948031
53.000000	0.700000	25.222522	3121.170580
53.000000	0.800000	25.222522	2942.425780
53.000000	0.900000	25.222522	2787.099177
53.000000	1.000000	25.222522	2650.046393
53.100000	0.000000	49.472947	15412.246812
53.100000	0.100000	59.313931	6752.168766
53.100000	0.200000	59.313931	4779.556341
53.100000	0.300000	24.798480	3750.491805
53.100000	0.400000	24.798480	3508.546815
53.100000	0.500000	24.798480	3279.474643
53.100000	0.600000	24.798480	3068.182398
53.100000	0.700000	25.214521	2942.061346
53.100000	0.800000	25.214521	2840.820868
53.100000	0.900000	25.214521	2738.011106
53.100000	1.000000	25.214521	2636.480051
53.200000	0.000000	59.937994	12407.926388
53.200000	0.100000	26.882688	4816.405435
53.200000	0.200000	24.810481	3838.245264
53.200000	0.300000	24.810481	3691.671770
53.200000	0.400000	25.130513	3503.332881
53.200000	0.500000	25.130513	3335.804425
53.200000	0.600000	25.130513	3163.210818
53.200000	0.700000	25.130513	2998.811201
53.200000	0.800000	25.130513	2846.425349
53.200000	0.900000	25.130513	2706.477248
53.200000	1.000000	25.214521	2587.242520
53.300000	0.000000	2.760276	17245.899949
53.300000	0.100000	20.358036	7864.531675
53.300000	0.200000	21.146115	5646.596405
53.300000	0.300000	24.870487	4831.594658
53.300000	0.400000	24.870487	4229.686923
53.300000	0.500000	24.870487	3766.764072
53.300000	0.600000	24.870487	3404.965653
53.300000	0.700000	24.870487	3115.697702
53.300000	0.800000	25.094509	2880.516086
53.300000	0.900000	25.094509	2702.081797
53.300000	1.000000	25.094509	2549.228800
53.400000	0.000000	59.837984	16296.276542
53.400000	0.100000	24.854485	5158.329628
53.400000	0.200000	24.854485	4592.687892
53.400000	0.300000	24.854485	4126.628087
53.400000	0.400000	24.854485	3745.696936
53.400000	0.500000	24.854485	3432.469029
53.400000	0.600000	24.854485	3172.786075
53.400000	0.700000	24.854485	2955.623373
53.400000	0.800000	24.854485	2772.405642
53.400000	0.900000	24.854485	2616.439346
53.400000	1.000000	24.854485	2482.471546
53.500000	0.000000	45.736574	15529.326529
53.500000	0.100000	47.408741	5929.392930
53.500000	0.200000	54.597460	4038.273583
53.500000	0.300000	56.185619	3298.902988
53.500000	0.400000	17.081708	2985.186061
53.500000	0.500000	17.081708	2778.965110
53.500000	0.600000	17.081708	2595.124159
53.500000	0.700000	24.854485	2460.658005
53.500000	0.800000	24.854485	2390.507782
53.500000	0.900000	24.854485	2318.309675
53.500000	1.000000	24.854485	2247.087020
53.600000	0.000000	57.929793	15140.761927
53.600000	0.100000	56.113611	6201.547494
53.600000	0.200000	56.141614	4549.364966
53.600000	0.300000	41.948195	3856.337293
53.600000	0.400000	41.948195	3386.907388
53.600000	0.500000	41.948195	3013.324593
53.600000	0.600000	41.948195	2715.852068
53.600000	0.700000	41.948195	2475.644158
53.600000	0.800000	17.073707	2295.974200
53.600000	0.900000	17.073707	2153.512403
53.600000	1.000000	17.073707	2029.816050
53.700000	0.000000	3.176318	16612.229298
53.700000	0.100000	0.512051	6358.155709
53.700000	0.200000	42.836284	4925.360908
53.700000	0.300000	42.836284	4214.382071
53.700000	0.400000	42.836284	3670.757901
53.700000	0.500000	42.836284	3243.764452
53.700000	0.600000	42.836284	2900.670627
53.700000	0.700000	43.684368	2682.598166
53.700000	0.800000	43.684368	2501.327727
53.700000	0.900000	43.684368	2343.194870
53.700000	1.000000	43.684368	2204.415966
53.800000	0.000000	53.421342	15198.358065
53.800000	0.100000	33.691369	6092.381150
53.800000	0.200000	26.066607	4418.121034
53.800000	0.300000	26.066607	4004.072874
53.800000	0.400000	26.318632	3587.479001
53.800000	0.500000	26.318632	3283.331246
53.800000	0.600000	26.318632	3019.469571
53.800000	0.700000	26.318632	2793.858058
53.800000	0.800000	26.318632	2600.495573
53.800000	0.900000	26.318632	2433.458693
53.800000	1.000000	26.318632	2287.814312
53.900000	0.000000	51.181118	10329.622171
53.900000	0.100000	59.621962	5257.925587
53.900000	0.200000	59.621962	4214.741297
53.900000	0.300000	26.246625	3681.559464
53.900000	0.400000	26.246625	3402.511376
53.900000	0.500000	26.246625	3143.409124
53.900000	0.600000	26.254625	2910.764509
53.900000	0.700000	26.254625	2715.554826
53.900000	0.800000	26.254625	2538.958131
53.900000	0.900000	26.254625	2380.278452
53.900000	1.000000	26.254625	2237.889032
54.000000	0.000000	24.714471	16128.705475
54.000000	0.100000	35.255526	5966.443306
54.000000	0.200000	31.667167	4548.192698
54.000000	0.300000	31.667167	3807.511140
54.000000	0.400000	31.843184	3316.961107
54.000000	0.500000	31.907191	2995.673102
54.000000	0.600000	31.907191	2743.581474
54.000000	0.700000	31.907191	2539.624421
54.000000	0.800000	31.907191	2371.215395
54.000000	0.900000	26.646665	2241.778012
54.000000	1.000000	26.646665	2150.884071
54.100000	0.000000	41.792179	14459.885138
54.100000	0.100000	59.989999	6019.667289
54.100000	0.200000	59.989999	4416.672816
54.100000	0.300000	59.989999	3541.522849
54.100000	0.400000	9.564956	3060.694188
54.100000	0.500000	9.564956	2820.756666
54.100000	0.600000	9.564956	2615.907352
54.100000	0.700000	9.564956	2439.077551
54.100000	0.800000	31.899190	2294.410267
54.100000	0.900000	31.899190	2199.480585
54.100000	1.000000	31.899190	2110.201117
54.200000	0.000000	24.310431	14608.006744
54.200000	0.100000	24.310431	5393.337582
54.200000	0.200000	34.439444	3830.538413
54.200000	0.300000	35.399540	3273.717643
54.200000	0.400000	35.399540	2907.966608
54.200000	0.500000	38.435844	2695.608386
54.200000	0.600000	38.435844	2523.506376
54.200000	0.700000	38.435844	2364.420405
54.200000	0.800000	38.435844	2220.551729
54.200000	0.900000	26.646665	2136.687299
54.200000	1.000000	26.646665	2073.471384
54.300000	0.000000	25.326533	13268.495594
54.300000	0.100000	52.149215	5478.114783
54.300000	0.200000	52.149215	4180.228934
54.300000	0.300000	55.529553	3435.580868
54.300000	0.400000	55.401540	3008.698228
54.300000	0.500000	55.401540	2670.431314
54.300000	0.600000	26.646665	2511.902149
54.300000	0.700000	26.646665	2406.790625
54.300000	0.800000	26.646665	2306.203103
54.300000	0.900000	26.646665	2211.115498
54.300000	1.000000	26.646665	2122.101046
54.400000	0.000000	8.492849	19341.991386
54.400000	0.100000	26.462646	6853.533294
54.400000	0.200000	26.490649	4939.884448
54.400000	0.300000	26.490649	4011.433813
54.400000	0.400000	26.482648	3504.718324
54.400000	0.500000	26.482648	3127.153914
54.400000	0.600000	26.666667	2863.857226
54.400000	0.700000	26.666667	2655.977966
54.400000	0.800000	26.666667	2484.152018
54.400000	0.900000	26.666667	2339.763382
54.400000	1.000000	26.666667	2216.569171
54.500000	0.000000	14.889489	18136.509049
54.500000	0.100000	21.322132	6601.407743
54.500000	0.200000	23.762376	4870.308383
54.500000	0.300000	24.074407	3917.116422
54.500000	0.400000	24.074407	3303.247383
54.500000	0.500000	26.714671	2961.795997
54.500000	0.600000	26.714671	2734.771549
54.500000	0.700000	26.714671	2544.569258
54.500000	0.800000	26.714671	2383.908851
54.500000	0.900000	26.714671	2246.807813
54.500000	1.000000	14.429443	2147.309343
54.600000	0.000000	38.055806	17108.935583
54.600000	0.100000	39.823982	6880.860206
54.600000	0.200000	38.743874	4935.347406
54.600000	0.300000	38.743874	4057.385441
54.600000	0.400000	38.743874	3490.782390
54.600000	0.500000	38.743874	3088.621821
54.600000	0.600000	14.137414	2801.265062
54.600000	0.700000	14.137414	2642.816762
54.600000	0.800000	14.137414	2496.915264
54.600000	0.900000	14.129413	2368.224308
54.600000	1.000000	14.129413	2254.759889
54.700000	0.000000	10.969097	18206.592439
54.700000	0.100000	11.233123	6354.877731
54.700000	0.200000	14.129413	4601.909586
54.700000	0.300000	14.129413	4061.469958
54.700000	0.400000	14.129413	3669.163569
54.700000	0.500000	14.129413	3358.302197
54.700000	0.600000	14.129413	3101.724383
54.700000	0.700000	14.129413	2884.425231
54.700000	0.800000	14.129413	2696.992743
54.700000	0.900000	14.129413	2533.110865
54.700000	1.000000	14.129413	2388.317440
54.800000	0.000000	51.305131	13523.488555
54.800000	0.100000	36.467647	5816.196729
54.800000	0.200000	36.467647	4618.059864
54.800000	0.300000	36.467647	3824.345552
54.800000	0.400000	14.205421	3540.314204
54.800000	0.500000	14.205421	3298.589267
54.800000	0.600000	14.205421	3061.475809
54.800000	0.700000	14.205421	2843.390201
54.800000	0.800000	14.205421	2647.642037
54.800000	0.900000	14.241424	2474.404644
54.800000	1.000000	14.241424	2323.793586
54.900000	0.000000	22.354235	13779.693957
54.900000	0.100000	13.861386	6290.651738
54.900000	0.200000	13.861386	5060.871223
54.900000	0.300000	13.861386	4276.345932
54.900000	0.400000	13.861386	3700.657400
54.900000	0.500000	14.225423	3283.225092
54.900000	0.600000	14.225423	2971.720087
54.900000	0.700000	14.225423	2716.947805
54.900000	0.800000	14.225423	2505.048649
54.900000	0.900000	15.437544	2332.343516
54.900000	1.000000	15.437544	2220.214295
55.000000	0.000000	12.765277	14512.177291
55.000000	0.100000	13.993399	5626.326178
55.000000	0.200000	13.965397	4270.195368
55.000000	0.300000	13.965397	3605.665221
55.000000	0.400000	13.773377	3184.943579
55.000000	0.500000	14.765477	2881.642242
55.000000	0.600000	14.765477	2665.348263
55.000000	0.700000	14.765477	2476.482006
55.000000	0.800000	14.765477	2311.261261
55.000000	0.900000	15.437544	2199.116336
55.000000	1.000000	15.437544	2098.641392
55.100000	0.000000	39.555956	14252.645236
55.100000	0.100000	23.630363	5783.091456
55.100000	0.200000	23.766377	4395.333493
55.100000	0.300000	23.766377	3520.119744
55.100000	0.400000	21.278128	3097.660666
55.100000	0.500000	21.278128	2857.298682
55.100000	0.600000	21.278128	2666.530767
55.100000	0.700000	21.278128	2504.866873
55.100000	0.800000	21.278128	2363.352398
55.100000	0.900000	21.278128	2237.391563
55.100000	1.000000	21.278128	2124.213162
55.200000	0.000000	29.054905	17340.475383
55.200000	0.100000	46.392639	6379.210516
55.200000	0.200000	20.174017	4654.025033
55.200000	0.300000	20.174017	3933.389796
55.200000	0.400000	21.270127	3488.961389
55.200000	0.500000	21.270127	3175.192781
55.200000	0.600000	21.270127	2918.354114
55.200000	0.700000	21.270127	2702.719057
55.200000	0.800000	21.270127	2518.553625
55.200000	0.900000	21.270127	2359.277719
55.200000	1.000000	21.270127	2220.160312
55.300000	0.000000	24.042404	16645.528309
55.300000	0.100000	26.746675	6447.505544
55.300000	0.200000	26.682668	4810.476270
55.300000	0.300000	26.826683	4013.592482
55.300000	0.400000	26.826683	3550.821571
55.300000	0.500000	26.826683	3200.407916
55.300000	0.600000	26.826683	2926.337602
55.300000	0.700000	26.826683	2705.943280
55.300000	0.800000	26.826683	2524.188238
55.300000	0.900000	26.826683	2370.942423
55.300000	1.000000	26.826683	2239.287376
55.400000	0.000000	53.609361	17922.974299
55.400000	0.100000	7.596760	6244.711134
55.400000	0.200000	7.596760	4717.273935
55.400000	0.300000	7.596760	3907.586700
55.400000	0.400000	7.596760	3394.986900
55.400000	0.500000	7.596760	3034.517489
55.400000	0.600000	7.596760	2762.389964
55.400000	0.700000	7.596760	2546.443942
55.400000	0.800000	26.682668	2415.066035
55.400000	0.900000	26.854685	2316.812066
55.400000	1.000000	26.854685	2223.892025
55.500000	0.000000	0.168017	16828.747179
55.500000	0.100000	4.024402	7638.305601
55.500000	0.200000	4.024402	5312.036326
55.500000	0.300000	4.024402	4227.399855
55.500000	0.400000	4.024402	3586.730226
55.500000	0.500000	4.024402	3149.569008
55.500000	0.600000	4.024402	2824.803166
55.500000	0.700000	26.846685	2674.357627
55.500000	0.800000	26.846685	2556.136091
55.500000	0.900000	26.846685	2446.279430
55.500000	1.000000	26.846685	2344.025328
55.600000	0.000000	30.911091	13941.910646
55.600000	0.100000	42.376238	6110.279182
55.600000	0.200000	42.376238	4451.278953
55.600000	0.300000	15.625563	3715.452450
55.600000	0.400000	15.625563	3343.887446
55.600000	0.500000	15.625563	3059.778553
55.600000	0.600000	15.697570	2831.940151
55.600000	0.700000	26.838684	2661.298605
55.600000	0.800000	26.838684	2517.980187
55.600000	0.900000	26.838684	2389.849597
55.600000	1.000000	26.846685	2282.082934
55.700000	0.000000	0.028003	16474.392874
55.700000	0.100000	0.116012	5104.282966
55.700000	0.200000	41.620162	3991.870374
55.700000	0.300000	26.830683	3376.764029
55.700000	0.400000	26.830683	3033.100777
55.700000	0.500000	26.830683	2789.773109
55.700000	0.600000	26.830683	2603.724600
55.700000	0.700000	26.830683	2452.590734
55.700000	0.800000	26.830683	2324.500142
55.700000	0.900000	26.830683	2212.834535
55.700000	1.000000	15.697570	2118.285853
55.800000	0.000000	57.013701	13840.876113
55.800000	0.100000	53.161316	5282.945819
55.800000	0.200000	53.529353	3959.448295
55.800000	0.300000	15.661566	3377.452689
55.800000	0.400000	15.617562	3045.538200
55.800000	0.500000	15.617562	2816.185005
55.800000	0.600000	15.617562	2631.059116
55.800000	0.700000	15.617562	2475.723854
55.800000	0.800000	15.617562	2341.462371
55.800000	0.900000	15.617562	2223.008676
55.800000	1.000000	15.617562	2117.036930
55.900000	0.000000	4.408441	15212.768961
55.900000	0.100000	15.897590	5611.796451
55.900000	0.200000	15.897590	4465.197169
55.900000	0.300000	15.601560	3793.905897
55.900000	0.400000	15.601560	3335.061451
55.900000	0.500000	15.717572	2980.229106
55.900000	0.600000	15.717572	2701.749423
55.900000	0.700000	1.600160	2482.057370
55.900000	0.800000	1.600160	2346.550122
55.900000	0.900000	1.600160	2225.330926
55.900000	1.000000	1.600160	2116.518732
56.000000	0.000000	32.635264	12422.771340
56.000000	0.100000	37.387739	5545.305139
56.000000	0.200000	37.387739	4400.354967
56.000000	0.300000	37.423742	3727.515076
56.000000	0.400000	37.423742	3271.005792
56.000000	0.500000	37.423742	2928.205779
56.000000	0.600000	1.592159	2714.665110
56.000000	0.700000	1.736174	2547.989157
56.000000	0.800000	1.736174	2410.359549
56.000000	0.900000	1.736174	2291.674270
56.000000	1.000000	1.736174	2187.389158
56.100000	0.000000	4.128413	18679.511863
56.100000	0.100000	23.710371	7042.958463
56.100000	0.200000	29.850985	4879.541640
56.100000	0.300000	34.271427	3897.441058
56.100000	0.400000	34.271427	3448.287103
56.100000	0.500000	34.271427	3124.036642
56.100000	0.600000	34.271427	2878.488981
56.100000	0.700000	34.271427	2684.531598
56.100000	0.800000	34.271427	2525.756353
56.100000	0.900000	34.271427	2391.929416
56.100000	1.000000	34.271427	2276.465022
56.200000	0.000000	7.896790	13637.179477
56.200000	0.100000	7.816782	6323.390381
56.200000	0.200000	7.816782	4787.049465
56.200000	0.300000	7.816782	3961.842840
56.200000	0.400000	7.816782	3419.906488
56.200000	0.500000	7.816782	3040.255496
56.200000	0.600000	34.227423	2792.402942
56.200000	0.700000	34.227423	2682.458268
56.200000	0.800000	34.227423	2573.682898
56.200000	0.900000	34.227423	2468.881851
56.200000	1.000000	34.227423	2369.415282
56.300000	0.000000	29.978998	16029.879410
56.300000	0.100000	33.319332	6428.639734
56.300000	0.200000	24.582458	4617.452477
56.300000	0.300000	24.618462	3802.069339
56.300000	0.400000	34.219422	3409.631238
56.300000	0.500000	34.219422	3175.898918
56.300000	0.600000	34.219422	2986.793285
56.300000	0.700000	34.219422	2827.802714
56.300000	0.800000	34.219422	2689.883591
56.300000	0.900000	34.219422	2567.520930
56.300000	1.000000	34.219422	2457.287700
56.400000	0.000000	50.217022	16300.500512
56.400000	0.100000	58.337834	6261.851566
56.400000	0.200000	27.966797	4666.186032
56.400000	0.300000	27.966797	4023.892471
56.400000	0.400000	27.966797	3561.696775
56.400000	0.500000	28.002800	3207.025004
56.400000	0.600000	34.211421	2964.246335
56.400000	0.700000	34.211421	2780.221051
56.400000	0.800000	34.211421	2621.298843
56.400000	0.900000	34.211421	2482.684379
56.400000	1.000000	34.211421	2360.553035
56.500000	0.000000	42.644264	19007.761329
56.500000	0.100000	27.986799	6459.891247
56.500000	0.200000	27.986799	5056.834118
56.500000	0.300000	27.986799	4352.367749
56.500000	0.400000	27.986799	3835.481371
56.500000	0.500000	27.986799	3424.769937
56.500000	0.600000	28.022802	3096.514860
56.500000	0.700000	28.022802	2828.815482
56.500000	0.800000	28.022802	2602.784421
56.500000	0.900000	28.022802	2410.166259
56.500000	1.000000	28.022802	2244.545799
56.600000	0.000000	20.534053	16814.324791
56.600000	0.100000	20.922092	6563.912028
56.600000	0.200000	21.010101	4781.897227
56.600000	0.300000	52.709271	3955.089003
56.600000	0.400000	23.686369	3438.369822
56.600000	0.500000	23.686369	3120.535803
56.600000	0.600000	23.686369	2877.055856
56.600000	0.700000	23.686369	2683.619122
56.600000	0.800000	23.686369	2524.704147
56.600000	0.900000	23.686369	2390.420143
56.600000	1.000000	23.686369	2274.370451
56.700000	0.000000	12.249225	11831.138153
56.700000	0.100000	0.932093	5872.757608
56.700000	0.200000	0.940094	4528.540842
56.700000	0.300000	0.940094	3717.048711
56.700000	0.400000	0.940094	3159.797155
56.700000	0.500000	23.510351	2805.926567
56.700000	0.600000	23.686369	2728.368395
56.700000	0.700000	23.686369	2639.030704
56.700000	0.800000	23.686369	2542.097142
56.700000	0.900000	23.686369	2442.980380
56.700000	1.000000	23.686369	2345.214777
56.800000	0.000000	29.790979	14427.136607
56.800000	0.100000	47.632763	5518.275872
56.800000	0.200000	23.502350	4582.717996
56.800000	0.300000	23.450345	4059.450855
56.800000	0.400000	23.450345	3640.245184
56.800000	0.500000	23.450345	3304.824384
56.800000	0.600000	23.450345	3031.840458
56.800000	0.700000	23.670367	2815.415055
56.800000	0.800000	23.670367	2641.208496
56.800000	0.900000	23.670367	2491.640156
56.800000	1.000000	23.670367	2361.174948
56.900000	0.000000	59.781978	11642.568851
56.900000	0.100000	2.964296	5630.318335
56.900000	0.200000	2.964296	4755.972936
56.900000	0.300000	2.964296	4161.831473
56.900000	0.400000	6.888689	3756.714239
56.900000	0.500000	6.888689	3441.938875
56.900000	0.600000	6.888689	3166.742650
56.900000	0.700000	6.888689	2926.219087
56.900000	0.800000	6.888689	2715.902154
56.900000	0.900000	6.888689	2531.649233
56.900000	1.000000	6.888689	2369.721647
57.000000	0.000000	57.917792	18448.308562
57.000000	0.100000	1.048105	7508.758924
57.000000	0.200000	6.724672	5426.282400
57.000000	0.300000	7.540754	4498.422642
57.000000	0.400000	7.540754	3893.470227
57.000000	0.500000	7.540754	3464.626026
57.000000	0.600000	7.540754	3140.479569
57.000000	0.700000	7.540754	2882.012713
57.000000	0.800000	7.540754	2667.663947
57.000000	0.900000	7.540754	2484.957179
57.000000	1.000000	7.540754	2326.225694
57.100000	0.000000	36.671667	13426.501646
57.100000	0.100000	26.370637	5491.936246
57.100000	0.200000	26.370637	4432.042963
57.100000	0.300000	26.414641	3757.638567
57.100000	0.400000	26.414641	3298.170620
57.100000	0.500000	7.612761	3015.505221
57.100000	0.600000	7.716772	2820.495439
57.100000	0.700000	8.068807	2667.809626
57.100000	0.800000	8.068807	2535.880222
57.100000	0.900000	8.068807	2415.301262
57.100000	1.000000	8.068807	2305.543657
57.200000	0.000000	56.121612	16778.207054
57.200000	0.100000	57.013701	6884.402238
57.200000	0.200000	59.469947	5054.903307
57.200000	0.300000	51.477148	4157.774866
57.200000	0.400000	51.477148	3655.896399
57.200000	0.500000	51.469147	3290.497368
57.200000	0.600000	51.469147	3005.147729
57.200000	0.700000	51.469147	2769.172058
57.200000	0.800000	51.469147	2570.663623
57.200000	0.900000	51.469147	2401.264401
57.200000	1.000000	51.469147	2254.938858
57.300000	0.000000	48.672867	17213.413302
57.300000	0.100000	59.909991	6207.213940
57.300000	0.200000	59.909991	4694.873487
57.300000	0.300000	59.909991	3910.786250
57.300000	0.400000	59.909991	3376.483939
57.300000	0.500000	59.909991	2970.723372
57.300000	0.600000	51.557156	2680.244257
57.300000	0.700000	51.557156	2540.212470
57.300000	0.800000	51.557156	2404.157198
57.300000	0.900000	51.557156	2277.212944
57.300000	1.000000	52.029203	2161.632446
57.400000	0.000000	24.362436	16097.690499
57.400000	0.100000	48.292829	6523.295173
57.400000	0.200000	48.736874	4636.140060
57.400000	0.300000	50.593059	3702.699777
57.400000	0.400000	50.593059	3191.012049
57.400000	0.500000	33.303330	2884.192089
57.400000	0.600000	33.303330	2675.218285
57.400000	0.700000	33.303330	2502.452366
57.400000	0.800000	33.311331	2367.438133
57.400000	0.900000	33.311331	2248.945310
57.400000	1.000000	33.311331	2143.892041
57.500000	0.000000	0.276028	15790.163176
57.500000	0.100000	0.484048	6756.862741
57.500000	0.200000	0.588059	4766.714652
57.500000	0.300000	29.602960	3895.252018
57.500000	0.400000	29.602960	3384.215163
57.500000	0.500000	57.941794	3056.273583
57.500000	0.600000	57.941794	2809.058520
57.500000	0.700000	57.941794	2600.357642
57.500000	0.800000	57.941794	2423.555603
57.500000	0.900000	57.941794	2272.662558
57.500000	1.000000	33.303330	2166.071742
57.600000	0.000000	56.129613	12825.119927
57.600000	0.100000	53.317332	5322.899041
57.600000	0.200000	56.337634	4381.687379
57.600000	0.300000	56.337634	3757.901036
57.600000	0.400000	36.287629	3329.195862
57.600000	0.500000	36.331633	3023.600786
57.600000	0.600000	36.331633	2772.285064
57.600000	0.700000	36.331633	2559.086064
57.600000	0.800000	36.331633	2377.453572
57.600000	0.900000	36.331633	2221.906547
57.600000	1.000000	59.113911	2095.076164
57.700000	0.000000	3.828383	19149.412077
57.700000	0.100000	56.913691	7408.910499
57.700000	0.200000	58.057806	5134.353431
57.700000	0.300000	58.057806	4039.189793
57.700000	0.400000	58.057806	3394.575416
57.700000	0.500000	58.101810	2977.737340
57.700000	0.600000	59.105911	2693.038944
57.700000	0.700000	59.149915	2510.263897
57.700000	0.800000	59.149915	2369.878634
57.700000	0.900000	22.614261	2254.415889
57.700000	1.000000	22.614261	2152.775937
57.800000	0.000000	29.962996	14451.568517
57.800000	0.100000	14.385439	5712.463117
57.800000	0.200000	14.393439	4463.485097
57.800000	0.300000	14.393439	3872.542404
57.800000	0.400000	14.609461	3485.176866
57.800000	0.500000	14.609461	3175.376784
57.800000	0.600000	14.609461	2911.350903
57.800000	0.700000	31.463146	2712.988448
57.800000	0.800000	31.463146	2548.673668
57.800000	0.900000	31.463146	2398.751100
57.800000	1.000000	31.575158	2269.280533
57.900000	0.000000	36.043604	13793.112700
57.900000	0.100000	27.870787	5712.507120
57.900000	0.200000	31.463146	4892.417895
57.900000	0.300000	31.455146	4259.314685
57.900000	0.400000	31.455146	3773.813470
57.900000	0.500000	31.455146	3385.216241
57.900000	0.600000	31.559156	3082.042692
57.900000	0.700000	31.559156	2834.297136
57.900000	0.800000	32.095210	2649.111326
57.900000	0.900000	32.095210	2499.752706
57.900000	1.000000	32.095210	2369.286737
58.000000	0.000000	1.924192	18715.217696
58.000000	0.100000	11.993199	6406.560109
58.000000	0.200000	32.019202	5182.300802
58.000000	0.300000	32.019202	4439.645578
58.000000	0.400000	32.019202	3851.822151
58.000000	0.500000	32.019202	3393.797090
58.000000	0.600000	32.087209	3072.016510
58.000000	0.700000	32.087209	2829.701378
58.000000	0.800000	32.087209	2630.758794
58.000000	0.900000	32.087209	2464.519877
58.000000	1.000000	32.087209	2323.470359
58.100000	0.000000	58.297830	16362.255905
58.100000	0.100000	10.069007	6189.342974
58.100000	0.200000	34.031403	4676.497363
58.100000	0.300000	34.031403	4046.036656
58.100000	0.400000	34.031403	3592.610499
58.100000	0.500000	34.091409	3247.175797
58.100000	0.600000	34.195420	2984.700042
58.100000	0.700000	34.195420	2784.196289
58.100000	0.800000	34.195420	2613.027124
58.100000	0.900000	34.195420	2464.316269
58.100000	1.000000	34.323432	2346.379771
58.200000	0.000000	16.229623	14437.086589
58.200000	0.100000	16.109611	5793.617492
58.200000	0.200000	18.781878	4206.509733
58.200000	0.300000	40.312031	3530.081204
58.200000	0.400000	34.127413	3247.616940
58.200000	0.500000	34.127413	3042.374202
58.200000	0.600000	34.127413	2857.446989
58.200000	0.700000	34.127413	2690.372522
58.200000	0.800000	34.127413	2539.174155
58.200000	0.900000	34.127413	2402.127886
58.200000	1.000000	34.127413	2277.711298
58.300000	0.000000	12.881288	14890.939171
58.300000	0.100000	13.525353	5623.009244
58.300000	0.200000	39.791979	4359.833418
58.300000	0.300000	39.799980	3754.879717
58.300000	0.400000	39.799980	3327.023892
58.300000	0.500000	39.799980	3004.483249
58.300000	0.600000	39.799980	2751.975566
58.300000	0.700000	39.799980	2548.218372
58.300000	0.800000	39.799980	2379.854866
58.300000	0.900000	33.323332	2253.110487
58.300000	1.000000	33.323332	2150.209543
58.400000	0.000000	15.133513	14879.744051
58.400000	0.100000	13.949395	5853.855962
58.400000	0.200000	13.957396	4152.814119
58.400000	0.300000	8.780878	3434.014354
58.400000	0.400000	39.263926	3130.828513
58.400000	0.500000	39.263926	2937.932064
58.400000	0.600000	39.263926	2759.462264
58.400000	0.700000	39.263926	2594.246122
58.400000	0.800000	39.263926	2442.164038
58.400000	0.900000	39.775978	2321.738838
58.400000	1.000000	39.775978	2214.530097
58.500000	0.000000	20.898090	17626.697191
58.500000	0.100000	50.821082	6742.295262
58.500000	0.200000	50.821082	5149.656951
58.500000	0.300000	39.247925	4238.147628
58.500000	0.400000	39.247925	3875.252336
58.500000	0.500000	39.247925	3559.568272
58.500000	0.600000	39.247925	3281.070181
58.500000	0.700000	39.247925	3037.002329
58.500000	0.800000	39.247925	2823.598949
58.500000	0.900000	39.247925	2636.582056
58.500000	1.000000	39.247925	2471.916891
58.600000	0.000000	1.032103	15597.491097
58.600000	0.100000	39.267927	5767.517146
58.600000	0.200000	39.147915	4940.367248
58.600000	0.300000	39.155916	4407.851805
58.600000	0.400000	39.283928	3969.193572
58.600000	0.500000	39.283928	3632.821348
58.600000	0.600000	39.283928	3356.105721
58.600000	0.700000	39.283928	3123.676685
58.600000	0.800000	39.283928	2924.644194
58.600000	0.900000	39.283928	2751.605639
58.600000	1.000000	39.283928	2599.426544
58.700000	0.000000	55.173517	13042.926234
58.700000	0.100000	26.570657	5535.805532
58.700000	0.200000	26.570657	4166.166676
58.700000	0.300000	26.578658	3451.413944
58.700000	0.400000	39.275928	3156.211043
58.700000	0.500000	39.275928	3035.553168
58.700000	0.600000	39.275928	2909.032277
58.700000	0.700000	39.275928	2782.525869
58.700000	0.800000	39.275928	2659.897998
58.700000	0.900000	39.275928	2543.268209
58.700000	1.000000	39.275928	2433.613477
58.800000	0.000000	0.376038	14063.991532
58.800000	0.100000	39.931993	5787.138157
58.800000	0.200000	39.939994	4186.530011
58.800000	0.300000	38.919892	3448.619683
58.800000	0.400000	38.919892	3035.397153
58.800000	0.500000	38.919892	2751.347210
58.800000	0.600000	39.131913	2552.379439
58.800000	0.700000	39.131913	2398.540887
58.800000	0.800000	12.469247	2270.797965
58.800000	0.900000	39.275928	2185.249977
58.800000	1.000000	39.275928	2109.799446
58.900000	0.000000	54.317432	16093.652690
58.900000	0.100000	55.489549	5359.979427
58.900000	0.200000	58.161816	3830.152468
58.900000	0.300000	58.161816	3272.683371
58.900000	0.400000	58.161816	2925.419329
58.900000	0.500000	58.153815	2669.717242
58.900000	0.600000	58.153815	2461.464896
58.900000	0.700000	58.153815	2282.673233
58.900000	0.800000	57.969797	2158.813108
58.900000	0.900000	57.961796	2083.636980
58.900000	1.000000	57.961796	2021.599428
59.000000	0.000000	27.494749	13960.324280
59.000000	0.100000	55.613561	5642.981911
59.000000	0.200000	55.681568	4673.895050
59.000000	0.300000	57.969797	4008.078637
59.000000	0.400000	57.961796	3593.366038
59.000000	0.500000	57.961796	3277.911493
59.000000	0.600000	57.961796	3019.499767
59.000000	0.700000	57.961796	2804.361095
59.000000	0.800000	57.953795	2631.615891
59.000000	0.900000	57.953795	2483.799456
59.000000	1.000000	57.953795	2354.653926
59.100000	0.000000	25.606561	14679.088654
59.100000	0.100000	24.694469	5934.480178
59.100000	0.200000	57.853785	4420.912933
59.100000	0.300000	57.853785	3957.074159
59.100000	0.400000	57.861786	3636.140673
59.100000	0.500000	57.861786	3360.410882
59.100000	0.600000	57.861786	3119.801663
59.100000	0.700000	57.861786	2909.883073
59.100000	0.800000	57.861786	2726.165465
59.100000	0.900000	57.861786	2564.483228
59.100000	1.000000	57.869787	2421.699565
59.200000	0.000000	25.514551	13841.266659
59.200000	0.100000	40.344034	5694.943787
59.200000	0.200000	40.352035	4445.355557
59.200000	0.300000	40.352035	3727.917879
59.200000	0.400000	57.769777	3317.623281
59.200000	0.500000	57.853785	3118.323345
59.200000	0.600000	57.853785	2952.472835
59.200000	0.700000	57.853785	2797.062956
59.200000	0.800000	57.853785	2653.519427
59.200000	0.900000	57.853785	2521.450210
59.200000	1.000000	57.853785	2399.992104
59.300000	0.000000	33.255326	15930.954113
59.300000	0.100000	33.743374	6874.958901
59.300000	0.200000	38.415842	4853.767676
59.300000	0.300000	38.415842	3925.655825
59.300000	0.400000	38.415842	3282.961532
59.300000	0.500000	57.737774	2933.534679
59.300000	0.600000	57.737774	2742.045712
59.300000	0.700000	57.737774	2569.088977
59.300000	0.800000	57.761776	2412.602369
59.300000	0.900000	57.761776	2284.645197
59.300000	1.000000	58.065807	2172.721828
59.400000	0.000000	8.924892	16027.124376
59.400000	0.100000	9.008901	6782.514299
59.400000	0.200000	9.968997	4468.730699
59.400000	0.300000	45.540554	3557.241900
59.400000	0.400000	48.048805	3065.097325
59.400000	0.500000	10.281028	2790.642010
59.400000	0.600000	10.281028	2593.928704
59.400000	0.700000	10.281028	2436.468633
59.400000	0.800000	10.281028	2302.136521
59.400000	0.900000	10.265027	2187.522220
59.400000	1.000000	10.265027	2083.945641
59.500000	0.000000	14.901490	14729.058251
59.500000	0.100000	29.806981	5912.596687
59.500000	0.200000	29.806981	4191.850406
59.500000	0.300000	10.265027	3605.552558
59.500000	0.400000	10.265027	3271.662739
59.500000	0.500000	10.569057	3057.290387
59.500000	0.600000	10.569057	2911.718221
59.500000	0.700000	10.569057	2779.620117
59.500000	0.800000	10.569057	2658.751548
59.500000	0.900000	10.569057	2547.963137
59.500000	1.000000	10.569057	2446.287311
59.600000	0.000000	10.285029	16916.656932
59.600000	0.100000	33.783378	6841.716777
59.600000	0.200000	34.043404	5012.141450
59.600000	0.300000	10.553055	4166.520729
59.600000	0.400000	10.553055	3803.090894
59.600000	0.500000	10.553055	3521.738434
59.600000	0.600000	10.553055	3293.685848
59.600000	0.700000	10.553055	3102.539078
59.600000	0.800000	10.553055	2938.279735
59.600000	0.900000	10.553055	2794.427652
59.600000	1.000000	10.553055	2666.578839
59.700000	0.000000	8.172817	13342.046096
59.700000	0.100000	29.374937	5444.747047
59.700000	0.200000	33.795380	4615.676313
59.700000	0.300000	9.088909	4040.416624
59.700000	0.400000	9.088909	3604.549580
59.700000	0.500000	9.088909	3239.473164
59.700000	0.600000	10.545055	3074.849779
59.700000	0.700000	10.545055	2968.913499
59.700000	0.800000	10.545055	2861.285386
59.700000	0.900000	10.545055	2754.803827
59.700000	1.000000	10.545055	2651.245851
59.800000	0.000000	47.108711	14299.237333
59.800000	0.100000	47.056706	6418.901291
59.800000	0.200000	47.056706	4769.842854
59.800000	0.300000	9.040904	4087.988427
59.800000	0.400000	9.040904	3614.154831
59.800000	0.500000	10.037004	3344.666788
59.800000	0.600000	10.037004	3141.052406
59.800000	0.700000	10.037004	2963.322432
59.800000	0.800000	10.037004	2804.223304
59.800000	0.900000	10.529053	2664.049645
59.800000	1.000000	10.529053	2555.221492
59.900000	0.000000	20.638064	15590.532683
59.900000	0.100000	24.310431	7338.497681
59.900000	0.200000	24.418442	5056.675077
59.900000	0.300000	10.021002	4140.437997
59.900000	0.400000	10.021002	3854.977265
59.900000	0.500000	10.021002	3596.939520
59.900000	0.600000	10.021002	3361.514190
59.900000	0.700000	10.021002	3147.015476
59.900000	0.800000	10.021002	2952.438682
59.900000	0.900000	10.021002	2776.584846
59.900000	1.000000	10.689069	2638.943041
60.000000	0.000000	21.630163	16054.070378
60.000000	0.100000	9.980998	6177.007823
60.000000	0.200000	9.988999	5593.127194
60.000000	0.300000	9.988999	4867.804994
60.000000	0.400000	9.988999	4283.276113
60.000000	0.500000	9.988999	3824.397819
60.000000	0.600000	9.988999	3458.461425
60.000000	0.700000	10.681068	3190.208472
60.000000	0.800000	10.681068	2996.630655
60.000000	0.900000	10.681068	2831.443781
60.000000	1.000000	10.681068	2688.102005
60.100000	0.000000	53.645365	12509.260382
60.100000	0.100000	10.725073	6093.169210
60.100000	0.200000	10.725073	4842.044230
60.100000	0.300000	10.725073	4128.431574
60.100000	0.400000	10.741074	3687.567205
60.100000	0.500000	10.741074	3391.290300
60.100000	0.600000	10.741074	3163.976444
60.100000	0.700000	10.741074	2979.338501
60.100000	0.800000	10.741074	2822.813305
60.100000	0.900000	10.741074	2685.988723
60.100000	1.000000	10.741074	2563.795004
60.200000	0.000000	34.559456	17114.506523
60.200000	0.100000	36.311631	6004.665890
60.200000	0.200000	52.045205	4590.552362
60.200000	0.300000	52.045205	3759.418563
60.200000	0.400000	52.045205	3165.835530
60.200000	0.500000	10.725073	2805.423230
60.200000	0.600000	10.725073	2766.389734
60.200000	0.700000	10.725073	2707.003149
60.200000	0.800000	10.725073	2634.782175
60.200000	0.900000	10.725073	2555.349136
60.200000	1.000000	10.725073	2472.613553
60.300000	0.000000	49.040904	13551.648034
60.300000	0.100000	46.968697	6313.386480
60.300000	0.200000	46.968697	4360.448740
60.300000	0.300000	10.717072	3673.780002
60.300000	0.400000	10.717072	3400.300131
60.300000	0.500000	10.717072	3161.255270
60.300000	0.600000	10.717072	2958.073391
60.300000	0.700000	10.725073	2790.493303
60.300000	0.800000	10.725073	2647.953987
60.300000	0.900000	10.725073	2523.244059
60.300000	1.000000	10.725073	2412.374379
60.400000	0.000000	2.088209	15563.475947
60.400000	0.100000	9.536954	6124.869923
60.400000	0.200000	58.917892	4472.956923
60.400000	0.300000	58.917892	3789.588446
60.400000	0.400000	58.917892	3304.511516
60.400000	0.500000	10.785079	2978.181821
60.400000	0.600000	10.785079	2787.567190
60.400000	0.700000	10.785079	2626.463993
60.400000	0.800000	10.785079	2486.452874
60.400000	0.900000	10.785079	2362.523092
60.400000	1.000000	10.785079	2251.416999
60.500000	0.000000	34.371437	13023.893417
60.500000	0.100000	1.004100	4836.822715
60.500000	0.200000	1.624162	3853.809595
60.500000	0.300000	1.640164	3334.020960
60.500000	0.400000	53.065307	3036.885737
60.500000	0.500000	3.864386	2826.703201
60.500000	0.600000	3.864386	2632.760945
60.500000	0.700000	53.065307	2477.620270
60.500000	0.800000	4.740474	2396.915081
60.500000	0.900000	4.740474	2319.230632
60.500000	1.000000	4.740474	2244.216654
60.600000	0.000000	0.228023	17081.987011
60.600000	0.100000	4.436444	7006.928441
60.600000	0.200000	4.740474	4989.886020
60.600000	0.300000	4.740474	4212.931642
60.600000	0.400000	4.740474	3720.075470
60.600000	0.500000	4.740474	3367.700034
60.600000	0.600000	4.740474	3099.176486
60.600000	0.700000	4.740474	2885.807450
60.600000	0.800000	4.740474	2710.934944
60.600000	0.900000	4.740474	2564.031370
60.600000	1.000000	4.740474	2438.065345
60.700000	0.000000	0.164016	15916.399518
60.700000	0.100000	1.332133	6251.028025
60.700000	0.200000	29.322932	5003.380649
60.700000	0.300000	29.470947	4241.899092
60.700000	0.400000	29.486949	3724.554433
60.700000	0.500000	29.494949	3345.210175
60.700000	0.600000	29.494949	3053.186439
60.700000	0.700000	29.494949	2818.431738
60.700000	0.800000	29.494949	2626.190463
60.700000	0.900000	29.494949	2465.792935
60.700000	1.000000	29.494949	2329.566825
60.800000	0.000000	55.241524	16825.076558
60.800000	0.100000	12.157216	6176.358051
60.800000	0.200000	46.896690	4766.492804
60.800000	0.300000	47.028703	4154.509097
60.800000	0.400000	47.340734	3698.967915
60.800000	0.500000	47.340734	3360.786208
60.800000	0.600000	47.340734	3087.643745
60.800000	0.700000	47.340734	2862.353261
60.800000	0.800000	47.340734	2672.572220
60.800000	0.900000	47.340734	2509.798157
60.800000	1.000000	47.340734	2368.127970
60.900000	0.000000	19.053905	15958.751061
60.900000	0.100000	19.069907	7429.436660
60.900000	0.200000	19.185919	4900.901714
60.900000	0.300000	19.185919	3797.882575
60.900000	0.400000	4.768477	3401.067484
60.900000	0.500000	4.768477	3150.573547
60.900000	0.600000	4.768477	2941.191645
60.900000	0.700000	4.768477	2760.272267
60.900000	0.800000	4.768477	2601.087520
60.900000	0.900000	4.768477	2459.391685
60.900000	1.000000	4.768477	2332.187675
61.000000	0.000000	59.793979	11554.432311
61.000000	0.100000	4.752475	5334.539046
61.000000	0.200000	4.752475	4203.171192
61.000000	0.300000	4.752475	3653.467798
61.000000	0.400000	4.752475	3296.390602
61.000000	0.500000	4.752475	3018.275328
61.000000	0.600000	5.040504	2793.966435
61.000000	0.700000	5.040504	2623.397017
61.000000	0.800000	5.040504	2472.778645
61.000000	0.900000	5.040504	2338.587292
61.000000	1.000000	5.040504	2218.239260
61.100000	0.000000	25.402540	12883.792461
61.100000	0.100000	5.024502	5607.791793
61.100000	0.200000	5.008501	4295.797097
61.100000	0.300000	5.008501	3635.468149
61.100000	0.400000	5.148515	3256.433545
61.100000	0.500000	5.148515	3011.486557
61.100000	0.600000	5.148515	2815.460828
61.100000	0.700000	5.148515	2647.895664
61.100000	0.800000	5.148515	2499.731604
61.100000	0.900000	5.148515	2366.594679
61.100000	1.000000	5.148515	2246.067979
61.200000	0.000000	3.076308	13688.757306
61.200000	0.100000	3.116312	5651.268412
61.200000	0.200000	5.132513	4212.914928
61.200000	0.300000	5.132513	3658.236160
61.200000	0.400000	5.132513	3267.268680
61.200000	0.500000	5.132513	2963.936068
61.200000	0.600000	5.132513	2716.812012
61.200000	0.700000	5.148515	2510.763287
61.200000	0.800000	5.148515	2345.516214
61.200000	0.900000	5.148515	2204.514081
61.200000	1.000000	5.148515	2082.928906
61.300000	0.000000	25.810581	12056.587380
61.300000	0.100000	38.767877	5716.777463
61.300000	0.200000	5.740574	4476.623548
61.300000	0.300000	5.740574	3843.151205
61.300000	0.400000	5.740574	3380.404415
61.300000	0.500000	5.740574	3027.445870
61.300000	0.600000	5.740574	2747.141728
61.300000	0.700000	5.740574	2517.815905
61.300000	0.800000	5.740574	2326.124231
61.300000	0.900000	5.740574	2163.268262
61.300000	1.000000	5.740574	2023.099202
61.400000	0.000000	49.680968	14565.255069
61.400000	0.100000	17.553755	7506.348300
61.400000	0.200000	17.553755	5654.351666
61.400000	0.300000	17.553755	4554.145031
61.400000	0.400000	17.553755	3839.228367
61.400000	0.500000	17.553755	3337.896674
61.400000	0.600000	17.545755	2966.810759
61.400000	0.700000	17.545755	2681.828239
61.400000	0.800000	17.545755	2453.782780
61.400000	0.900000	17.545755	2266.844457
61.400000	1.000000	17.545755	2110.651034
61.500000	0.000000	0.488049	16756.520507
61.500000	0.100000	21.530153	5908.791849
61.500000	0.200000	15.801580	4619.117461
61.500000	0.300000	15.801580	3899.220426
61.500000	0.400000	17.393739	3425.695961
61.500000	0.500000	17.393739	3128.123365
61.500000	0.600000	17.457746	2889.643797
61.500000	0.700000	17.457746	2677.613180
61.500000	0.800000	17.457746	2490.229415
61.500000	0.900000	17.457746	2325.385625
61.500000	1.000000	17.457746	2180.482728
61.600000	0.000000	46.816682	17972.334821
61.600000	0.100000	56.093609	6810.359031
61.600000	0.200000	56.101610	4681.327840
61.600000	0.300000	56.101610	3748.055152
61.600000	0.400000	16.997700	3299.698412
61.600000	0.500000	16.997700	3030.322419
61.600000	0.600000	16.997700	2796.610804
61.600000	0.700000	16.997700	2591.873192
61.600000	0.800000	16.997700	2411.237316
61.600000	0.900000	16.997700	2251.116492
61.600000	1.000000	17.337734	2131.495243
61.700000	0.000000	59.937994	14606.390264
61.700000	0.100000	51.193119	4673.554462
61.700000	0.200000	53.421342	3718.125483
61.700000	0.300000	17.185719	3287.368426
61.700000	0.400000	17.185719	3060.028090
61.700000	0.500000	17.185719	2887.008460
61.700000	0.600000	17.185719	2742.044173
61.700000	0.700000	17.185719	2614.704584
61.700000	0.800000	17.185719	2500.288782
61.700000	0.900000	17.185719	2396.302068
61.700000	1.000000	17.185719	2301.193426
61.800000	0.000000	23.774377	15580.077643
61.800000	0.100000	25.230523	5653.228260
61.800000	0.200000	31.347135	3844.472971
61.800000	0.300000	51.193119	3350.790060
61.800000	0.400000	1.028103	3051.701628
61.800000	0.500000	1.028103	2849.290979
61.800000	0.600000	1.028103	2668.813306
61.800000	0.700000	17.185719	2541.736229
61.800000	0.800000	17.185719	2454.107263
61.800000	0.900000	17.185719	2369.940053
61.800000	1.000000	17.185719	2289.882953
61.900000	0.000000	20.326033	17009.982382
61.900000	0.100000	26.390639	6223.493111
61.900000	0.200000	26.390639	4364.138091
61.900000	0.300000	16.557656	3462.044305
61.900000	0.400000	51.193119	3124.543849
61.900000	0.500000	1.248125	2948.865371
61.900000	0.600000	1.248125	2802.215976
61.900000	0.700000	1.248125	2672.364143
61.900000	0.800000	1.248125	2554.089196
61.900000	0.900000	1.248125	2444.848982
61.900000	1.000000	1.248125	2343.250827
62.000000	0.000000	29.106911	13723.857281
62.000000	0.100000	40.832083	5875.201851
62.000000	0.200000	40.832083	4225.939501
62.000000	0.300000	49.928993	3613.725053
62.000000	0.400000	51.317132	3264.490943
62.000000	0.500000	1.248125	2983.183915
62.000000	0.600000	1.248125	2834.855621
62.000000	0.700000	1.248125	2703.378516
62.000000	0.800000	1.248125	2583.498786
62.000000	0.900000	1.248125	2472.841467
62.000000	1.000000	1.248125	2370.074883
62.100000	0.000000	28.058806	21525.758274
62.100000	0.100000	35.167517	7661.825253
62.100000	0.200000	35.175518	5411.291513
62.100000	0.300000	35.175518	4321.021917
62.100000	0.400000	35.731573	3630.084287
62.100000	0.500000	35.731573	3199.747669
62.100000	0.600000	35.731573	2875.757747
62.100000	0.700000	35.731573	2620.593983
62.100000	0.800000	35.731573	2412.927856
62.100000	0.900000	1.200120	2282.608969
62.100000	1.000000	1.200120	2187.017989
62.200000	0.000000	27.582758	17239.656842
62.200000	0.100000	29.334933	6707.867132
62.200000	0.200000	29.094909	4628.132729
62.200000	0.300000	29.582958	3688.395248
62.200000	0.400000	35.991599	3323.693893
62.200000	0.500000	35.991599	3119.339278
62.200000	0.600000	36.007601	2941.840750
62.200000	0.700000	36.007601	2782.375295
62.200000	0.800000	36.007601	2638.020015
62.200000	0.900000	36.007601	2507.554395
62.200000	1.000000	36.007601	2389.645011
62.300000	0.000000	34.659466	15110.938836
62.300000	0.100000	43.548355	5739.438034
62.300000	0.200000	43.548355	4528.800327
62.300000	0.300000	43.548355	3867.608063
62.300000	0.400000	36.007601	3522.039908
62.300000	0.500000	36.007601	3297.308329
62.300000	0.600000	36.007601	3106.916627
62.300000	0.700000	36.007601	2939.198948
62.300000	0.800000	36.007601	2788.669350
62.300000	0.900000	36.007601	2652.226839
62.300000	1.000000	36.007601	2527.842571
62.400000	0.000000	39.063906	14135.319148
62.400000	0.100000	35.487549	5695.189907
62.400000	0.200000	35.487549	4217.502715
62.400000	0.300000	36.007601	3615.461963
62.400000	0.400000	36.007601	3280.761638
62.400000	0.500000	36.007601	3045.678074
62.400000	0.600000	36.007601	2861.990176
62.400000	0.700000	36.007601	2708.755922
62.400000	0.800000	36.007601	2575.931339
62.400000	0.900000	36.007601	2458.123225
62.400000	1.000000	36.007601	2352.095625
62.500000	0.000000	52.385239	14830.566626
62.500000	0.100000	57.193719	6627.068546
62.500000	0.200000	57.345735	4741.009480
62.500000	0.300000	57.345735	3811.470071
62.500000	0.400000	57.345735	3223.166465
62.500000	0.500000	58.001800	2820.635316
62.500000	0.600000	58.001800	2538.036568
62.500000	0.700000	58.001800	2323.204204
62.500000	0.800000	7.228723	2180.143948
62.500000	0.900000	7.228723	2075.070780
62.500000	1.000000	7.228723	1976.919347
62.600000	0.000000	0.672067	14595.013708
62.600000	0.100000	0.856086	5996.850764
62.600000	0.200000	51.025103	4104.908156
62.600000	0.300000	7.116712	3345.887860
62.600000	0.400000	7.116712	3026.436518
62.600000	0.500000	7.116712	2776.243102
62.600000	0.600000	7.116712	2571.403363
62.600000	0.700000	7.116712	2398.530796
62.600000	0.800000	7.116712	2249.626249
62.600000	0.900000	7.116712	2119.508081
62.600000	1.000000	7.116712	2004.563456
62.700000	0.000000	29.406941	15780.148868
62.700000	0.100000	42.460246	6704.792246
62.700000	0.200000	42.460246	4569.466580
62.700000	0.300000	44.080408	3717.011435
62.700000	0.400000	44.080408	3233.537506
62.700000	0.500000	44.080408	2887.408849
62.700000	0.600000	44.080408	2624.612115
62.700000	0.700000	44.080408	2418.072698
62.700000	0.800000	44.080408	2251.188406
62.700000	0.900000	44.080408	2112.962281
62.700000	1.000000	44.080408	1995.898815
62.800000	0.000000	59.353935	14054.232325
62.800000	0.100000	48.784878	6220.059879
62.800000	0.200000	48.784878	4773.966341
62.800000	0.300000	48.784878	3991.488133
62.800000	0.400000	48.784878	3498.735142
62.800000	0.500000	48.784878	3145.214881
62.800000	0.600000	48.784878	2870.631623
62.800000	0.700000	48.784878	2647.620507
62.800000	0.800000	48.784878	2461.621247
62.800000	0.900000	48.784878	2303.688450
62.800000	1.000000	48.784878	2167.740246
62.900000	0.000000	18.117812	17835.850282
62.900000	0.100000	36.935694	5491.785293
62.900000	0.200000	2.520252	4212.525263
62.900000	0.300000	2.520252	3708.274192
62.900000	0.400000	2.520252	3302.324781
62.900000	0.500000	2.520252	2983.893264
62.900000	0.600000	2.520252	2728.668622
62.900000	0.700000	2.520252	2518.905862
62.900000	0.800000	2.520252	2342.781026
62.900000	0.900000	2.520252	2192.324240
62.900000	1.000000	2.520252	2061.982246
63.000000	0.000000	56.909691	12320.699844
63.000000	0.100000	12.565257	5280.664128
63.000000	0.200000	2.784278	4047.711851
63.000000	0.300000	2.784278	3530.916820
63.000000	0.400000	2.784278	3167.539459
63.000000	0.500000	2.784278	2882.921357
63.000000	0.600000	2.784278	2650.053122
63.000000	0.700000	2.784278	2455.349433
63.000000	0.800000	50.433043	2314.204969
63.000000	0.900000	50.433043	2204.962358
63.000000	1.000000	50.433043	2105.430535
63.100000	0.000000	33.499350	16177.595031
63.100000	0.100000	7.480748	6045.254590
63.100000	0.200000	7.916792	4428.111306
63.100000	0.300000	11.877188	3513.953635
63.100000	0.400000	11.877188	3035.731123
63.100000	0.500000	13.313331	2772.854681
63.100000	0.600000	13.313331	2584.755223
63.100000	0.700000	13.353335	2435.669008
63.100000	0.800000	13.353335	2311.425662
63.100000	0.900000	13.353335	2201.378403
63.100000	1.000000	13.353335	2102.935136
63.200000	0.000000	31.623162	15883.190950
63.200000	0.100000	24.414441	6047.678584
63.200000	0.200000	27.278728	4462.045661
63.200000	0.300000	27.278728	3602.284148
63.200000	0.400000	13.353335	3265.498293
63.200000	0.500000	13.409341	3020.086422
63.200000	0.600000	13.409341	2829.031209
63.200000	0.700000	13.409341	2663.772750
63.200000	0.800000	13.409341	2518.497190
63.200000	0.900000	13.409341	2389.472554
63.200000	1.000000	13.409341	2274.116315
63.300000	0.000000	2.652265	13640.041886
63.300000	0.100000	2.652265	6564.250667
63.300000	0.200000	2.652265	4532.164733
63.300000	0.300000	2.652265	3567.357654
63.300000	0.400000	13.165317	3306.097985
63.300000	0.500000	13.165317	3072.092198
63.300000	0.600000	13.165317	2857.494625
63.300000	0.700000	13.165317	2662.552375
63.300000	0.800000	13.165317	2487.222006
63.300000	0.900000	13.165317	2330.540229
63.300000	1.000000	13.409341	2207.270703
63.400000	0.000000	51.377138	14039.341950
63.400000	0.100000	51.913191	6163.652271
63.400000	0.200000	7.120712	4549.020994
63.400000	0.300000	7.120712	3647.814185
63.400000	0.400000	13.285329	3117.914821
63.400000	0.500000	13.253325	2783.949185
63.400000	0.600000	10.281028	2535.902485
63.400000	0.700000	10.281028	2353.665029
63.400000	0.800000	10.281028	2203.921403
63.400000	0.900000	10.281028	2077.137957
63.400000	1.000000	10.281028	1967.248843
63.500000	0.000000	27.854785	16795.364274
63.500000	0.100000	6.076608	6806.128283
63.500000	0.200000	6.044604	4815.505516
63.500000	0.300000	6.044604	3815.437864
63.500000	0.400000	14.589459	3328.602221
63.500000	0.500000	14.589459	2986.830227
63.500000	0.600000	14.589459	2726.685625
63.500000	0.700000	14.589459	2522.091953
63.500000	0.800000	14.589459	2356.619479
63.500000	0.900000	14.589459	2219.626893
63.500000	1.000000	14.589459	2103.987793
63.600000	0.000000	42.716272	16156.278894
63.600000	0.100000	55.765577	5767.818147
63.600000	0.200000	55.929593	3908.323856
63.600000	0.300000	28.766877	3321.278973
63.600000	0.400000	28.814881	3041.792615
63.600000	0.500000	28.814881	2833.241696
63.600000	0.600000	28.814881	2647.676921
63.600000	0.700000	28.838884	2493.305378
63.600000	0.800000	28.838884	2361.571236
63.600000	0.900000	28.838884	2243.538736
63.600000	1.000000	28.838884	2137.675174
63.700000	0.000000	36.187619	15631.803675
63.700000	0.100000	7.104710	6085.415177
63.700000	0.200000	7.104710	4735.092719
63.700000	0.300000	7.104710	3858.626370
63.700000	0.400000	9.828983	3441.750206
63.700000	0.500000	9.828983	3132.891507
63.700000	0.600000	9.828983	2879.667879
63.700000	0.700000	9.828983	2669.994128
63.700000	0.800000	9.828983	2494.067333
63.700000	0.900000	9.828983	2344.444999
63.700000	1.000000	9.828983	2215.586222
63.800000	0.000000	4.548455	15395.562018
63.800000	0.100000	16.649665	6057.335145
63.800000	0.200000	16.649665	4514.887576
63.800000	0.300000	16.649665	3691.091148
63.800000	0.400000	16.649665	3133.796084
63.800000	0.500000	9.884988	2851.131069
63.800000	0.600000	9.884988	2695.275073
63.800000	0.700000	9.884988	2552.098445
63.800000	0.800000	9.884988	2420.807668
63.800000	0.900000	9.884988	2300.846729
63.800000	1.000000	9.884988	2191.555140
63.900000	0.000000	5.192519	15153.874912
63.900000	0.100000	49.292929	6237.272619
63.900000	0.200000	49.300930	4978.513137
63.900000	0.300000	49.300930	4171.503923
63.900000	0.400000	49.300930	3618.213830
63.900000	0.500000	49.300930	3208.718404
63.900000	0.600000	49.300930	2889.710286
63.900000	0.700000	49.300930	2633.033170
63.900000	0.800000	49.300930	2421.895219
63.900000	0.900000	10.521052	2308.162185
63.900000	1.000000	10.521052	2219.765291
64.000000	0.000000	55.685569	17188.865303
64.000000	0.100000	55.709571	6299.517718
64.000000	0.200000	36.231623	4354.231688
64.000000	0.300000	42.032203	3823.252406
64.000000	0.400000	42.032203	3404.923521
64.000000	0.500000	42.080208	3049.852616
64.000000	0.600000	42.080208	2774.515552
64.000000	0.700000	42.080208	2548.813589
64.000000	0.800000	42.080208	2362.849667
64.000000	0.900000	10.529053	2216.153738
64.000000	1.000000	10.529053	2133.159392
64.100000	0.000000	14.005401	14858.610032
64.100000	0.100000	35.663566	6844.439384
64.100000	0.200000	35.663566	4782.177431
64.100000	0.300000	35.663566	3847.988900
64.100000	0.400000	35.663566	3314.411584
64.100000	0.500000	37.359736	2973.338431
64.100000	0.600000	37.359736	2740.809254
64.100000	0.700000	37.359736	2558.526045
64.100000	0.800000	37.359736	2413.698803
64.100000	0.900000	37.359736	2296.745212
64.100000	1.000000	37.359736	2200.519775
64.200000	0.000000	27.666767	15868.860840
64.200000	0.100000	28.398840	6583.894010
64.200000	0.200000	28.398840	4607.483493
64.200000	0.300000	31.491149	3718.482173
64.200000	0.400000	31.499150	3209.047064
64.200000	0.500000	31.499150	2863.571266
64.200000	0.600000	31.499150	2614.291745
64.200000	0.700000	31.499150	2424.774076
64.200000	0.800000	49.456946	2287.354439
64.200000	0.900000	49.456946	2192.493659
64.200000	1.000000	49.456946	2108.049828
64.300000	0.000000	55.513551	12483.233470
64.300000	0.100000	34.375438	5822.645851
64.300000	0.200000	34.375438	4434.494884
64.300000	0.300000	34.375438	3648.138947
64.300000	0.400000	34.383438	3143.309457
64.300000	0.500000	49.480948	2800.658649
64.300000	0.600000	49.480948	2640.099170
64.300000	0.700000	49.480948	2503.258497
64.300000	0.800000	49.480948	2383.333036
64.300000	0.900000	49.480948	2276.418503
64.300000	1.000000	49.480948	2180.102752
64.400000	0.000000	59.441944	18672.242215
64.400000	0.100000	31.795180	6070.977080
64.400000	0.200000	31.803180	4338.383942
64.400000	0.300000	49.412941	3652.002628
64.400000	0.400000	49.496950	3247.055029
64.400000	0.500000	49.496950	2954.427611
64.400000	0.600000	49.496950	2723.730418
64.400000	0.700000	49.496950	2537.078528
64.400000	0.800000	49.496950	2382.773973
64.400000	0.900000	49.496950	2252.739335
64.400000	1.000000	49.496950	2141.228392
64.500000	0.000000	1.308131	14597.638691
64.500000	0.100000	8.276828	5612.685052
64.500000	0.200000	31.859186	4127.539919
64.500000	0.300000	31.859186	3456.783667
64.500000	0.400000	37.439744	3182.868536
64.500000	0.500000	37.439744	2960.830497
64.500000	0.600000	37.439744	2770.231151
64.500000	0.700000	37.439744	2607.117955
64.500000	0.800000	37.439744	2467.155711
64.500000	0.900000	37.439744	2346.278699
64.500000	1.000000	37.439744	2241.013879
64.600000	0.000000	29.038904	15194.358593
64.600000	0.100000	5.408541	5775.000077
64.600000	0.200000	12.041204	4302.324955
64.600000	0.300000	12.041204	3648.861386
64.600000	0.400000	12.033203	3207.213337
64.600000	0.500000	12.033203	2888.527487
64.600000	0.600000	12.033203	2639.845625
64.600000	0.700000	37.439744	2443.459745
64.600000	0.800000	37.439744	2328.970332
64.600000	0.900000	37.439744	2229.071625
64.600000	1.000000	37.439744	2140.449106
64.700000	0.000000	2.544254	12613.591752
64.700000	0.100000	4.284428	5953.277250
64.700000	0.200000	4.284428	4167.706164
64.700000	0.300000	4.284428	3206.113850
64.700000	0.400000	12.089209	2810.511573
64.700000	0.500000	12.089209	2610.615145
64.700000	0.600000	12.081208	2450.790137
64.700000	0.700000	12.081208	2318.851102
64.700000	0.800000	12.081208	2204.974247
64.700000	0.900000	12.081208	2104.406235
64.700000	1.000000	12.081208	2014.099414
64.800000	0.000000	51.181118	15630.495324
64.800000	0.100000	0.772077	5646.050874
64.800000	0.200000	0.772077	4146.631182
64.800000	0.300000	36.787679	3389.089003
64.800000	0.400000	36.787679	2980.562451
64.800000	0.500000	36.787679	2684.468853
64.800000	0.600000	36.787679	2460.667935
64.800000	0.700000	36.787679	2285.027422
64.800000	0.800000	36.787679	2142.604310
64.800000	0.900000	12.089209	2027.086106
64.800000	1.000000	12.089209	1961.381144
64.900000	0.000000	18.361836	14309.694492
64.900000	0.100000	18.361836	5508.418058
64.900000	0.200000	20.418042	3821.096337
64.900000	0.300000	27.422742	3274.979401
64.900000	0.400000	27.422742	3059.310889
64.900000	0.500000	27.422742	2852.287910
64.900000	0.600000	27.422742	2660.146433
64.900000	0.700000	27.422742	2486.895401
64.900000	0.800000	27.422742	2333.277638
64.900000	0.900000	27.422742	2198.157106
64.900000	1.000000	27.422742	2079.592455
65.000000	0.000000	12.225223	16314.576488
65.000000	0.100000	11.869187	5700.940087
65.000000	0.200000	23.074307	4307.325300
65.000000	0.300000	23.082308	3757.316257
65.000000	0.400000	23.082308	3325.833297
65.000000	0.500000	23.082308	2983.501900
65.000000	0.600000	23.082308	2708.459076
65.000000	0.700000	23.082308	2483.634587
65.000000	0.800000	23.082308	2296.714687
65.000000	0.900000	27.454745	2155.357721
65.000000	1.000000	27.454745	2055.220355
65.100000	0.000000	58.693869	12738.152747
65.100000	0.100000	43.544354	5041.531950
65.100000	0.200000	22.354235	4083.582061
65.100000	0.300000	22.354235	3508.341384
65.100000	0.400000	22.354235	3087.436397
65.100000	0.500000	23.098310	2840.817313
65.100000	0.600000	23.098310	2643.609525
65.100000	0.700000	23.098310	2472.131612
65.100000	0.800000	23.098310	2321.461008
65.100000	0.900000	23.098310	2188.481266
65.100000	1.000000	24.342434	2074.232267
65.200000	0.000000	58.265827	15069.924808
65.200000	0.100000	17.501750	5740.255882
65.200000	0.200000	17.525753	4252.479892
65.200000	0.300000	22.578258	3431.808043
65.200000	0.400000	23.822382	3056.445037
65.200000	0.500000	23.822382	2810.008701
65.200000	0.600000	24.374437	2628.626225
65.200000	0.700000	24.374437	2489.946119
65.200000	0.800000	24.374437	2371.125296
65.200000	0.900000	24.374437	2268.155912
65.200000	1.000000	24.374437	2177.894918
65.300000	0.000000	19.665967	16660.746332
65.300000	0.100000	30.355036	6010.624625
65.300000	0.200000	39.627963	4688.286232
65.300000	0.300000	39.627963	3865.496694
65.300000	0.400000	39.627963	3305.166223
65.300000	0.500000	39.627963	2906.148063
65.300000	0.600000	3.576358	2647.712473
65.300000	0.700000	3.576358	2450.892940
65.300000	0.800000	23.946395	2290.774037
65.300000	0.900000	23.946395	2162.412385
65.300000	1.000000	23.946395	2047.561202
65.400000	0.000000	44.096410	17653.852316
65.400000	0.100000	58.493849	6553.643899
65.400000	0.200000	16.857686	4337.998787
65.400000	0.300000	16.857686	3630.254725
65.400000	0.400000	16.957696	3153.840944
65.400000	0.500000	30.235024	2868.044333
65.400000	0.600000	30.235024	2676.661066
65.400000	0.700000	30.327033	2507.378701
65.400000	0.800000	30.327033	2368.639196
65.400000	0.900000	30.327033	2246.668709
65.400000	1.000000	30.327033	2138.666688
65.500000	0.000000	14.981498	20453.872121
65.500000	0.100000	15.661566	6672.675854
65.500000	0.200000	35.859586	4671.813365
65.500000	0.300000	35.859586	3741.449343
65.500000	0.400000	29.670967	3342.570027
65.500000	0.500000	29.914991	3100.548711
65.500000	0.600000	29.914991	2880.118495
65.500000	0.700000	29.914991	2675.014064
65.500000	0.800000	29.914991	2489.100452
65.500000	0.900000	30.259026	2357.372229
65.500000	1.000000	30.275028	2245.298180
65.600000	0.000000	4.376438	14426.160165
65.600000	0.100000	23.926393	6107.403706
65.600000	0.200000	29.710971	4802.906182
65.600000	0.300000	29.710971	4073.269270
65.600000	0.400000	30.283028	3571.409694
65.600000	0.500000	30.283028	3253.771259
65.600000	0.600000	30.283028	3012.097892
65.600000	0.700000	30.283028	2819.547067
65.600000	0.800000	30.283028	2659.560191
65.600000	0.900000	30.291029	2523.113610
65.600000	1.000000	30.291029	2406.364350
65.700000	0.000000	5.932593	13678.680667
65.700000	0.100000	58.709871	5362.139646
65.700000	0.200000	35.559556	4488.426599
65.700000	0.300000	35.559556	3772.801716
65.700000	0.400000	58.717872	3242.927349
65.700000	0.500000	30.291029	2991.472981
65.700000	0.600000	30.291029	2866.017388
65.700000	0.700000	30.291029	2744.215132
65.700000	0.800000	30.291029	2628.812155
65.700000	0.900000	30.291029	2520.810704
65.700000	1.000000	30.291029	2420.273401
65.800000	0.000000	1.064106	15618.027154
65.800000	0.100000	4.232423	5687.148863
65.800000	0.200000	4.232423	4106.383066
65.800000	0.300000	6.292629	3740.475862
65.800000	0.400000	6.292629	3461.812499
65.800000	0.500000	6.292629	3182.125288
65.800000	0.600000	6.292629	2924.224126
65.800000	0.700000	6.308631	2695.186394
65.800000	0.800000	6.308631	2504.346236
65.800000	0.900000	6.308631	2336.900589
65.800000	1.000000	30.307031	2237.159344
65.900000	0.000000	54.565457	13428.476721
65.900000	0.100000	26.734673	6216.475501
65.900000	0.200000	26.810681	5048.023052
65.900000	0.300000	26.810681	4323.882698
65.900000	0.400000	6.264626	3796.830022
65.900000	0.500000	6.264626	3459.835314
65.900000	0.600000	6.264626	3166.021558
65.900000	0.700000	6.264626	2910.566305
65.900000	0.800000	6.264626	2688.551867
65.900000	0.900000	6.264626	2495.241566
65.900000	1.000000	6.272627	2329.538906
66.000000	0.000000	12.489249	17325.430946
66.000000	0.100000	25.806581	7449.051134
66.000000	0.200000	25.806581	5245.825809
66.000000	0.300000	26.646665	4227.984788
66.000000	0.400000	27.222722	3620.007539
66.000000	0.500000	27.222722	3202.335912
66.000000	0.600000	6.280628	2917.361158
66.000000	0.700000	6.280628	2715.657016
66.000000	0.800000	6.280628	2538.348901
66.000000	0.900000	6.280628	2382.177762
66.000000	1.000000	27.790779	2254.983917
66.100000	0.000000	25.082508	19666.816433
66.100000	0.100000	20.982098	7020.318055
66.100000	0.200000	20.974097	5133.050464
66.100000	0.300000	21.034103	4199.175835
66.100000	0.400000	21.034103	3622.542921
66.100000	0.500000	21.034103	3191.047328
66.100000	0.600000	22.094209	2915.872869
66.100000	0.700000	22.094209	2712.020110
66.100000	0.800000	30.651065	2550.647634
66.100000	0.900000	30.651065	2463.527246
66.100000	1.000000	30.651065	2379.862014
66.200000	0.000000	8.136814	18516.583119
66.200000	0.100000	19.813981	7233.267432
66.200000	0.200000	30.659066	5325.791028
66.200000	0.300000	30.659066	4454.245131
66.200000	0.400000	30.659066	3883.418859
66.200000	0.500000	30.659066	3487.920678
66.200000	0.600000	30.659066	3199.529886
66.200000	0.700000	30.659066	2979.168913
66.200000	0.800000	30.659066	2803.551303
66.200000	0.900000	30.659066	2658.423744
66.200000	1.000000	30.659066	2534.842860
66.300000	0.000000	9.032903	15578.327750
66.300000	0.100000	28.730873	5569.263806
66.300000	0.200000	28.790879	4178.275406
66.300000	0.300000	44.916492	3438.776420
66.300000	0.400000	45.520552	3230.003772
66.300000	0.500000	45.520552	3067.374924
66.300000	0.600000	45.520552	2921.483198
66.300000	0.700000	45.520552	2788.499064
66.300000	0.800000	45.520552	2665.865253
66.300000	0.900000	45.520552	2552.024989
66.300000	1.000000	45.520552	2445.993365
66.400000	0.000000	10.345035	14643.334968
66.400000	0.100000	11.685169	6649.352199
66.400000	0.200000	15.669567	5230.521139
66.400000	0.300000	15.669567	4415.403495
66.400000	0.400000	45.528553	3952.560149
66.400000	0.500000	45.528553	3618.710244
66.400000	0.600000	45.528553	3338.070951
66.400000	0.700000	45.596560	3106.613778
66.400000	0.800000	45.596560	2919.823260
66.400000	0.900000	45.596560	2759.425193
66.400000	1.000000	45.596560	2620.316758
66.500000	0.000000	51.305131	19274.193828
66.500000	0.100000	50.869087	5358.365413
66.500000	0.200000	45.560556	4540.482524
66.500000	0.300000	45.552555	3997.325344
66.500000	0.400000	45.552555	3598.794746
66.500000	0.500000	15.641564	3342.620440
66.500000	0.600000	15.633563	3154.151286
66.500000	0.700000	15.633563	2978.996871
66.500000	0.800000	15.633563	2817.734249
66.500000	0.900000	15.633563	2670.386874
66.500000	1.000000	15.625563	2536.762540
66.600000	0.000000	26.090609	18096.698947
66.600000	0.100000	30.767077	6235.092332
66.600000	0.200000	30.639064	4513.160047
66.600000	0.300000	30.639064	3730.825496
66.600000	0.400000	15.589559	3403.204777
66.600000	0.500000	15.589559	3202.534213
66.600000	0.600000	15.589559	3020.771756
66.600000	0.700000	15.589559	2856.190838
66.600000	0.800000	15.589559	2706.419412
66.600000	0.900000	15.589559	2569.548724
66.600000	1.000000	15.589559	2444.125658
66.700000	0.000000	53.525353	15036.407832
66.700000	0.100000	35.495550	6139.846456
66.700000	0.200000	35.735574	4732.213518
66.700000	0.300000	35.735574	4014.034973
66.700000	0.400000	35.735574	3543.618090
66.700000	0.500000	35.735574	3205.451989
66.700000	0.600000	35.735574	2945.245901
66.700000	0.700000	35.735574	2735.301559
66.700000	0.800000	35.735574	2560.487488
66.700000	0.900000	35.735574	2411.831050
66.700000	1.000000	35.735574	2283.539941
66.800000	0.000000	2.208221	13246.542272
66.800000	0.100000	26.198620	5772.140968
66.800000	0.200000	26.198620	4618.085813
66.800000	0.300000	26.258626	3866.524799
66.800000	0.400000	26.258626	3364.013967
66.800000	0.500000	26.258626	3000.993076
66.800000	0.600000	26.258626	2725.026965
66.800000	0.700000	35.743574	2539.984933
66.800000	0.800000	35.743574	2404.478668
66.800000	0.900000	35.743574	2285.330820
66.800000	1.000000	35.743574	2179.877523
66.900000	0.000000	55.665567	14832.963308
66.900000	0.100000	14.001400	5600.462747
66.900000	0.200000	14.345435	4651.172059
66.900000	0.300000	14.345435	3949.045747
66.900000	0.400000	14.345435	3461.245756
66.900000	0.500000	14.345435	3105.537567
66.900000	0.600000	14.509451	2874.712476
66.900000	0.700000	14.517452	2692.246569
66.900000	0.800000	14.517452	2537.786387
66.900000	0.900000	14.517452	2402.381603
66.900000	1.000000	14.517452	2281.628443
67.000000	0.000000	23.802380	14710.639943
67.000000	0.100000	57.633763	5456.405191
67.000000	0.200000	35.235524	3949.630926
67.000000	0.300000	14.517452	3480.161704
67.000000	0.400000	14.525453	3218.736876
67.000000	0.500000	14.525453	3022.376560
67.000000	0.600000	14.525453	2851.789700
67.000000	0.700000	14.525453	2699.974415
67.000000	0.800000	14.525453	2562.479772
67.000000	0.900000	14.525453	2436.558388
67.000000	1.000000	14.533453	2324.291494
67.100000	0.000000	58.153815	15359.307080
67.100000	0.100000	34.931493	5297.539793
67.100000	0.200000	30.291029	3999.524873
67.100000	0.300000	30.291029	3688.858445
67.100000	0.400000	30.291029	3399.645441
67.100000	0.500000	30.291029	3140.791886
67.100000	0.600000	30.291029	2915.527858
67.100000	0.700000	30.291029	2721.780500
67.100000	0.800000	14.541454	2588.280352
67.100000	0.900000	14.541454	2476.586192
67.100000	1.000000	14.541454	2369.775932
67.200000	0.000000	47.752775	16063.134427
67.200000	0.100000	48.540854	6797.389915
67.200000	0.200000	14.445445	4543.757542
67.200000	0.300000	14.497450	3844.918704
67.200000	0.400000	14.497450	3410.016271
67.200000	0.500000	14.549455	3091.641694
67.200000	0.600000	14.549455	2852.162669
67.200000	0.700000	14.541454	2661.248746
67.200000	0.800000	14.541454	2504.221472
67.200000	0.900000	14.541454	2369.987688
67.200000	1.000000	14.541454	2252.874812
67.300000	0.000000	14.437444	14505.329181
67.300000	0.100000	6.308631	5600.081817
67.300000	0.200000	42.720272	4263.270257
67.300000	0.300000	0.072007	3626.947229
67.300000	0.400000	22.382238	3260.863556
67.300000	0.500000	22.382238	3053.672541
67.300000	0.600000	22.382238	2882.803929
67.300000	0.700000	22.382238	2733.228582
67.300000	0.800000	22.382238	2598.603100
67.300000	0.900000	22.382238	2475.820500
67.300000	1.000000	22.382238	2363.095149
67.400000	0.000000	36.203620	18426.674606
67.400000	0.100000	36.195620	6849.460434
67.400000	0.200000	36.195620	4732.247116
67.400000	0.300000	22.494249	3815.827936
67.400000	0.400000	22.494249	3565.499176
67.400000	0.500000	22.494249	3330.525007
67.400000	0.600000	22.494249	3118.441857
67.400000	0.700000	22.494249	2929.570462
67.400000	0.800000	22.494249	2762.004522
67.400000	0.900000	22.494249	2613.261877
67.400000	1.000000	22.494249	2480.871630
67.500000	0.000000	49.304930	13974.888525
67.500000	0.100000	20.674067	5941.786127
67.500000	0.200000	22.362236	4695.348533
67.500000	0.300000	22.362236	4099.575102
67.500000	0.400000	22.362236	3654.334751
67.500000	0.500000	22.362236	3307.647000
67.500000	0.600000	22.362236	3028.434597
67.500000	0.700000	22.354235	2806.926998
67.500000	0.800000	22.354235	2626.064700
67.500000	0.900000	22.354235	2468.787165
67.500000	1.000000	22.354235	2330.320277
67.600000	0.000000	50.413041	14325.078968
67.600000	0.100000	29.930993	5756.282995
67.600000	0.200000	29.922992	4474.195495
67.600000	0.300000	29.922992	3670.132972
67.600000	0.400000	29.930993	3155.931078
67.600000	0.500000	29.930993	2809.097065
67.600000	0.600000	22.682268	2590.959313
67.600000	0.700000	22.682268	2461.661097
67.600000	0.800000	22.682268	2337.689309
67.600000	0.900000	22.682268	2220.823084
67.600000	1.000000	22.682268	2112.026269
67.700000	0.000000	13.229323	17632.207815
67.700000	0.100000	14.913491	6637.752820
67.700000	0.200000	33.947395	4627.749406
67.700000	0.300000	33.947395	3831.496273
67.700000	0.400000	33.955396	3361.198035
67.700000	0.500000	33.955396	3015.166635
67.700000	0.600000	33.955396	2741.938679
67.700000	0.700000	33.955396	2519.081630
67.700000	0.800000	33.955396	2333.352857
67.700000	0.900000	33.955396	2176.138666
67.700000	1.000000	33.955396	2041.416529
67.800000	0.000000	0.040004	13812.982745
67.800000	0.100000	17.501750	5515.120300
67.800000	0.200000	17.501750	4396.376759
67.800000	0.300000	17.501750	3623.458379
67.800000	0.400000	17.501750	3074.536235
67.800000	0.500000	17.501750	2670.046501
67.800000	0.600000	33.971397	2484.740623
67.800000	0.700000	33.971397	2329.032231
67.800000	0.800000	33.971397	2188.758289
67.800000	0.900000	33.971397	2062.953847
67.800000	1.000000	33.971397	1950.278993
67.900000	0.000000	10.397040	11264.025648
67.900000	0.100000	11.841184	5033.887014
67.900000	0.200000	23.934393	3896.262504
67.900000	0.300000	23.934393	3357.329900
67.900000	0.400000	23.934393	2952.451017
67.900000	0.500000	23.934393	2643.784900
67.900000	0.600000	23.942394	2405.685904
67.900000	0.700000	23.942394	2224.100083
67.900000	0.800000	23.942394	2072.714896
67.900000	0.900000	23.942394	1945.129857
67.900000	1.000000	58.513851	1839.099040
68.000000	0.000000	2.192219	15716.522571
68.000000	0.100000	3.060306	5619.796267
68.000000	0.200000	23.334333	4303.885000
68.000000	0.300000	24.378438	3670.557343
68.000000	0.400000	24.378438	3208.389704
68.000000	0.500000	24.378438	2841.015315
68.000000	0.600000	24.378438	2550.253438
68.000000	0.700000	25.710571	2356.993151
68.000000	0.800000	25.710571	2203.269429
68.000000	0.900000	26.018602	2075.924189
68.000000	1.000000	26.018602	1970.744512
68.100000	0.000000	58.729873	13825.428230
68.100000	0.100000	47.216722	5153.644455
68.100000	0.200000	47.208721	3864.877772
68.100000	0.300000	48.156816	3199.356860
68.100000	0.400000	48.156816	2773.685333
68.100000	0.500000	30.791079	2538.650583
68.100000	0.600000	25.718572	2383.693734
68.100000	0.700000	25.718572	2276.924117
68.100000	0.800000	25.718572	2174.595075
68.100000	0.900000	25.718572	2078.319508
68.100000	1.000000	25.718572	1988.513980
68.200000	0.000000	3.012301	16524.417107
68.200000	0.100000	3.708371	5545.124013
68.200000	0.200000	3.076308	4079.970790
68.200000	0.300000	3.700370	3335.876084
68.200000	0.400000	3.700370	2856.892330
68.200000	0.500000	35.379538	2627.670162
68.200000	0.600000	35.379538	2467.445548
68.200000	0.700000	35.379538	2331.339352
68.200000	0.800000	35.379538	2212.995257
68.200000	0.900000	35.379538	2108.360995
68.200000	1.000000	35.379538	2014.667111
68.300000	0.000000	27.538754	14053.240092
68.300000	0.100000	34.655466	5531.027020
68.300000	0.200000	34.875488	4156.429885
68.300000	0.300000	34.875488	3516.930998
68.300000	0.400000	35.387539	3133.818647
68.300000	0.500000	35.387539	2900.584528
68.300000	0.600000	35.387539	2711.872651
68.300000	0.700000	35.387539	2550.841505
68.300000	0.800000	35.387539	2409.890982
68.300000	0.900000	35.387539	2284.786298
68.300000	1.000000	35.387539	2172.732756
68.400000	0.000000	11.297130	11670.626154
68.400000	0.100000	34.563456	5927.009759
68.400000	0.200000	34.563456	4740.350225
68.400000	0.300000	34.555456	4108.065691
68.400000	0.400000	34.555456	3667.435527
68.400000	0.500000	34.555456	3319.567316
68.400000	0.600000	34.555456	3032.978469
68.400000	0.700000	34.555456	2790.898304
68.400000	0.800000	34.555456	2583.413994
68.400000	0.900000	34.555456	2403.940201
68.400000	1.000000	34.555456	2247.672134
68.500000	0.000000	57.249725	12396.574459
68.500000	0.100000	34.571457	5729.767888
68.500000	0.200000	34.571457	4844.449665
68.500000	0.300000	34.571457	4202.255424
68.500000	0.400000	34.571457	3735.375550
68.500000	0.500000	34.571457	3371.914109
68.500000	0.600000	34.571457	3075.849043
68.500000	0.700000	34.571457	2827.934747
68.500000	0.800000	34.571457	2616.745129
68.500000	0.900000	34.571457	2434.802525
68.500000	1.000000	34.571457	2276.802153
68.600000	0.000000	35.063506	15108.852552
68.600000	0.100000	35.275528	5433.738058
68.600000	0.200000	35.223522	3917.569892
68.600000	0.300000	35.223522	3373.115569
68.600000	0.400000	35.135514	3075.441942
68.600000	0.500000	35.135514	2836.492848
68.600000	0.600000	35.135514	2628.028172
68.600000	0.700000	35.135514	2443.820788
68.600000	0.800000	35.507551	2285.197573
68.600000	0.900000	0.100010	2180.704869
68.600000	1.000000	0.100010	2087.968809
68.700000	0.000000	49.868987	14735.203511
68.700000	0.100000	0.108011	5712.816056
68.700000	0.200000	0.108011	4283.283727
68.700000	0.300000	0.108011	3628.162500
68.700000	0.400000	0.108011	3208.328761
68.700000	0.500000	0.108011	2904.294878
68.700000	0.600000	0.108011	2670.484870
68.700000	0.700000	0.108011	2482.925033
68.700000	0.800000	0.108011	2327.405982
68.700000	0.900000	0.108011	2195.069228
68.700000	1.000000	0.108011	2080.195495
68.800000	0.000000	56.261626	13461.843608
68.800000	0.100000	20.810081	5297.012024
68.800000	0.200000	20.810081	3977.542599
68.800000	0.300000	20.810081	3280.374361
68.800000	0.400000	20.810081	2840.224184
68.800000	0.500000	5.148515	2716.966667
68.800000	0.600000	5.148515	2613.705708
68.800000	0.700000	5.148515	2506.063421
68.800000	0.800000	5.148515	2399.243288
68.800000	0.900000	5.148515	2296.014967
68.800000	1.000000	5.148515	2197.701678
68.900000	0.000000	56.353635	13134.990060
68.900000	0.100000	49.980998	6157.327077
68.900000	0.200000	5.156516	4836.262687
68.900000	0.300000	5.156516	4188.001944
68.900000	0.400000	5.156516	3746.798634
68.900000	0.500000	5.156516	3422.665184
68.900000	0.600000	5.156516	3167.056668
68.900000	0.700000	5.156516	2954.788340
68.900000	0.800000	5.156516	2772.313615
68.900000	0.900000	5.156516	2611.916728
68.900000	1.000000	5.156516	2468.901060
69.000000	0.000000	52.017202	14419.348969
69.000000	0.100000	8.912891	6356.191216
69.000000	0.200000	3.128313	4827.982159
69.000000	0.300000	5.128513	4253.871457
69.000000	0.400000	5.128513	3872.440553
69.000000	0.500000	5.128513	3562.002124
69.000000	0.600000	5.164516	3296.200501
69.000000	0.700000	5.164516	3064.708896
69.000000	0.800000	5.164516	2859.213268
69.000000	0.900000	5.164516	2675.984933
69.000000	1.000000	5.164516	2512.176157
69.100000	0.000000	40.388039	12439.618718
69.100000	0.100000	57.785779	5924.217158
69.100000	0.200000	5.180518	4376.258114
69.100000	0.300000	5.180518	4079.356378
69.100000	0.400000	5.180518	3752.454934
69.100000	0.500000	5.180518	3436.798010
69.100000	0.600000	5.180518	3151.763107
69.100000	0.700000	5.172517	2914.712503
69.100000	0.800000	5.172517	2710.640396
69.100000	0.900000	5.172517	2532.619692
69.100000	1.000000	5.172517	2376.491302
69.200000	0.000000	6.068607	12776.044386
69.200000	0.100000	39.735974	5829.500205
69.200000	0.200000	4.900490	5008.719235
69.200000	0.300000	4.900490	4421.737137
69.200000	0.400000	4.900490	3924.136337
69.200000	0.500000	4.900490	3521.992190
69.200000	0.600000	4.900490	3197.056510
69.200000	0.700000	4.900490	2930.870114
69.200000	0.800000	4.900490	2709.235038
69.200000	0.900000	4.900490	2521.888662
69.200000	1.000000	4.900490	2361.448301
69.300000	0.000000	4.232423	14556.502547
69.300000	0.100000	33.403340	5321.348260
69.300000	0.200000	36.499650	4086.287022
69.300000	0.300000	4.908491	3464.580329
69.300000	0.400000	4.908491	3156.945001
69.300000	0.500000	4.908491	2933.969988
69.300000	0.600000	4.908491	2753.810782
69.300000	0.700000	4.908491	2599.340741
69.300000	0.800000	4.908491	2462.720109
69.300000	0.900000	4.908491	2339.957194
69.300000	1.000000	4.908491	2228.748315
69.400000	0.000000	0.248025	14631.322534
69.400000	0.100000	16.861686	5986.876768
69.400000	0.200000	20.102010	4218.455310
69.400000	0.300000	20.102010	3567.851291
69.400000	0.400000	20.102010	3119.209486
69.400000	0.500000	45.492549	2818.572151
69.400000	0.600000	45.492549	2589.402728
69.400000	0.700000	45.492549	2404.341174
69.400000	0.800000	2.856286	2278.841643
69.400000	0.900000	2.856286	2204.327968
69.400000	1.000000	2.892289	2135.110017
69.500000	0.000000	46.244624	14879.200261
69.500000	0.100000	18.945895	5521.097443
69.500000	0.200000	18.945895	4236.158100
69.500000	0.300000	49.300930	3557.885448
69.500000	0.400000	49.300930	3173.731662
69.500000	0.500000	50.253025	2894.598876
69.500000	0.600000	50.253025	2686.221439
69.500000	0.700000	2.856286	2535.457093
69.500000	0.800000	2.856286	2424.455677
69.500000	0.900000	2.856286	2326.670860
69.500000	1.000000	2.856286	2239.008371
69.600000	0.000000	50.709071	18640.856407
69.600000	0.100000	6.204620	6090.236129
69.600000	0.200000	6.212621	4380.625563
69.600000	0.300000	46.444644	3664.314058
69.600000	0.400000	46.452645	3238.363245
69.600000	0.500000	46.452645	2950.027567
69.600000	0.600000	46.452645	2718.901475
69.600000	0.700000	46.452645	2526.129247
69.600000	0.800000	2.856286	2385.458269
69.600000	0.900000	2.856286	2297.517044
69.600000	1.000000	2.856286	2214.482538
69.700000	0.000000	26.134613	14579.547058
69.700000	0.100000	0.548055	7323.561874
69.700000	0.200000	0.512051	5126.707862
69.700000	0.300000	46.468647	4217.631683
69.700000	0.400000	46.468647	3611.876867
69.700000	0.500000	46.468647	3148.666290
69.700000	0.600000	46.460646	2814.993743
69.700000	0.700000	48.772877	2561.148323
69.700000	0.800000	2.864286	2371.659246
69.700000	0.900000	2.864286	2265.718973
69.700000	1.000000	2.864286	2176.074625
69.800000	0.000000	54.441444	13616.959386
69.800000	0.100000	54.749475	5354.784842
69.800000	0.200000	48.408841	4363.729303
69.800000	0.300000	48.408841	3854.056201
69.800000	0.400000	48.688869	3439.852757
69.800000	0.500000	48.960896	3087.360460
69.800000	0.600000	48.960896	2797.383379
69.800000	0.700000	50.665067	2558.549424
69.800000	0.800000	50.637064	2406.320807
69.800000	0.900000	50.637064	2275.812596
69.800000	1.000000	50.637064	2158.304144
69.900000	0.000000	36.515652	16922.077719
69.900000	0.100000	44.836484	6011.102026
69.900000	0.200000	50.645065	4589.772419
69.900000	0.300000	50.645065	4081.872513
69.900000	0.400000	50.645065	3619.929291
69.900000	0.500000	50.645065	3237.948475
69.900000	0.600000	50.645065	2929.747599
69.900000	0.700000	50.645065	2680.060722
69.900000	0.800000	50.645065	2474.857150
69.900000	0.900000	50.645065	2303.340837
69.900000	1.000000	50.645065	2157.635966
70.000000	0.000000	7.380738	16840.629613
70.000000	0.100000	10.573057	6638.223855
70.000000	0.200000	10.573057	4351.095183
70.000000	0.300000	29.794979	3575.703468
70.000000	0.400000	29.794979	3070.079278
70.000000	0.500000	15.129513	2708.785449
70.000000	0.600000	32.671267	2531.114957
70.000000	0.700000	32.671267	2431.104392
70.000000	0.800000	32.671267	2342.658913
70.000000	0.900000	32.671267	2262.770848
70.000000	1.000000	32.671267	2189.384928
