50.000000	0.500000	32.643264	22028.511491
50.100000	0.500000	32.643264	21409.020766
50.200000	0.500000	24.778478	17892.200591
50.300000	0.500000	41.752175	18244.055671
50.400000	0.500000	35.103510	22184.779123
50.500000	0.500000	34.947495	21819.122635
50.600000	0.500000	7.368737	19577.965321
50.700000	0.500000	40.224022	19770.994694
50.800000	0.500000	32.075208	24260.859265
50.900000	0.500000	37.927793	21657.110957
51.000000	0.500000	38.047805	20356.716420
51.100000	0.500000	32.079208	22099.535174
51.200000	0.500000	19.653965	22009.894649
51.300000	0.500000	19.653965	22281.656673
51.400000	0.500000	56.689669	20129.667510
51.500000	0.500000	54.225423	20879.944560
51.600000	0.500000	22.174217	17494.175773
51.700000	0.500000	27.002700	18869.652041
51.800000	0.500000	56.869687	21981.268165
51.900000	0.500000	51.473147	20462.684517
52.000000	0.500000	51.513151	17131.128202
52.100000	0.500000	21.258126	17666.849437
52.200000	0.500000	51.553155	19741.353274
52.300000	0.500000	51.573157	20744.206833
52.400000	0.500000	51.573157	21886.919174
52.500000	0.500000	51.709171	18058.418473
52.600000	0.500000	25.922592	18904.795824
52.700000	0.500000	25.278528	17361.193414
52.800000	0.500000	13.033303	19553.059083
52.900000	0.500000	30.047005	18864.120954
53.000000	0.500000	30.067007	25065.272251
53.100000	0.500000	30.107011	20722.105426
53.200000	0.500000	52.877288	18791.241337
53.300000	0.500000	54.249425	20745.302107
53.400000	0.500000	44.416442	18523.538002
53.500000	0.500000	44.400440	21555.783403
53.600000	0.500000	8.424842	20953.285409
53.700000	0.500000	26.190619	23058.092406
53.800000	0.500000	26.190619	23465.495754
53.900000	0.500000	26.174617	24197.583283
54.000000	0.500000	26.194619	20324.882535
54.100000	0.500000	10.217022	20920.884078
54.200000	0.500000	10.201020	20194.795262
54.300000	0.500000	10.201020	20834.099351
54.400000	0.500000	10.609061	20881.072361
54.500000	0.500000	44.796480	18145.702502
54.600000	0.500000	52.681268	19334.304520
54.700000	0.500000	25.298530	19151.895495
54.800000	0.500000	51.061106	24670.874234
54.900000	0.500000	52.157216	27669.195359
55.000000	0.500000	51.977198	23346.936489
55.100000	0.500000	52.305231	22055.192772
55.200000	0.500000	39.331933	25694.461194
55.300000	0.500000	39.315932	25810.405404
55.400000	0.500000	39.191919	22584.181823
55.500000	0.500000	38.851885	18964.703253
55.600000	0.500000	22.874287	20564.651939
55.700000	0.500000	23.254325	21492.737501
55.800000	0.500000	45.976598	21090.566911
55.900000	0.500000	29.910991	22605.332814
56.000000	0.500000	29.894989	27574.311015
56.100000	0.500000	26.810681	21983.727545
56.200000	0.500000	26.830683	17840.536852
56.300000	0.500000	54.533453	19630.483799
56.400000	0.500000	30.431043	20092.309307
56.500000	0.500000	30.451045	20015.287566
56.600000	0.500000	35.643564	19467.558842
56.700000	0.500000	32.435244	18811.097690
56.800000	0.500000	38.223822	17045.725313
56.900000	0.500000	35.627563	21245.796023
57.000000	0.500000	39.055906	18761.196128
57.100000	0.500000	48.968897	20804.070640
57.200000	0.500000	19.993999	20533.316828
57.300000	0.500000	19.873987	20430.369986
57.400000	0.500000	34.011401	21826.889761
57.500000	0.500000	42.928293	21876.840719
57.600000	0.500000	42.912291	27412.318702
57.700000	0.500000	43.088309	24588.148860
57.800000	0.500000	42.812281	21540.412369
57.900000	0.500000	19.273927	21457.032278
58.000000	0.500000	18.413841	25476.705864
58.100000	0.500000	18.381838	23853.908604
58.200000	0.500000	18.381838	25564.632573
58.300000	0.500000	17.509751	23158.888128
58.400000	0.500000	16.397640	22716.617305
58.500000	0.500000	16.365637	19709.420961
58.600000	0.500000	40.080008	18407.701696
58.700000	0.500000	10.721072	20579.452140
58.800000	0.500000	10.705071	21120.723183
58.900000	0.500000	10.673067	22802.759495
59.000000	0.500000	30.147015	21875.325434
59.100000	0.500000	30.523052	24202.856846
59.200000	0.500000	14.101410	24073.835978
59.300000	0.500000	16.365637	24179.527676
59.400000	0.500000	16.333633	25188.478520
59.500000	0.500000	17.445745	24933.964463
59.600000	0.500000	17.413741	21788.719831
59.700000	0.500000	24.434443	21053.373879
59.800000	0.500000	54.869487	20820.858962
59.900000	0.500000	31.507151	20901.596786
60.000000	0.500000	58.601860	21952.546622
60.100000	0.500000	56.173617	19777.053656
60.200000	0.500000	49.900990	19823.489437
60.300000	0.500000	17.769777	21918.153713
60.400000	0.500000	17.985799	21561.933421
60.500000	0.500000	17.821782	21062.396584
60.600000	0.500000	32.827283	20829.213161
60.700000	0.500000	32.827283	22428.848054
60.800000	0.500000	51.733173	22842.291873
60.900000	0.500000	26.062606	25612.482957
61.000000	0.500000	25.966597	25682.333759
61.100000	0.500000	26.854685	19394.994314
61.200000	0.500000	6.636664	20482.208542
61.300000	0.500000	6.540654	23909.369503
61.400000	0.500000	6.460646	21657.127092
61.500000	0.500000	25.950595	17921.174456
61.600000	0.500000	25.742574	19218.588440
61.700000	0.500000	2.124212	19090.132063
61.800000	0.500000	24.838484	21434.084517
61.900000	0.500000	25.374537	19797.601570
62.000000	0.500000	43.576358	19442.204329
62.100000	0.500000	43.576358	17475.982076
62.200000	0.500000	30.435044	23012.334823
62.300000	0.500000	25.666567	20310.164811
62.400000	0.500000	4.240424	20342.411270
62.500000	0.500000	4.240424	21682.455399
62.600000	0.500000	3.940394	21909.626981
62.700000	0.500000	3.956396	18208.049940
62.800000	0.500000	25.666567	16292.298841
62.900000	0.500000	25.666567	20926.144834
63.000000	0.500000	25.510551	21170.902307
63.100000	0.500000	15.845585	21903.709018
63.200000	0.500000	17.273727	23409.761818
63.300000	0.500000	23.602360	21655.391036
63.400000	0.500000	14.933493	22811.255831
63.500000	0.500000	14.965497	25774.705054
63.600000	0.500000	14.841484	27017.305680
63.700000	0.500000	14.889489	26489.001530
63.800000	0.500000	14.781478	21569.513212
63.900000	0.500000	16.117612	21793.732781
64.000000	0.500000	16.041604	23122.780610
64.100000	0.500000	16.073607	21063.415144
64.200000	0.500000	17.229723	24827.335057
64.300000	0.500000	17.245725	25645.937240
64.400000	0.500000	17.013701	24940.781547
64.500000	0.500000	17.029703	23599.404565
64.600000	0.500000	3.052305	21682.100766
64.700000	0.500000	16.969697	22522.932704
64.800000	0.500000	17.357736	23166.091048
64.900000	0.500000	17.373737	23019.356630
65.000000	0.500000	17.389739	24278.671165
65.100000	0.500000	17.389739	26559.096550
65.200000	0.500000	17.421742	23421.894895
65.300000	0.500000	4.136414	22433.034051
65.400000	0.500000	4.168417	23183.472096
65.500000	0.500000	2.048205	26667.285384
65.600000	0.500000	51.873187	24539.415097
65.700000	0.500000	51.053105	24438.162802
65.800000	0.500000	29.870987	23691.569251
65.900000	0.500000	7.944794	20972.193289
66.000000	0.500000	20.714071	20554.898360
66.100000	0.500000	22.550255	20610.956886
66.200000	0.500000	7.540754	20344.999000
66.300000	0.500000	32.651265	19625.110872
66.400000	0.500000	30.407041	20617.402881
66.500000	0.500000	32.683268	21150.482160
66.600000	0.500000	8.584858	21308.392454
66.700000	0.500000	8.600860	23461.422339
66.800000	0.500000	49.152915	29684.988510
66.900000	0.500000	49.184918	27619.794696
67.000000	0.500000	18.493849	24948.814074
67.100000	0.500000	36.827683	24165.347243
67.200000	0.500000	36.739674	23610.095964
67.300000	0.500000	36.739674	26216.013849
67.400000	0.500000	35.331533	20853.634827
67.500000	0.500000	35.347535	19297.615968
67.600000	0.500000	36.711671	18955.417029
67.700000	0.500000	33.255326	21522.969833
67.800000	0.500000	33.227323	20249.271041
67.900000	0.500000	28.998900	19215.869897
68.000000	0.500000	28.998900	23009.092560
68.100000	0.500000	29.014901	25744.529225
68.200000	0.500000	29.074907	21495.767321
68.300000	0.500000	24.738474	17751.875320
68.400000	0.500000	33.303330	19281.025833
68.500000	0.500000	24.738474	20471.932219
68.600000	0.500000	24.798480	22050.456047
68.700000	0.500000	36.727673	23089.565181
68.800000	0.500000	36.727673	23311.102369
68.900000	0.500000	17.001700	24879.861859
69.000000	0.500000	31.279128	21864.537051
69.100000	0.500000	47.092709	22595.966231
69.200000	0.500000	47.036704	20903.045696
69.300000	0.500000	57.889789	19748.866022
69.400000	0.500000	7.996800	20121.428556
69.500000	0.500000	16.889689	19774.266902
69.600000	0.500000	41.392139	22853.394321
69.700000	0.500000	41.336134	18783.135908
69.800000	0.500000	34.311431	21079.482591
69.900000	0.500000	34.283428	21009.862216
70.000000	0.500000	32.543254	20667.752522
