40.000000	0.000000	0.024002	1309.100271
40.000000	0.100000	6.876688	527.332786
40.000000	0.200000	6.876688	421.586117
40.000000	0.300000	6.876688	358.345019
40.000000	0.400000	6.876688	313.303820
40.000000	0.500000	6.876688	278.926428
40.000000	0.600000	23.914391	256.778395
40.000000	0.700000	23.914391	245.777842
40.000000	0.800000	23.914391	235.599216
40.000000	0.900000	23.914391	226.207614
40.000000	1.000000	23.938394	218.045624
40.100000	0.000000	19.465947	1922.188263
40.100000	0.100000	27.098710	606.738366
40.100000	0.200000	27.098710	415.407058
40.100000	0.300000	7.416742	350.486039
40.100000	0.400000	7.416742	321.031217
40.100000	0.500000	7.416742	296.289488
40.100000	0.600000	7.416742	275.051319
40.100000	0.700000	7.416742	256.719509
40.100000	0.800000	7.416742	240.825084
40.100000	0.900000	7.416742	226.970143
40.100000	1.000000	23.914391	218.299729
40.200000	0.000000	24.238424	1514.739134
40.200000	0.100000	19.465947	606.790428
40.200000	0.200000	19.093909	444.102196
40.200000	0.300000	19.069907	365.531277
40.200000	0.400000	19.069907	317.487727
40.200000	0.500000	19.069907	283.713953
40.200000	0.600000	19.069907	258.699992
40.200000	0.700000	19.069907	239.412862
40.200000	0.800000	19.069907	224.068914
40.200000	0.900000	23.914391	215.330726
40.200000	1.000000	23.914391	207.804752
40.300000	0.000000	39.996000	1327.605378
40.300000	0.100000	30.283028	434.386584
40.300000	0.200000	31.611161	354.171527
40.300000	0.300000	31.611161	299.217639
40.300000	0.400000	18.873887	272.761544
40.300000	0.500000	19.021902	257.688371
40.300000	0.600000	19.021902	246.200729
40.300000	0.700000	19.021902	234.879807
40.300000	0.800000	19.021902	224.104331
40.300000	0.900000	19.021902	214.068030
40.300000	1.000000	19.865987	206.997239
40.400000	0.000000	35.643564	1608.563414
40.400000	0.100000	24.918492	537.423753
40.400000	0.200000	24.906491	403.004430
40.400000	0.300000	24.906491	323.401138
40.400000	0.400000	18.245825	288.240122
40.400000	0.500000	18.245825	265.017906
40.400000	0.600000	19.073907	250.929206
40.400000	0.700000	19.073907	239.732456
40.400000	0.800000	19.073907	229.260075
40.400000	0.900000	19.073907	219.467542
40.400000	1.000000	19.073907	210.349693
40.500000	0.000000	6.616662	1329.752336
40.500000	0.100000	11.185119	537.936995
40.500000	0.200000	19.025903	436.639258
40.500000	0.300000	19.025903	380.557508
40.500000	0.400000	19.025903	339.589771
40.500000	0.500000	19.025903	308.733486
40.500000	0.600000	19.025903	284.525635
40.500000	0.700000	19.025903	264.845018
40.500000	0.800000	19.025903	248.400319
40.500000	0.900000	19.025903	234.376163
40.500000	1.000000	19.025903	222.231468
40.600000	0.000000	18.417842	1210.822940
40.600000	0.100000	15.757576	485.140318
40.600000	0.200000	15.757576	373.590213
40.600000	0.300000	18.041804	317.741422
40.600000	0.400000	19.781978	285.370617
40.600000	0.500000	19.781978	273.190413
40.600000	0.600000	19.781978	261.054234
40.600000	0.700000	19.781978	249.474176
40.600000	0.800000	19.781978	238.669679
40.600000	0.900000	19.781978	228.695541
40.600000	1.000000	19.781978	219.527435
40.700000	0.000000	12.045205	1539.779455
40.700000	0.100000	28.246825	591.567668
40.700000	0.200000	36.971697	462.777617
40.700000	0.300000	36.971697	389.525890
40.700000	0.400000	36.971697	335.326360
40.700000	0.500000	36.971697	293.482448
40.700000	0.600000	36.971697	260.417192
40.700000	0.700000	37.759776	236.714123
40.700000	0.800000	37.759776	220.721714
40.700000	0.900000	37.759776	207.098903
40.700000	1.000000	19.781978	200.693529
40.800000	0.000000	27.674767	1363.346488
40.800000	0.100000	37.639764	557.167347
40.800000	0.200000	37.639764	433.693625
40.800000	0.300000	37.675768	369.158280
40.800000	0.400000	37.675768	326.380752
40.800000	0.500000	37.723772	294.302107
40.800000	0.600000	37.723772	269.388597
40.800000	0.700000	37.723772	248.398473
40.800000	0.800000	37.723772	230.489412
40.800000	0.900000	37.747775	215.814959
40.800000	1.000000	37.747775	203.138982
40.900000	0.000000	0.356036	1543.409505
40.900000	0.100000	10.993099	615.952160
40.900000	0.200000	10.981098	425.237188
40.900000	0.300000	11.093109	338.194118
40.900000	0.400000	11.093109	292.901842
40.900000	0.500000	11.093109	263.750699
40.900000	0.600000	11.093109	243.378484
40.900000	0.700000	11.021102	229.503679
40.900000	0.800000	11.021102	219.899197
40.900000	0.900000	11.021102	211.599672
40.900000	1.000000	11.021102	204.183793
41.000000	0.000000	39.363936	1632.141279
41.000000	0.100000	38.335834	628.304545
41.000000	0.200000	38.335834	401.459301
41.000000	0.300000	8.972897	309.988036
41.000000	0.400000	11.021102	287.523255
41.000000	0.500000	11.021102	276.971686
41.000000	0.600000	11.021102	265.039268
41.000000	0.700000	11.021102	253.213457
41.000000	0.800000	11.021102	242.073948
41.000000	0.900000	11.021102	231.788821
41.000000	1.000000	11.021102	222.353678
41.100000	0.000000	10.613061	1666.037891
41.100000	0.100000	0.000000	609.098377
41.100000	0.200000	7.092709	444.251109
41.100000	0.300000	7.092709	357.618292
41.100000	0.400000	0.024002	304.601156
41.100000	0.500000	11.009101	273.083979
41.100000	0.600000	11.009101	258.814756
41.100000	0.700000	11.009101	246.295390
41.100000	0.800000	11.009101	235.161735
41.100000	0.900000	11.009101	225.152068
41.100000	1.000000	11.009101	216.072980
41.200000	0.000000	0.788079	1489.269264
41.200000	0.100000	39.883988	612.313259
41.200000	0.200000	39.811981	418.025642
41.200000	0.300000	10.745075	355.987467
41.200000	0.400000	10.745075	315.237930
41.200000	0.500000	10.745075	284.841566
41.200000	0.600000	34.355436	263.451176
41.200000	0.700000	34.355436	244.938061
41.200000	0.800000	34.355436	228.744869
41.200000	0.900000	34.355436	214.551562
41.200000	1.000000	34.355436	202.056949
41.300000	0.000000	4.140414	1214.719656
41.300000	0.100000	16.665667	616.070927
41.300000	0.200000	4.676468	491.338725
41.300000	0.300000	4.676468	401.693352
41.300000	0.400000	4.676468	337.313314
41.300000	0.500000	4.676468	290.978792
41.300000	0.600000	34.295430	260.324087
41.300000	0.700000	34.355436	243.211800
41.300000	0.800000	34.355436	228.555461
41.300000	0.900000	34.355436	215.521602
41.300000	1.000000	34.355436	203.815430
41.400000	0.000000	27.230723	1439.734257
41.400000	0.100000	27.110711	549.547685
41.400000	0.200000	27.582758	422.206993
41.400000	0.300000	27.594759	362.611920
41.400000	0.400000	27.594759	324.359430
41.400000	0.500000	27.594759	297.012015
41.400000	0.600000	27.594759	276.307754
41.400000	0.700000	27.594759	259.947813
41.400000	0.800000	27.594759	246.561405
41.400000	0.900000	27.594759	235.289955
41.400000	1.000000	27.594759	225.577235
41.500000	0.000000	25.102510	1296.477712
41.500000	0.100000	4.580458	469.362801
41.500000	0.200000	39.235924	351.833808
41.500000	0.300000	7.708771	313.447348
41.500000	0.400000	7.708771	290.080223
41.500000	0.500000	27.594759	270.843164
41.500000	0.600000	27.594759	260.714920
41.500000	0.700000	27.594759	250.651187
41.500000	0.800000	27.594759	241.077485
41.500000	0.900000	27.594759	232.147612
41.500000	1.000000	27.594759	223.891462
41.600000	0.000000	34.255426	1777.754776
41.600000	0.100000	7.616762	580.386125
41.600000	0.200000	7.616762	425.392976
41.600000	0.300000	25.770577	361.781153
41.600000	0.400000	25.770577	320.356464
41.600000	0.500000	25.770577	286.443415
41.600000	0.600000	25.770577	258.511861
41.600000	0.700000	25.770577	235.320979
41.600000	0.800000	25.770577	215.913002
41.600000	0.900000	27.594759	207.026980
41.600000	1.000000	27.594759	202.333636
41.700000	0.000000	0.596060	1838.076095
41.700000	0.100000	8.712871	640.076778
41.700000	0.200000	9.252925	420.754469
41.700000	0.300000	25.750575	365.182259
41.700000	0.400000	25.750575	333.473611
41.700000	0.500000	25.762576	307.428657
41.700000	0.600000	25.762576	285.417485
41.700000	0.700000	25.762576	266.355014
41.700000	0.800000	25.762576	249.744674
41.700000	0.900000	25.762576	235.215002
41.700000	1.000000	25.762576	222.461779
41.800000	0.000000	21.374137	1420.394958
41.800000	0.100000	25.178518	514.727814
41.800000	0.200000	25.178518	385.413433
41.800000	0.300000	25.178518	325.814684
41.800000	0.400000	25.178518	287.429486
41.800000	0.500000	25.490549	258.954460
41.800000	0.600000	25.750575	241.787876
41.800000	0.700000	25.750575	229.303559
41.800000	0.800000	25.762576	218.905494
41.800000	0.900000	25.762576	209.686522
41.800000	1.000000	25.762576	201.390614
41.900000	0.000000	38.587859	1635.544005
41.900000	0.100000	21.470147	512.634330
41.900000	0.200000	21.470147	398.631683
41.900000	0.300000	21.470147	334.878341
41.900000	0.400000	22.262226	290.929177
41.900000	0.500000	22.262226	259.867168
41.900000	0.600000	24.382438	242.154383
41.900000	0.700000	24.382438	227.460442
41.900000	0.800000	24.382438	214.327396
41.900000	0.900000	24.382438	202.686541
41.900000	1.000000	24.382438	192.400290
42.000000	0.000000	39.643964	1706.564313
42.000000	0.100000	19.121912	682.579184
42.000000	0.200000	19.825983	497.541579
42.000000	0.300000	23.718372	400.983516
42.000000	0.400000	23.742374	348.107526
42.000000	0.500000	23.742374	308.564364
42.000000	0.600000	23.742374	277.347916
42.000000	0.700000	23.742374	252.071804
42.000000	0.800000	23.742374	231.181088
42.000000	0.900000	23.754375	213.761474
42.000000	1.000000	23.754375	199.013389
42.100000	0.000000	0.148015	1364.190831
42.100000	0.100000	1.372137	569.706218
42.100000	0.200000	27.586759	409.144476
42.100000	0.300000	12.961296	347.087960
42.100000	0.400000	12.961296	310.483121
42.100000	0.500000	12.961296	279.561097
42.100000	0.600000	13.673367	257.660020
42.100000	0.700000	13.921392	239.489545
42.100000	0.800000	13.921392	225.060460
42.100000	0.900000	13.921392	212.133763
42.100000	1.000000	13.921392	200.501203
42.200000	0.000000	10.669067	1451.339048
42.200000	0.100000	13.117312	632.138689
42.200000	0.200000	13.117312	484.196823
42.200000	0.300000	13.117312	396.145298
42.200000	0.400000	13.117312	338.164569
42.200000	0.500000	13.745375	299.430123
42.200000	0.600000	13.745375	270.892834
42.200000	0.700000	14.149415	250.113039
42.200000	0.800000	14.149415	234.868837
42.200000	0.900000	14.149415	221.606510
42.200000	1.000000	14.149415	209.892377
42.300000	0.000000	24.962496	1320.436883
42.300000	0.100000	13.997400	478.314648
42.300000	0.200000	13.997400	386.704261
42.300000	0.300000	13.997400	338.875117
42.300000	0.400000	13.997400	305.685922
42.300000	0.500000	13.997400	280.445232
42.300000	0.600000	13.997400	260.108865
42.300000	0.700000	13.997400	243.081370
42.300000	0.800000	13.997400	228.453000
42.300000	0.900000	13.997400	215.660577
42.300000	1.000000	13.997400	204.329102
42.400000	0.000000	39.799980	1457.030301
42.400000	0.100000	38.767877	536.136469
42.400000	0.200000	38.767877	443.784425
42.400000	0.300000	38.767877	371.611511
42.400000	0.400000	39.367937	318.913359
42.400000	0.500000	39.367937	283.749415
42.400000	0.600000	39.367937	257.027682
42.400000	0.700000	39.367937	236.233318
42.400000	0.800000	39.367937	219.601412
42.400000	0.900000	39.367937	205.937703
42.400000	1.000000	38.839884	195.302888
42.500000	0.000000	15.309531	1227.102237
42.500000	0.100000	27.378738	586.109036
42.500000	0.200000	27.342734	431.188686
42.500000	0.300000	27.342734	350.608513
42.500000	0.400000	38.899890	314.519917
42.500000	0.500000	38.899890	291.114157
42.500000	0.600000	38.899890	271.931553
42.500000	0.700000	38.851885	255.590680
42.500000	0.800000	38.851885	240.646123
42.500000	0.900000	38.899890	227.106976
42.500000	1.000000	38.899890	215.107259
42.600000	0.000000	9.528953	1269.926195
42.600000	0.100000	38.383838	578.476558
42.600000	0.200000	38.383838	453.598164
42.600000	0.300000	9.608961	375.818716
42.600000	0.400000	9.608961	335.367236
42.600000	0.500000	9.608961	303.377211
42.600000	0.600000	9.608961	277.301683
42.600000	0.700000	9.620962	255.801224
42.600000	0.800000	38.935894	239.590286
42.600000	0.900000	38.935894	225.949210
42.600000	1.000000	38.935894	213.780242
42.700000	0.000000	33.527353	1431.071977
42.700000	0.100000	33.987399	530.789492
42.700000	0.200000	33.987399	391.610415
42.700000	0.300000	38.399840	348.760139
42.700000	0.400000	9.528953	316.616476
42.700000	0.500000	9.528953	290.354264
42.700000	0.600000	9.528953	267.620201
42.700000	0.700000	9.644964	248.815983
42.700000	0.800000	9.644964	233.452991
42.700000	0.900000	9.644964	219.680425
42.700000	1.000000	9.644964	207.284672
42.800000	0.000000	2.396240	1316.963226
42.800000	0.100000	5.792579	491.005066
42.800000	0.200000	29.930993	372.748020
42.800000	0.300000	29.930993	320.340437
42.800000	0.400000	9.216922	291.000166
42.800000	0.500000	9.600960	268.612928
42.800000	0.600000	9.600960	253.529234
42.800000	0.700000	9.600960	239.475977
42.800000	0.800000	9.600960	226.411615
42.800000	0.900000	9.600960	214.313820
42.800000	1.000000	9.600960	203.147228
42.900000	0.000000	33.119312	1789.029438
42.900000	0.100000	37.307731	545.782990
42.900000	0.200000	37.331733	438.376306
42.900000	0.300000	37.331733	365.177774
42.900000	0.400000	37.343734	313.430195
42.900000	0.500000	9.276928	283.288327
42.900000	0.600000	9.276928	262.689361
42.900000	0.700000	9.276928	245.175544
42.900000	0.800000	9.276928	229.910141
42.900000	0.900000	9.276928	216.439474
42.900000	1.000000	9.276928	204.475574
43.000000	0.000000	38.007801	1421.408954
43.000000	0.100000	24.082408	564.045351
43.000000	0.200000	27.866787	388.324874
43.000000	0.300000	9.220922	337.895234
43.000000	0.400000	9.220922	310.504155
43.000000	0.500000	9.220922	287.824856
43.000000	0.600000	9.220922	268.614776
43.000000	0.700000	9.220922	252.131243
43.000000	0.800000	9.220922	237.831844
43.000000	0.900000	9.220922	225.306365
43.000000	1.000000	9.220922	214.241874
43.100000	0.000000	28.010801	1889.341766
43.100000	0.100000	32.223222	622.450741
43.100000	0.200000	32.223222	436.668875
43.100000	0.300000	32.223222	361.927650
43.100000	0.400000	32.223222	315.669898
43.100000	0.500000	32.223222	281.219767
43.100000	0.600000	32.223222	253.513868
43.100000	0.700000	33.127313	235.311366
43.100000	0.800000	33.127313	222.310158
43.100000	0.900000	33.127313	210.754559
43.100000	1.000000	33.127313	200.405694
43.200000	0.000000	0.736074	1680.646065
43.200000	0.100000	32.411241	647.258186
43.200000	0.200000	32.411241	470.492422
43.200000	0.300000	32.411241	385.085576
43.200000	0.400000	32.411241	334.790322
43.200000	0.500000	32.411241	300.725306
43.200000	0.600000	32.411241	275.225276
43.200000	0.700000	32.411241	254.838883
43.200000	0.800000	1.560156	239.579729
43.200000	0.900000	1.560156	226.321086
43.200000	1.000000	1.584158	216.536348
43.300000	0.000000	0.112011	1625.949231
43.300000	0.100000	17.813781	665.466215
43.300000	0.200000	17.825783	486.696950
43.300000	0.300000	0.384038	416.801703
43.300000	0.400000	1.492149	374.325764
43.300000	0.500000	1.492149	345.570634
43.300000	0.600000	1.584158	320.112991
43.300000	0.700000	1.584158	298.573451
43.300000	0.800000	1.584158	279.366246
43.300000	0.900000	1.584158	262.288489
43.300000	1.000000	1.584158	247.102877
43.400000	0.000000	18.697870	1475.783914
43.400000	0.100000	20.414041	605.691121
43.400000	0.200000	1.448145	455.888750
43.400000	0.300000	1.448145	407.340798
43.400000	0.400000	1.448145	370.974866
43.400000	0.500000	1.448145	341.061579
43.400000	0.600000	1.448145	315.469837
43.400000	0.700000	1.448145	293.086765
43.400000	0.800000	1.448145	273.267314
43.400000	0.900000	1.448145	255.595536
43.400000	1.000000	1.448145	239.771307
43.500000	0.000000	35.039504	1644.280308
43.500000	0.100000	32.523252	583.298951
43.500000	0.200000	1.484148	429.046984
43.500000	0.300000	1.484148	383.896195
43.500000	0.400000	1.484148	351.734479
43.500000	0.500000	1.484148	325.664172
43.500000	0.600000	1.484148	303.358668
43.500000	0.700000	1.484148	283.876914
43.500000	0.800000	1.484148	266.685191
43.500000	0.900000	1.484148	251.404685
43.500000	1.000000	1.484148	237.741467
43.600000	0.000000	5.268527	1489.135537
43.600000	0.100000	30.703070	655.764966
43.600000	0.200000	30.703070	466.831608
43.600000	0.300000	30.703070	370.258216
43.600000	0.400000	7.904790	325.559750
43.600000	0.500000	39.571957	293.003029
43.600000	0.600000	39.571957	271.813055
43.600000	0.700000	39.571957	253.418024
43.600000	0.800000	8.388839	237.515470
43.600000	0.900000	8.388839	224.847128
43.600000	1.000000	8.388839	213.575496
43.700000	0.000000	10.937094	1424.587343
43.700000	0.100000	39.571957	574.182692
43.700000	0.200000	39.595960	428.245979
43.700000	0.300000	39.595960	360.985079
43.700000	0.400000	39.595960	319.432351
43.700000	0.500000	39.595960	290.209497
43.700000	0.600000	39.595960	267.717158
43.700000	0.700000	39.595960	249.347654
43.700000	0.800000	8.320832	235.693440
43.700000	0.900000	8.320832	223.919896
43.700000	1.000000	8.320832	213.023990
43.800000	0.000000	15.901590	1708.083290
43.800000	0.100000	29.418942	669.359811
43.800000	0.200000	29.418942	484.323868
43.800000	0.300000	30.583058	393.121389
43.800000	0.400000	30.583058	339.756978
43.800000	0.500000	30.583058	301.203356
43.800000	0.600000	30.583058	272.009644
43.800000	0.700000	30.583058	249.097284
43.800000	0.800000	29.418942	233.323101
43.800000	0.900000	29.418942	221.132252
43.800000	1.000000	29.418942	210.975186
43.900000	0.000000	21.798180	1235.830608
43.900000	0.100000	2.720272	552.733142
43.900000	0.200000	8.540854	428.200075
43.900000	0.300000	22.186219	373.445863
43.900000	0.400000	22.814281	336.159210
43.900000	0.500000	22.814281	307.646804
43.900000	0.600000	22.814281	283.983439
43.900000	0.700000	22.814281	264.087277
43.900000	0.800000	22.814281	247.118226
43.900000	0.900000	22.814281	232.447197
43.900000	1.000000	22.814281	219.606064
44.000000	0.000000	20.382038	1141.890621
44.000000	0.100000	17.393739	593.696343
44.000000	0.200000	17.393739	456.265768
44.000000	0.300000	29.430943	368.105437
44.000000	0.400000	29.430943	325.292697
44.000000	0.500000	22.782278	296.960024
44.000000	0.600000	22.782278	273.866077
44.000000	0.700000	22.782278	254.416328
44.000000	0.800000	22.782278	237.725987
44.000000	0.900000	23.134313	225.459199
44.000000	1.000000	23.134313	216.264404
44.100000	0.000000	38.395840	1203.931993
44.100000	0.100000	38.427843	533.913605
44.100000	0.200000	38.427843	440.291766
44.100000	0.300000	38.427843	373.708058
44.100000	0.400000	38.427843	322.736102
44.100000	0.500000	39.027903	290.514319
44.100000	0.600000	39.027903	265.252160
44.100000	0.700000	39.027903	244.775440
44.100000	0.800000	39.027903	227.848627
44.100000	0.900000	39.027903	213.627474
44.100000	1.000000	23.134313	204.397860
44.200000	0.000000	31.971197	1480.235445
44.200000	0.100000	38.339834	478.000616
44.200000	0.200000	39.659966	372.207481
44.200000	0.300000	19.033903	326.490236
44.200000	0.400000	19.033903	292.100119
44.200000	0.500000	19.969997	270.379319
44.200000	0.600000	19.969997	250.605606
44.200000	0.700000	19.969997	233.115627
44.200000	0.800000	19.969997	217.864571
44.200000	0.900000	19.969997	204.640994
44.200000	1.000000	23.134313	198.065353
44.300000	0.000000	32.583258	1553.151611
44.300000	0.100000	39.479948	568.713547
44.300000	0.200000	18.541854	414.184004
44.300000	0.300000	19.669967	343.302639
44.300000	0.400000	26.706671	305.180108
44.300000	0.500000	26.706671	281.366653
44.300000	0.600000	26.706671	261.368070
44.300000	0.700000	26.706671	244.347663
44.300000	0.800000	26.706671	229.703583
44.300000	0.900000	26.706671	216.988064
44.300000	1.000000	26.706671	205.855304
44.400000	0.000000	12.229223	1954.772331
44.400000	0.100000	13.681368	630.382982
44.400000	0.200000	26.698670	450.607764
44.400000	0.300000	26.698670	374.417350
44.400000	0.400000	26.698670	328.848257
44.400000	0.500000	26.730673	299.160457
44.400000	0.600000	26.730673	276.311521
44.400000	0.700000	26.730673	257.575761
44.400000	0.800000	26.730673	241.786195
44.400000	0.900000	26.730673	228.227057
44.400000	1.000000	26.730673	216.416921
44.500000	0.000000	0.076008	1193.960460
44.500000	0.100000	2.064206	595.158414
44.500000	0.200000	2.064206	421.199093
44.500000	0.300000	2.064206	337.357422
44.500000	0.400000	27.014701	293.489691
44.500000	0.500000	27.014701	275.083284
44.500000	0.600000	27.014701	259.988565
44.500000	0.700000	27.014701	247.195373
44.500000	0.800000	27.014701	236.091161
44.500000	0.900000	27.014701	226.298143
44.500000	1.000000	27.014701	217.565754
44.600000	0.000000	16.693669	1569.044391
44.600000	0.100000	16.761676	566.011195
44.600000	0.200000	16.773677	416.638433
44.600000	0.300000	16.773677	347.366766
44.600000	0.400000	18.533853	305.129799
44.600000	0.500000	18.533853	273.778983
44.600000	0.600000	27.014701	249.135352
44.600000	0.700000	27.014701	238.910680
44.600000	0.800000	27.014701	230.164191
44.600000	0.900000	27.014701	222.365439
44.600000	1.000000	27.014701	215.250328
44.700000	0.000000	30.047005	1348.437501
44.700000	0.100000	17.397740	567.321791
44.700000	0.200000	17.397740	445.452222
44.700000	0.300000	17.385739	374.045229
44.700000	0.400000	17.385739	320.697242
44.700000	0.500000	30.059006	290.881874
44.700000	0.600000	30.059006	270.373280
44.700000	0.700000	30.059006	252.690466
44.700000	0.800000	30.059006	237.269367
44.700000	0.900000	30.059006	223.704597
44.700000	1.000000	30.059006	211.688474
44.800000	0.000000	9.872987	1603.111810
44.800000	0.100000	11.121112	569.232570
44.800000	0.200000	26.426643	407.565477
44.800000	0.300000	30.027003	353.178030
44.800000	0.400000	30.027003	319.805778
44.800000	0.500000	30.027003	291.967035
44.800000	0.600000	30.027003	269.032252
44.800000	0.700000	30.027003	250.036050
44.800000	0.800000	30.027003	234.066843
44.800000	0.900000	30.027003	220.411575
44.800000	1.000000	30.027003	208.550717
44.900000	0.000000	10.717072	1524.447342
44.900000	0.100000	31.459146	733.365787
44.900000	0.200000	32.907291	527.703405
44.900000	0.300000	32.907291	425.030574
44.900000	0.400000	32.907291	358.760596
44.900000	0.500000	32.907291	313.097341
44.900000	0.600000	32.907291	279.866869
44.900000	0.700000	32.907291	254.545895
44.900000	0.800000	33.007301	234.835534
44.900000	0.900000	33.007301	219.034272
44.900000	1.000000	33.007301	205.807043
45.000000	0.000000	16.473647	1447.402791
45.000000	0.100000	11.013101	588.817134
45.000000	0.200000	28.674867	434.905027
45.000000	0.300000	28.674867	360.922220
45.000000	0.400000	3.308331	315.769824
45.000000	0.500000	3.308331	284.437936
45.000000	0.600000	3.308331	259.775762
45.000000	0.700000	33.019302	240.425266
45.000000	0.800000	33.019302	226.824582
45.000000	0.900000	33.019302	214.809211
45.000000	1.000000	33.019302	204.133944
45.100000	0.000000	19.161916	1470.950936
45.100000	0.100000	22.246225	546.049194
45.100000	0.200000	9.776978	422.690029
45.100000	0.300000	9.776978	362.215181
45.100000	0.400000	9.788979	313.006346
45.100000	0.500000	14.537454	280.663213
45.100000	0.600000	14.537454	259.442185
45.100000	0.700000	14.549455	240.919010
45.100000	0.800000	13.545355	230.237807
45.100000	0.900000	13.545355	221.650988
45.100000	1.000000	13.545355	213.564166
45.200000	0.000000	15.705571	1092.815287
45.200000	0.100000	11.101110	576.094280
45.200000	0.200000	11.101110	473.279899
45.200000	0.300000	13.557356	410.607885
45.200000	0.400000	13.557356	371.038966
45.200000	0.500000	13.557356	338.288550
45.200000	0.600000	13.557356	311.456654
45.200000	0.700000	13.557356	289.143888
45.200000	0.800000	13.557356	270.258060
45.200000	0.900000	13.557356	254.027741
45.200000	1.000000	13.557356	239.907719
45.300000	0.000000	2.608261	1249.041108
45.300000	0.100000	7.972797	698.329987
45.300000	0.200000	7.972797	529.054043
45.300000	0.300000	7.972797	432.277961
45.300000	0.400000	7.960796	369.289553
45.300000	0.500000	13.581358	343.029740
45.300000	0.600000	13.581358	321.023601
45.300000	0.700000	13.581358	300.834363
45.300000	0.800000	13.581358	282.651504
45.300000	0.900000	13.581358	266.423595
45.300000	1.000000	13.581358	251.992180
45.400000	0.000000	6.896690	1581.520760
45.400000	0.100000	13.573357	608.591579
45.400000	0.200000	13.573357	456.089586
45.400000	0.300000	13.561356	387.955951
45.400000	0.400000	13.561356	344.735017
45.400000	0.500000	13.561356	311.468726
45.400000	0.600000	13.549355	285.888850
45.400000	0.700000	13.549355	266.456769
45.400000	0.800000	13.549355	249.805787
45.400000	0.900000	13.549355	235.383405
45.400000	1.000000	13.549355	222.780028
45.500000	0.000000	33.591359	1769.162553
45.500000	0.100000	34.083408	532.636636
45.500000	0.200000	34.083408	391.134264
45.500000	0.300000	34.083408	327.497405
45.500000	0.400000	34.127413	287.610924
45.500000	0.500000	34.127413	259.041072
45.500000	0.600000	14.137414	239.746882
45.500000	0.700000	27.006701	232.054756
45.500000	0.800000	27.006701	224.662410
45.500000	0.900000	27.006701	217.569158
45.500000	1.000000	27.006701	210.809520
45.600000	0.000000	14.449445	1685.448614
45.600000	0.100000	20.054005	641.201185
45.600000	0.200000	30.431043	446.300562
45.600000	0.300000	31.495150	358.673816
45.600000	0.400000	31.495150	312.024017
45.600000	0.500000	31.495150	279.727829
45.600000	0.600000	31.495150	256.108974
45.600000	0.700000	27.062706	240.400212
45.600000	0.800000	27.062706	232.467669
45.600000	0.900000	27.062706	225.228850
45.600000	1.000000	27.062706	218.459907
45.700000	0.000000	10.737074	1617.158728
45.700000	0.100000	22.182218	710.285929
45.700000	0.200000	26.810681	492.513206
45.700000	0.300000	27.062706	397.697576
45.700000	0.400000	27.062706	346.127799
45.700000	0.500000	27.062706	311.154115
45.700000	0.600000	27.062706	285.599687
45.700000	0.700000	27.062706	265.939773
45.700000	0.800000	27.062706	250.213963
45.700000	0.900000	27.118712	238.217102
45.700000	1.000000	27.118712	228.190640
45.800000	0.000000	10.705071	1588.525552
45.800000	0.100000	29.014901	590.834544
45.800000	0.200000	30.435044	443.634478
45.800000	0.300000	30.467047	366.505349
45.800000	0.400000	30.467047	317.365724
45.800000	0.500000	30.455046	284.572096
45.800000	0.600000	30.455046	262.138201
45.800000	0.700000	21.662166	248.831325
45.800000	0.800000	21.662166	236.602093
45.800000	0.900000	21.662166	225.384988
45.800000	1.000000	27.118712	217.698072
45.900000	0.000000	4.332433	1355.419807
45.900000	0.100000	21.414141	610.031767
45.900000	0.200000	21.674167	464.876929
45.900000	0.300000	21.674167	389.469703
45.900000	0.400000	21.674167	342.118551
45.900000	0.500000	21.674167	309.631344
45.900000	0.600000	21.674167	285.538961
45.900000	0.700000	21.674167	266.551104
45.900000	0.800000	21.674167	250.905546
45.900000	0.900000	21.674167	237.602256
45.900000	1.000000	21.674167	226.038155
46.000000	0.000000	31.775178	1337.271279
46.000000	0.100000	18.785879	549.597715
46.000000	0.200000	24.326433	410.562203
46.000000	0.300000	24.326433	356.332260
46.000000	0.400000	24.326433	311.421997
46.000000	0.500000	24.326433	275.972554
46.000000	0.600000	21.610161	259.292940
46.000000	0.700000	21.610161	246.372149
46.000000	0.800000	21.610161	234.723734
46.000000	0.900000	21.686169	224.677321
46.000000	1.000000	21.686169	216.332073
46.100000	0.000000	6.536654	1571.207541
46.100000	0.100000	30.039004	609.668723
46.100000	0.200000	34.343434	464.564835
46.100000	0.300000	34.667467	406.798436
46.100000	0.400000	34.667467	366.966963
46.100000	0.500000	34.667467	332.367889
46.100000	0.600000	34.667467	303.805595
46.100000	0.700000	34.667467	280.339138
46.100000	0.800000	34.667467	260.890796
46.100000	0.900000	34.667467	244.570081
46.100000	1.000000	34.667467	230.693916
46.200000	0.000000	37.123712	1152.471317
46.200000	0.100000	36.623662	476.424029
46.200000	0.200000	30.707071	407.475273
46.200000	0.300000	30.707071	357.514186
46.200000	0.400000	30.695070	317.903715
46.200000	0.500000	34.463446	294.665817
46.200000	0.600000	34.463446	277.077352
46.200000	0.700000	34.463446	260.448760
46.200000	0.800000	34.679468	246.707425
46.200000	0.900000	34.679468	235.555713
46.200000	1.000000	34.679468	225.206473
46.300000	0.000000	5.404540	1258.257601
46.300000	0.100000	29.486949	554.081666
46.300000	0.200000	30.611061	424.035043
46.300000	0.300000	30.655066	356.697223
46.300000	0.400000	30.655066	310.647066
46.300000	0.500000	34.519452	278.717620
46.300000	0.600000	34.691469	261.194484
46.300000	0.700000	34.691469	249.001682
46.300000	0.800000	34.691469	238.598223
46.300000	0.900000	34.691469	229.268552
46.300000	1.000000	34.691469	220.651983
46.400000	0.000000	38.099810	1675.952737
46.400000	0.100000	34.503450	517.197855
46.400000	0.200000	34.515452	398.763442
46.400000	0.300000	18.513851	332.602886
46.400000	0.400000	34.495450	297.649091
46.400000	0.500000	34.507451	273.725463
46.400000	0.600000	34.671467	263.894145
46.400000	0.700000	34.671467	255.942511
46.400000	0.800000	34.671467	247.182953
46.400000	0.900000	34.671467	238.155154
46.400000	1.000000	34.671467	229.192002
46.500000	0.000000	29.702970	1519.715392
46.500000	0.100000	34.671467	625.591410
46.500000	0.200000	34.671467	476.035392
46.500000	0.300000	34.671467	407.050163
46.500000	0.400000	34.671467	361.572385
46.500000	0.500000	34.671467	327.856730
46.500000	0.600000	34.671467	301.422598
46.500000	0.700000	34.671467	279.965337
46.500000	0.800000	34.671467	262.108045
46.500000	0.900000	34.671467	246.954506
46.500000	1.000000	34.671467	233.889866
46.600000	0.000000	19.121912	1792.827740
46.600000	0.100000	35.107511	649.399800
46.600000	0.200000	34.579458	476.106233
46.600000	0.300000	34.567457	407.323544
46.600000	0.400000	34.567457	364.995516
46.600000	0.500000	34.567457	331.973727
46.600000	0.600000	34.567457	305.211886
46.600000	0.700000	34.567457	282.932044
46.600000	0.800000	34.567457	264.016432
46.600000	0.900000	34.567457	247.716109
46.600000	1.000000	34.567457	233.503384
46.700000	0.000000	1.180118	1722.211673
46.700000	0.100000	8.268827	687.238318
46.700000	0.200000	24.798480	471.383329
46.700000	0.300000	25.130513	379.417126
46.700000	0.400000	14.481448	324.732486
46.700000	0.500000	14.513451	297.981625
46.700000	0.600000	14.513451	277.631901
46.700000	0.700000	14.513451	260.757930
46.700000	0.800000	14.513451	246.193261
46.700000	0.900000	14.513451	233.324166
46.700000	1.000000	14.513451	221.790495
46.800000	0.000000	14.513451	1488.061120
46.800000	0.100000	38.915892	678.519336
46.800000	0.200000	38.915892	483.826567
46.800000	0.300000	22.622262	397.992736
46.800000	0.400000	22.622262	351.517606
46.800000	0.500000	22.622262	315.383409
46.800000	0.600000	22.622262	286.513997
46.800000	0.700000	22.622262	262.958632
46.800000	0.800000	25.390539	246.798010
46.800000	0.900000	25.390539	233.571262
46.800000	1.000000	25.390539	221.910496
46.900000	0.000000	39.451945	1499.418276
46.900000	0.100000	18.829883	594.633262
46.900000	0.200000	19.233923	450.888771
46.900000	0.300000	19.233923	372.174477
46.900000	0.400000	13.993399	321.651789
46.900000	0.500000	13.993399	292.371713
46.900000	0.600000	13.993399	268.603350
46.900000	0.700000	25.390539	249.625815
46.900000	0.800000	25.390539	238.592737
46.900000	0.900000	20.222022	230.185390
46.900000	1.000000	20.222022	224.553351
47.000000	0.000000	13.573357	1700.003744
47.000000	0.100000	25.318532	698.312815
47.000000	0.200000	25.318532	520.550427
47.000000	0.300000	25.318532	431.405252
47.000000	0.400000	25.318532	373.859523
47.000000	0.500000	25.318532	333.216153
47.000000	0.600000	25.318532	302.698668
47.000000	0.700000	25.318532	278.642396
47.000000	0.800000	25.318532	258.940627
47.000000	0.900000	20.222022	242.809535
47.000000	1.000000	20.222022	235.438685
47.100000	0.000000	4.844484	2040.711779
47.100000	0.100000	24.706471	778.727672
47.100000	0.200000	24.706471	559.995205
47.100000	0.300000	24.758476	456.539134
47.100000	0.400000	24.758476	390.515480
47.100000	0.500000	25.310531	346.638925
47.100000	0.600000	25.310531	314.901696
47.100000	0.700000	25.310531	289.077590
47.100000	0.800000	25.310531	267.530383
47.100000	0.900000	25.310531	249.253988
47.100000	1.000000	25.310531	233.559336
47.200000	0.000000	39.983998	1726.289288
47.200000	0.100000	23.310331	649.133743
47.200000	0.200000	23.502350	481.028434
47.200000	0.300000	24.698470	392.694091
47.200000	0.400000	24.698470	342.735161
47.200000	0.500000	24.698470	305.491249
47.200000	0.600000	24.718472	278.712006
47.200000	0.700000	24.718472	257.360768
47.200000	0.800000	24.686469	239.321998
47.200000	0.900000	20.202020	234.815374
47.200000	1.000000	20.202020	232.028958
47.300000	0.000000	38.503850	1525.964179
47.300000	0.100000	29.054905	606.487481
47.300000	0.200000	29.054905	429.117815
47.300000	0.300000	11.949195	343.825271
47.300000	0.400000	11.949195	302.052053
47.300000	0.500000	11.685169	272.403970
47.300000	0.600000	11.685169	248.910836
47.300000	0.700000	20.202020	245.072086
47.300000	0.800000	20.202020	241.995646
47.300000	0.900000	20.202020	238.939096
47.300000	1.000000	20.202020	235.947977
47.400000	0.000000	2.096210	1243.708983
47.400000	0.100000	2.096210	604.483707
47.400000	0.200000	33.943394	444.377766
47.400000	0.300000	33.943394	384.584332
47.400000	0.400000	33.975398	340.974083
47.400000	0.500000	33.975398	306.634360
47.400000	0.600000	34.671467	283.992760
47.400000	0.700000	34.671467	266.420136
47.400000	0.800000	34.671467	251.237801
47.400000	0.900000	20.202020	243.958601
47.400000	1.000000	20.202020	239.851962
47.500000	0.000000	11.033103	1333.717248
47.500000	0.100000	26.558656	543.611659
47.500000	0.200000	26.558656	407.252251
47.500000	0.300000	33.851385	359.112489
47.500000	0.400000	33.851385	329.311389
47.500000	0.500000	33.851385	300.694522
47.500000	0.600000	34.631463	281.230259
47.500000	0.700000	34.631463	266.460171
47.500000	0.800000	34.631463	252.452069
47.500000	0.900000	34.631463	239.432073
47.500000	1.000000	20.214021	235.233041
47.600000	0.000000	8.124812	1563.345084
47.600000	0.100000	12.621262	656.596877
47.600000	0.200000	12.621262	474.074586
47.600000	0.300000	12.621262	376.121318
47.600000	0.400000	34.643464	330.099485
47.600000	0.500000	34.643464	306.830248
47.600000	0.600000	34.643464	286.266482
47.600000	0.700000	34.643464	268.270564
47.600000	0.800000	34.643464	252.450126
47.600000	0.900000	34.643464	238.433004
47.600000	1.000000	20.214021	235.361507
47.700000	0.000000	29.126913	1361.922204
47.700000	0.100000	29.022902	569.787116
47.700000	0.200000	29.022902	450.902769
47.700000	0.300000	29.274927	382.063288
47.700000	0.400000	29.274927	333.648042
47.700000	0.500000	29.274927	298.092870
47.700000	0.600000	29.274927	271.354540
47.700000	0.700000	34.623462	252.221929
47.700000	0.800000	20.214021	238.596604
47.700000	0.900000	20.214021	236.904399
47.700000	1.000000	20.214021	235.472228
47.800000	0.000000	34.447445	1447.314653
47.800000	0.100000	34.551455	551.897742
47.800000	0.200000	34.635464	422.954098
47.800000	0.300000	34.635464	368.008443
47.800000	0.400000	34.635464	328.688141
47.800000	0.500000	37.383738	299.095061
47.800000	0.600000	37.383738	275.722730
47.800000	0.700000	37.383738	255.154190
47.800000	0.800000	20.082008	240.809885
47.800000	0.900000	20.082008	237.022011
47.800000	1.000000	20.082008	233.921882
47.900000	0.000000	36.019602	1674.464002
47.900000	0.100000	37.407741	790.189349
47.900000	0.200000	37.375738	578.590799
47.900000	0.300000	37.375738	465.031266
47.900000	0.400000	37.375738	391.047847
47.900000	0.500000	37.427743	339.659111
47.900000	0.600000	37.395740	302.477934
47.900000	0.700000	37.395740	274.912977
47.900000	0.800000	37.395740	253.064807
47.900000	0.900000	20.202020	242.100466
47.900000	1.000000	20.202020	241.725048
48.000000	0.000000	39.991999	1303.645183
48.000000	0.100000	39.823982	559.339121
48.000000	0.200000	39.811981	424.594370
48.000000	0.300000	20.202020	370.826788
48.000000	0.400000	20.202020	341.644912
48.000000	0.500000	20.202020	320.159122
48.000000	0.600000	20.202020	304.086274
48.000000	0.700000	20.202020	291.858815
48.000000	0.800000	20.202020	282.395699
48.000000	0.900000	20.202020	274.930788
48.000000	1.000000	20.214021	269.740732
48.100000	0.000000	34.187419	1396.218787
48.100000	0.100000	16.869687	627.257933
48.100000	0.200000	17.493749	471.840015
48.100000	0.300000	20.082008	392.742826
48.100000	0.400000	20.082008	351.541352
48.100000	0.500000	20.082008	325.551041
48.100000	0.600000	20.082008	308.404895
48.100000	0.700000	20.082008	296.585115
48.100000	0.800000	20.214021	292.042917
48.100000	0.900000	20.214021	288.452694
48.100000	1.000000	20.214021	285.417192
48.200000	0.000000	9.784978	1617.450912
48.200000	0.100000	7.904790	684.797931
48.200000	0.200000	7.904790	510.306624
48.200000	0.300000	7.872787	420.039069
48.200000	0.400000	7.872787	362.297160
48.200000	0.500000	7.872787	320.272017
48.200000	0.600000	20.214021	306.326557
48.200000	0.700000	20.214021	303.663502
48.200000	0.800000	20.214021	301.586243
48.200000	0.900000	20.214021	299.703865
48.200000	1.000000	20.214021	297.860696
48.300000	0.000000	4.376438	1365.297887
48.300000	0.100000	5.224522	604.308534
48.300000	0.200000	5.296530	444.625871
48.300000	0.300000	20.162016	399.983090
48.300000	0.400000	20.162016	373.144392
48.300000	0.500000	20.162016	354.964009
48.300000	0.600000	20.214021	343.912959
48.300000	0.700000	20.214021	335.971461
48.300000	0.800000	20.194019	329.699026
48.300000	0.900000	20.194019	324.590346
48.300000	1.000000	20.194019	320.140852
48.400000	0.000000	38.403840	1548.997177
48.400000	0.100000	38.639864	576.816285
48.400000	0.200000	20.082008	443.405454
48.400000	0.300000	20.082008	421.515070
48.400000	0.400000	20.082008	404.272112
48.400000	0.500000	20.082008	390.480157
48.400000	0.600000	20.082008	379.077331
48.400000	0.700000	20.082008	369.368967
48.400000	0.800000	20.082008	360.906328
48.400000	0.900000	20.082008	353.390040
48.400000	1.000000	20.082008	346.612714
48.500000	0.000000	20.142014	1387.072280
48.500000	0.100000	20.214021	573.675162
48.500000	0.200000	20.082008	477.974469
48.500000	0.300000	20.082008	451.693081
48.500000	0.400000	20.082008	432.620493
48.500000	0.500000	20.082008	416.799749
48.500000	0.600000	20.082008	403.420254
48.500000	0.700000	20.082008	391.970325
48.500000	0.800000	20.082008	382.026945
48.500000	0.900000	20.094009	373.810386
48.500000	1.000000	20.094009	368.343187
48.600000	0.000000	28.798880	2183.525999
48.600000	0.100000	28.614861	643.282688
48.600000	0.200000	19.705971	494.707984
48.600000	0.300000	19.797980	452.133187
48.600000	0.400000	19.837984	427.090117
48.600000	0.500000	20.094009	416.466188
48.600000	0.600000	20.094009	409.855571
48.600000	0.700000	20.094009	403.742567
48.600000	0.800000	20.094009	398.220099
48.600000	0.900000	20.094009	393.217037
48.600000	1.000000	20.094009	388.641720
48.700000	0.000000	21.690169	1351.392320
48.700000	0.100000	21.822182	637.274367
48.700000	0.200000	20.074007	511.724926
48.700000	0.300000	20.074007	476.571872
48.700000	0.400000	20.074007	456.281217
48.700000	0.500000	20.074007	442.856676
48.700000	0.600000	20.074007	432.925145
48.700000	0.700000	20.074007	424.963513
48.700000	0.800000	20.074007	418.221145
48.700000	0.900000	20.074007	412.299073
48.700000	1.000000	20.094009	407.242844
48.800000	0.000000	12.317232	1113.078000
48.800000	0.100000	14.009401	671.450050
48.800000	0.200000	19.705971	568.339477
48.800000	0.300000	20.034003	523.637059
48.800000	0.400000	20.034003	498.920570
48.800000	0.500000	20.034003	480.106174
48.800000	0.600000	20.034003	465.191637
48.800000	0.700000	20.034003	453.113511
48.800000	0.800000	20.034003	443.163395
48.800000	0.900000	20.034003	434.825744
48.800000	1.000000	20.034003	427.717097
48.900000	0.000000	29.894989	1487.477667
48.900000	0.100000	18.337834	647.556406
48.900000	0.200000	19.829983	531.868878
48.900000	0.300000	19.829983	502.701123
48.900000	0.400000	19.829983	480.622358
48.900000	0.500000	19.993999	468.293500
48.900000	0.600000	19.993999	459.099416
48.900000	0.700000	19.993999	451.315198
48.900000	0.800000	19.993999	444.576385
48.900000	0.900000	19.993999	438.643187
48.900000	1.000000	20.034003	433.810689
49.000000	0.000000	24.646465	1790.643763
49.000000	0.100000	19.717972	615.494982
49.000000	0.200000	19.717972	490.370292
49.000000	0.300000	20.622062	468.740315
49.000000	0.400000	20.674067	458.925096
49.000000	0.500000	20.674067	450.415602
49.000000	0.600000	20.674067	442.270816
49.000000	0.700000	19.993999	434.623345
49.000000	0.800000	19.993999	435.014295
49.000000	0.900000	19.993999	435.136981
49.000000	1.000000	19.993999	434.974335
49.100000	0.000000	2.244224	1969.632622
49.100000	0.100000	11.001100	689.766520
49.100000	0.200000	20.582058	559.002148
49.100000	0.300000	20.502050	528.961433
49.100000	0.400000	20.654065	512.208911
49.100000	0.500000	20.654065	498.714376
49.100000	0.600000	20.654065	487.385860
49.100000	0.700000	20.654065	477.546920
49.100000	0.800000	20.654065	468.744651
49.100000	0.900000	20.654065	460.679394
49.100000	1.000000	20.654065	453.155284
49.200000	0.000000	7.552755	1489.227090
49.200000	0.100000	7.552755	660.576825
49.200000	0.200000	20.082008	548.457382
49.200000	0.300000	20.514051	535.241828
49.200000	0.400000	20.514051	542.538963
49.200000	0.500000	20.514051	542.493046
49.200000	0.600000	20.514051	538.357066
49.200000	0.700000	20.514051	532.103548
49.200000	0.800000	20.514051	524.834742
49.200000	0.900000	20.514051	517.149840
49.200000	1.000000	20.514051	509.367261
49.300000	0.000000	7.912791	1506.222188
49.300000	0.100000	20.222022	955.449042
49.300000	0.200000	20.262026	803.700383
49.300000	0.300000	20.514051	718.879120
49.300000	0.400000	20.514051	671.793063
49.300000	0.500000	20.514051	639.701138
49.300000	0.600000	20.094009	620.502627
49.300000	0.700000	20.094009	617.916330
49.300000	0.800000	20.094009	614.899207
49.300000	0.900000	20.094009	611.494348
49.300000	1.000000	20.094009	607.751211
49.400000	0.000000	32.707271	1678.586248
49.400000	0.100000	19.709971	881.388085
49.400000	0.200000	19.709971	867.729800
49.400000	0.300000	20.034003	833.617620
49.400000	0.400000	20.034003	811.733253
49.400000	0.500000	20.034003	792.112402
49.400000	0.600000	20.034003	775.172601
49.400000	0.700000	20.034003	760.464885
49.400000	0.800000	20.034003	747.419034
49.400000	0.900000	20.034003	735.538848
49.400000	1.000000	20.034003	724.439104
49.500000	0.000000	20.302030	1433.477002
49.500000	0.100000	19.709971	941.361540
49.500000	0.200000	20.034003	907.037921
49.500000	0.300000	19.993999	903.978291
49.500000	0.400000	19.993999	898.895206
49.500000	0.500000	20.034003	891.524701
49.500000	0.600000	20.034003	883.243307
49.500000	0.700000	20.034003	873.590472
49.500000	0.800000	20.034003	862.734198
49.500000	0.900000	20.034003	850.838887
49.500000	1.000000	20.034003	838.062809
49.600000	0.000000	13.733373	1800.591123
49.600000	0.100000	21.354135	1008.904837
49.600000	0.200000	19.993999	1017.761857
49.600000	0.300000	19.993999	1050.765232
49.600000	0.400000	19.993999	1062.424989
49.600000	0.500000	19.993999	1061.443826
49.600000	0.600000	19.993999	1052.661358
49.600000	0.700000	19.993999	1038.802228
49.600000	0.800000	19.993999	1021.478469
49.600000	0.900000	20.034003	1001.771954
49.600000	1.000000	20.034003	980.628331
49.700000	0.000000	9.480948	2116.713560
49.700000	0.100000	19.721972	1531.886515
49.700000	0.200000	19.993999	1521.582042
49.700000	0.300000	19.993999	1489.063914
49.700000	0.400000	19.993999	1445.724092
49.700000	0.500000	19.993999	1398.959607
49.700000	0.600000	19.993999	1351.229460
49.700000	0.700000	19.993999	1303.401499
49.700000	0.800000	19.993999	1255.900394
49.700000	0.900000	19.993999	1209.029278
49.700000	1.000000	19.993999	1163.045079
49.800000	0.000000	0.456046	2951.150184
49.800000	0.100000	19.913991	2188.826591
49.800000	0.200000	19.913991	2085.354676
49.800000	0.300000	19.993999	1972.547813
49.800000	0.400000	19.993999	1861.913373
49.800000	0.500000	20.006001	1767.725727
49.800000	0.600000	20.006001	1711.604612
49.800000	0.700000	20.006001	1653.636620
49.800000	0.800000	20.006001	1594.968726
49.800000	0.900000	20.006001	1536.547138
49.800000	1.000000	20.006001	1479.112640
49.900000	0.000000	17.629763	3667.557118
49.900000	0.100000	19.985999	3157.902600
49.900000	0.200000	19.985999	3014.362660
49.900000	0.300000	19.985999	2817.563973
49.900000	0.400000	20.006001	2619.383531
49.900000	0.500000	20.006001	2432.936642
49.900000	0.600000	20.006001	2261.772688
49.900000	0.700000	20.006001	2106.657072
49.900000	0.800000	20.006001	1966.940719
49.900000	0.900000	20.006001	1841.387807
49.900000	1.000000	20.006001	1728.572299
50.000000	0.000000	4.988499	5687.213958
50.000000	0.100000	19.998000	4769.948467
50.000000	0.200000	19.998000	4084.199329
50.000000	0.300000	19.998000	3563.656889
50.000000	0.400000	19.998000	3159.790329
50.000000	0.500000	19.998000	2838.161048
50.000000	0.600000	19.998000	2576.372001
50.000000	0.700000	19.998000	2359.302331
50.000000	0.800000	19.998000	2176.427877
50.000000	0.900000	19.998000	2020.241274
50.000000	1.000000	19.998000	1885.267609
50.100000	0.000000	9.980998	3280.327923
50.100000	0.100000	19.989999	2925.089350
50.100000	0.200000	19.989999	2806.698817
50.100000	0.300000	19.989999	2643.197410
50.100000	0.400000	19.989999	2468.062627
50.100000	0.500000	19.989999	2297.465349
50.100000	0.600000	19.989999	2138.116720
50.100000	0.700000	19.989999	1992.235611
50.100000	0.800000	19.989999	1859.972321
50.100000	0.900000	19.989999	1740.565149
50.100000	1.000000	19.989999	1632.896860
50.200000	0.000000	9.980998	2799.589368
50.200000	0.100000	19.941994	1952.354218
50.200000	0.200000	19.941994	1806.240870
50.200000	0.300000	19.941994	1714.306530
50.200000	0.400000	19.989999	1642.704053
50.200000	0.500000	19.989999	1612.630735
50.200000	0.600000	19.989999	1574.243353
50.200000	0.700000	19.989999	1530.387877
50.200000	0.800000	19.989999	1483.206043
50.200000	0.900000	19.989999	1434.292171
50.200000	1.000000	19.989999	1384.824142
50.300000	0.000000	0.448045	1792.324592
50.300000	0.100000	19.941994	1467.645845
50.300000	0.200000	19.941994	1384.982305
50.300000	0.300000	19.941994	1319.605672
50.300000	0.400000	19.941994	1267.765959
50.300000	0.500000	20.002000	1223.393611
50.300000	0.600000	20.002000	1182.056528
50.300000	0.700000	19.989999	1145.471869
50.300000	0.800000	19.989999	1131.928494
50.300000	0.900000	19.989999	1116.323001
50.300000	1.000000	19.989999	1098.810159
50.400000	0.000000	21.142114	1809.352935
50.400000	0.100000	21.034103	939.082413
50.400000	0.200000	19.981998	970.109356
50.400000	0.300000	20.002000	979.434134
50.400000	0.400000	20.002000	977.165669
50.400000	0.500000	20.002000	968.796356
50.400000	0.600000	20.002000	956.384230
50.400000	0.700000	20.002000	941.065284
50.400000	0.800000	20.002000	923.611770
50.400000	0.900000	20.002000	904.591898
50.400000	1.000000	20.002000	884.439712
50.500000	0.000000	2.112211	1729.850425
50.500000	0.100000	19.941994	943.746764
50.500000	0.200000	19.941994	908.634322
50.500000	0.300000	19.981998	881.456578
50.500000	0.400000	20.002000	860.392733
50.500000	0.500000	20.002000	843.004791
50.500000	0.600000	20.002000	827.532612
50.500000	0.700000	20.002000	813.256402
50.500000	0.800000	20.002000	799.615154
50.500000	0.900000	20.002000	786.225436
50.500000	1.000000	20.002000	772.848575
50.600000	0.000000	6.148615	1985.707770
50.600000	0.100000	18.953895	781.825406
50.600000	0.200000	20.002000	705.706622
50.600000	0.300000	20.002000	699.047385
50.600000	0.400000	20.002000	699.360951
50.600000	0.500000	20.002000	699.053088
50.600000	0.600000	20.002000	697.097352
50.600000	0.700000	20.002000	693.641529
50.600000	0.800000	20.002000	688.965390
50.600000	0.900000	20.002000	683.300907
50.600000	1.000000	20.002000	676.821714
50.700000	0.000000	31.219122	1186.277083
50.700000	0.100000	18.157816	629.071378
50.700000	0.200000	19.981998	638.878465
50.700000	0.300000	19.981998	635.098697
50.700000	0.400000	19.981998	629.452601
50.700000	0.500000	20.002000	624.766832
50.700000	0.600000	20.002000	621.594239
50.700000	0.700000	20.002000	618.522072
50.700000	0.800000	20.002000	615.247011
50.700000	0.900000	20.002000	611.607310
50.700000	1.000000	20.002000	607.530447
50.800000	0.000000	33.543354	1431.988884
50.800000	0.100000	33.011301	653.147643
50.800000	0.200000	20.002000	602.696472
50.800000	0.300000	20.002000	592.550538
50.800000	0.400000	20.002000	584.887404
50.800000	0.500000	20.002000	579.810363
50.800000	0.600000	20.002000	575.960652
50.800000	0.700000	20.002000	572.538176
50.800000	0.800000	20.002000	569.137994
50.800000	0.900000	20.002000	565.565280
50.800000	1.000000	20.002000	561.734600
50.900000	0.000000	38.863886	1458.468208
50.900000	0.100000	19.981998	551.558934
50.900000	0.200000	19.981998	559.696782
50.900000	0.300000	19.981998	563.554213
50.900000	0.400000	20.002000	562.197000
50.900000	0.500000	20.002000	559.428591
50.900000	0.600000	20.002000	555.031441
50.900000	0.700000	20.002000	549.813651
50.900000	0.800000	20.002000	544.207554
50.900000	0.900000	20.002000	538.453502
50.900000	1.000000	20.002000	532.684212
51.000000	0.000000	31.807181	1575.133895
51.000000	0.100000	19.825983	696.085046
51.000000	0.200000	19.825983	654.088837
51.000000	0.300000	20.002000	619.297880
51.000000	0.400000	20.002000	589.466612
51.000000	0.500000	20.002000	565.215768
51.000000	0.600000	20.002000	545.972673
51.000000	0.700000	20.002000	530.706629
51.000000	0.800000	20.002000	518.441475
51.000000	0.900000	20.002000	508.388551
51.000000	1.000000	20.002000	499.950425
51.100000	0.000000	36.135614	1335.370774
51.100000	0.100000	20.302030	746.873914
51.100000	0.200000	20.302030	609.041565
51.100000	0.300000	20.302030	528.143647
51.100000	0.400000	20.242024	478.456757
51.100000	0.500000	20.182018	450.666494
51.100000	0.600000	20.182018	434.519164
51.100000	0.700000	20.002000	431.088248
51.100000	0.800000	20.002000	434.516747
51.100000	0.900000	20.002000	436.151797
51.100000	1.000000	20.002000	436.556952
51.200000	0.000000	39.907991	1681.782578
51.200000	0.100000	39.891989	623.574364
51.200000	0.200000	39.891989	450.809281
51.200000	0.300000	20.002000	416.667289
51.200000	0.400000	20.002000	404.872614
51.200000	0.500000	20.002000	398.786686
51.200000	0.600000	20.002000	396.389193
51.200000	0.700000	20.002000	395.989709
51.200000	0.800000	20.002000	396.476697
51.200000	0.900000	20.002000	397.204091
51.200000	1.000000	20.002000	397.829173
51.300000	0.000000	35.923592	1276.984883
51.300000	0.100000	5.556556	484.473179
51.300000	0.200000	24.242424	410.827409
51.300000	0.300000	24.242424	372.305648
51.300000	0.400000	20.002000	377.140128
51.300000	0.500000	20.002000	382.011882
51.300000	0.600000	20.002000	383.735817
51.300000	0.700000	20.002000	383.823554
51.300000	0.800000	20.002000	383.121904
51.300000	0.900000	20.002000	382.064147
51.300000	1.000000	20.002000	380.856893
51.400000	0.000000	15.265527	1537.133351
51.400000	0.100000	19.681968	681.739145
51.400000	0.200000	19.681968	520.462294
51.400000	0.300000	19.953995	450.956513
51.400000	0.400000	19.953995	416.566012
51.400000	0.500000	20.002000	397.345750
51.400000	0.600000	20.002000	386.336726
51.400000	0.700000	20.002000	378.811505
51.400000	0.800000	20.002000	373.406402
51.400000	0.900000	20.002000	369.347796
51.400000	1.000000	20.002000	366.164956
51.500000	0.000000	2.516252	1347.270315
51.500000	0.100000	2.556256	512.259217
51.500000	0.200000	18.693869	422.197055
51.500000	0.300000	19.013901	381.194757
51.500000	0.400000	19.013901	353.624238
51.500000	0.500000	20.002000	344.008572
51.500000	0.600000	20.002000	344.365432
51.500000	0.700000	20.002000	344.708402
51.500000	0.800000	20.002000	344.745504
51.500000	0.900000	20.002000	344.450068
51.500000	1.000000	20.002000	343.868807
51.600000	0.000000	39.239924	1433.162159
51.600000	0.100000	7.368737	544.809338
51.600000	0.200000	18.665867	482.900767
51.600000	0.300000	18.685869	440.938015
51.600000	0.400000	18.685869	403.053767
51.600000	0.500000	18.685869	369.425175
51.600000	0.600000	20.002000	346.758102
51.600000	0.700000	20.002000	343.008308
51.600000	0.800000	20.002000	339.975595
51.600000	0.900000	20.002000	337.396944
51.600000	1.000000	20.002000	335.103378
51.700000	0.000000	30.899090	1542.417550
51.700000	0.100000	16.821682	540.499713
51.700000	0.200000	18.609861	526.703481
51.700000	0.300000	18.609861	490.771357
51.700000	0.400000	18.609861	449.261191
51.700000	0.500000	18.609861	409.711861
51.700000	0.600000	18.609861	374.011242
51.700000	0.700000	20.002000	343.772444
51.700000	0.800000	20.002000	338.440825
51.700000	0.900000	20.002000	333.626366
51.700000	1.000000	20.002000	329.325062
51.800000	0.000000	17.077708	1856.717877
51.800000	0.100000	17.289729	892.739420
51.800000	0.200000	17.289729	679.814623
51.800000	0.300000	17.289729	559.586340
51.800000	0.400000	17.289729	476.715199
51.800000	0.500000	17.289729	415.490949
51.800000	0.600000	17.289729	368.537936
51.800000	0.700000	18.553855	333.182670
51.800000	0.800000	20.002000	320.998712
51.800000	0.900000	20.002000	315.482482
51.800000	1.000000	20.002000	311.089192
51.900000	0.000000	13.389339	1330.686177
51.900000	0.100000	20.762076	670.180374
51.900000	0.200000	17.465747	505.103258
51.900000	0.300000	17.957796	443.186216
51.900000	0.400000	17.957796	399.066851
51.900000	0.500000	17.957796	362.659130
51.900000	0.600000	17.957796	331.581945
51.900000	0.700000	17.957796	304.755823
51.900000	0.800000	19.597960	285.939427
51.900000	0.900000	20.002000	281.215566
51.900000	1.000000	20.002000	280.925662
52.000000	0.000000	19.533953	1451.460524
52.000000	0.100000	19.321932	616.047132
52.000000	0.200000	25.082508	447.679007
52.000000	0.300000	25.082508	384.371766
52.000000	0.400000	25.082508	340.452506
52.000000	0.500000	19.617962	319.172748
52.000000	0.600000	19.617962	303.920563
52.000000	0.700000	19.617962	291.692813
52.000000	0.800000	19.617962	281.180881
52.000000	0.900000	19.617962	271.719091
52.000000	1.000000	20.002000	264.160018
52.100000	0.000000	29.842984	1427.399447
52.100000	0.100000	0.040004	647.261641
52.100000	0.200000	3.044304	477.635569
52.100000	0.300000	4.196420	388.810529
52.100000	0.400000	4.196420	346.438375
52.100000	0.500000	4.196420	313.431938
52.100000	0.600000	19.493949	297.561298
52.100000	0.700000	19.493949	286.501232
52.100000	0.800000	19.493949	275.916832
52.100000	0.900000	19.493949	265.702612
52.100000	1.000000	20.002000	259.357377
52.200000	0.000000	0.396040	1617.690031
52.200000	0.100000	1.268127	725.982487
52.200000	0.200000	1.268127	489.505190
52.200000	0.300000	1.296130	377.702934
52.200000	0.400000	19.465947	348.854907
52.200000	0.500000	19.465947	332.601366
52.200000	0.600000	19.465947	316.743123
52.200000	0.700000	19.465947	301.451310
52.200000	0.800000	19.465947	286.972619
52.200000	0.900000	19.465947	273.419881
52.200000	1.000000	20.002000	265.137479
52.300000	0.000000	6.676668	1467.551660
52.300000	0.100000	19.429943	626.928117
52.300000	0.200000	19.457946	514.522172
52.300000	0.300000	19.457946	444.087623
52.300000	0.400000	19.533953	396.854301
52.300000	0.500000	19.533953	362.965383
52.300000	0.600000	19.533953	336.505980
52.300000	0.700000	19.533953	315.040338
52.300000	0.800000	19.533953	297.037378
52.300000	0.900000	19.533953	281.522576
52.300000	1.000000	19.533953	267.864008
52.400000	0.000000	2.424242	1691.600882
52.400000	0.100000	17.241724	613.458491
52.400000	0.200000	17.785779	418.109666
52.400000	0.300000	20.142014	354.144261
52.400000	0.400000	19.429943	323.728293
52.400000	0.500000	19.429943	310.307213
52.400000	0.600000	19.429943	297.063547
52.400000	0.700000	19.429943	283.927516
52.400000	0.800000	19.429943	271.094146
52.400000	0.900000	20.122012	259.678775
52.400000	1.000000	20.122012	253.867745
52.500000	0.000000	31.699170	1424.427376
52.500000	0.100000	6.428643	541.779376
52.500000	0.200000	19.401940	390.114513
52.500000	0.300000	19.401940	357.931532
52.500000	0.400000	19.401940	329.723773
52.500000	0.500000	19.401940	305.991101
52.500000	0.600000	19.401940	285.787990
52.500000	0.700000	19.429943	268.646789
52.500000	0.800000	20.142014	260.685628
52.500000	0.900000	20.142014	256.911289
52.500000	1.000000	20.142014	253.136309
52.600000	0.000000	37.559756	1313.481016
52.600000	0.100000	0.492049	582.039652
52.600000	0.200000	1.120112	451.173993
52.600000	0.300000	1.424142	364.223602
52.600000	0.400000	1.424142	304.864987
52.600000	0.500000	20.142014	280.923534
52.600000	0.600000	20.142014	273.318567
52.600000	0.700000	20.142014	266.845408
52.600000	0.800000	20.142014	261.245811
52.600000	0.900000	20.142014	256.305137
52.600000	1.000000	20.142014	251.865756
52.700000	0.000000	29.822982	1346.954026
52.700000	0.100000	20.854085	479.853094
52.700000	0.200000	32.419242	375.132152
52.700000	0.300000	32.419242	316.574060
52.700000	0.400000	20.142014	285.673592
52.700000	0.500000	20.142014	273.676155
52.700000	0.600000	20.142014	265.089377
52.700000	0.700000	20.142014	258.374945
52.700000	0.800000	20.142014	252.796297
52.700000	0.900000	20.142014	247.961227
52.700000	1.000000	20.142014	243.647403
52.800000	0.000000	4.384438	1072.796140
52.800000	0.100000	4.412441	568.217335
52.800000	0.200000	4.412441	406.000887
52.800000	0.300000	4.336434	335.323545
52.800000	0.400000	4.336434	298.211712
52.800000	0.500000	4.336434	274.242360
52.800000	0.600000	20.182018	261.432636
52.800000	0.700000	20.182018	252.896655
52.800000	0.800000	20.182018	245.786883
52.800000	0.900000	20.182018	239.736925
52.800000	1.000000	20.182018	234.488425
52.900000	0.000000	1.088109	1352.717393
52.900000	0.100000	24.786479	596.702607
52.900000	0.200000	25.070507	450.984650
52.900000	0.300000	25.042504	387.261694
52.900000	0.400000	25.042504	346.719647
52.900000	0.500000	25.042504	316.100143
52.900000	0.600000	25.042504	291.430381
52.900000	0.700000	25.222522	274.648745
52.900000	0.800000	25.222522	260.447622
52.900000	0.900000	25.222522	248.109152
52.900000	1.000000	25.222522	237.246824
53.000000	0.000000	0.040004	1322.150518
53.000000	0.100000	22.074207	661.664231
53.000000	0.200000	24.442444	533.049665
53.000000	0.300000	25.054505	448.057115
53.000000	0.400000	25.110511	395.877786
53.000000	0.500000	25.110511	358.421246
53.000000	0.600000	25.222522	330.181492
53.000000	0.700000	25.222522	309.360976
53.000000	0.800000	25.222522	291.629904
53.000000	0.900000	25.222522	276.231005
53.000000	1.000000	25.222522	262.652114
53.100000	0.000000	37.459746	1540.532947
53.100000	0.100000	6.352635	506.559858
53.100000	0.200000	20.554055	422.283258
53.100000	0.300000	20.554055	378.111419
53.100000	0.400000	24.854485	350.293712
53.100000	0.500000	24.854485	327.873670
53.100000	0.600000	24.854485	307.659248
53.100000	0.700000	25.214521	292.622350
53.100000	0.800000	25.214521	282.343389
53.100000	0.900000	25.214521	271.955744
53.100000	1.000000	25.214521	261.730758
53.200000	0.000000	22.906291	980.640807
53.200000	0.100000	26.882688	482.770069
53.200000	0.200000	26.882688	384.668595
53.200000	0.300000	24.810481	369.847935
53.200000	0.400000	25.130513	351.864204
53.200000	0.500000	25.130513	335.289129
53.200000	0.600000	25.130513	318.168712
53.200000	0.700000	25.130513	301.844775
53.200000	0.800000	25.130513	286.707227
53.200000	0.900000	25.130513	272.802665
53.200000	1.000000	25.130513	260.059465
53.300000	0.000000	2.760276	1792.127804
53.300000	0.100000	20.302030	822.776314
53.300000	0.200000	21.174117	586.117543
53.300000	0.300000	24.870487	487.874552
53.300000	0.400000	24.870487	427.792222
53.300000	0.500000	24.870487	381.648727
53.300000	0.600000	24.870487	345.629432
53.300000	0.700000	24.870487	316.862907
53.300000	0.800000	24.870487	293.357733
53.300000	0.900000	25.094509	274.211126
53.300000	1.000000	25.094509	258.991865
53.400000	0.000000	29.050905	1224.541141
53.400000	0.100000	24.854485	520.830023
53.400000	0.200000	24.854485	465.155865
53.400000	0.300000	24.854485	418.748011
53.400000	0.400000	24.854485	380.754103
53.400000	0.500000	24.854485	349.517024
53.400000	0.600000	24.854485	323.632535
53.400000	0.700000	24.854485	301.996623
53.400000	0.800000	24.854485	283.748575
53.400000	0.900000	24.854485	268.216622
53.400000	1.000000	24.854485	254.874187
53.500000	0.000000	39.519952	1435.813435
53.500000	0.100000	36.039604	502.651581
53.500000	0.200000	36.039604	390.691937
53.500000	0.300000	36.039604	321.536025
53.500000	0.400000	17.081708	297.403653
53.500000	0.500000	17.081708	277.047138
53.500000	0.600000	17.081708	258.887982
53.500000	0.700000	24.854485	252.401135
53.500000	0.800000	24.854485	245.497787
53.500000	0.900000	24.854485	238.366299
53.500000	1.000000	24.854485	231.314889
53.600000	0.000000	15.717572	1348.772652
53.600000	0.100000	20.122012	566.194180
53.600000	0.200000	20.682068	433.983400
53.600000	0.300000	20.682068	366.772784
53.600000	0.400000	20.682068	322.104201
53.600000	0.500000	20.682068	290.675692
53.600000	0.600000	20.682068	267.544994
53.600000	0.700000	20.682068	249.780439
53.600000	0.800000	20.682068	235.606717
53.600000	0.900000	20.682068	223.931057
53.600000	1.000000	20.682068	214.064613
53.700000	0.000000	3.176318	1698.432783
53.700000	0.100000	0.512051	632.272818
53.700000	0.200000	0.484048	446.211853
53.700000	0.300000	34.339434	360.064455
53.700000	0.400000	34.339434	317.873849
53.700000	0.500000	34.339434	284.096319
53.700000	0.600000	25.906591	263.022973
53.700000	0.700000	25.906591	245.540016
53.700000	0.800000	25.906591	229.929179
53.700000	0.900000	34.591459	218.548179
53.700000	1.000000	34.591459	209.300955
53.800000	0.000000	33.011301	1458.863044
53.800000	0.100000	33.691369	609.164194
53.800000	0.200000	26.066607	441.857661
53.800000	0.300000	26.066607	400.556091
53.800000	0.400000	26.318632	358.815123
53.800000	0.500000	26.318632	328.386289
53.800000	0.600000	26.318632	301.987986
53.800000	0.700000	26.318632	279.416613
53.800000	0.800000	26.318632	260.071939
53.800000	0.900000	26.318632	243.361418
53.800000	1.000000	26.318632	228.791503
53.900000	0.000000	12.137214	946.833938
53.900000	0.100000	17.545755	489.532891
53.900000	0.200000	24.854485	399.808147
53.900000	0.300000	26.246625	367.926309
53.900000	0.400000	26.246625	340.061741
53.900000	0.500000	26.246625	314.168839
53.900000	0.600000	26.254625	290.666319
53.900000	0.700000	26.254625	271.159466
53.900000	0.800000	26.254625	253.502938
53.900000	0.900000	26.254625	237.632743
53.900000	1.000000	26.254625	223.389136
54.000000	0.000000	24.362436	1613.598707
54.000000	0.100000	35.255526	596.639506
54.000000	0.200000	31.667167	454.758819
54.000000	0.300000	31.667167	380.691876
54.000000	0.400000	31.843184	331.924871
54.000000	0.500000	31.907191	299.521911
54.000000	0.600000	31.907191	274.314415
54.000000	0.700000	31.907191	253.920206
54.000000	0.800000	31.907191	237.080668
54.000000	0.900000	26.646665	224.413142
54.000000	1.000000	26.646665	215.330632
54.100000	0.000000	3.160316	1336.262839
54.100000	0.100000	9.104910	550.146976
54.100000	0.200000	9.564956	379.082708
54.100000	0.300000	9.564956	335.079652
54.100000	0.400000	9.564956	305.559089
54.100000	0.500000	9.564956	281.479625
54.100000	0.600000	9.564956	260.945211
54.100000	0.700000	9.564956	243.234098
54.100000	0.800000	31.899190	229.524470
54.100000	0.900000	31.899190	220.031344
54.100000	1.000000	31.899190	211.103311
54.200000	0.000000	24.310431	1462.602011
54.200000	0.100000	24.310431	539.716217
54.200000	0.200000	34.439444	383.050665
54.200000	0.300000	35.399540	327.361631
54.200000	0.400000	24.874487	292.904376
54.200000	0.500000	38.435844	269.558602
54.200000	0.600000	38.435844	252.348415
54.200000	0.700000	38.435844	236.439808
54.200000	0.800000	38.435844	222.052914
54.200000	0.900000	26.646665	214.063449
54.200000	1.000000	26.646665	207.749137
54.300000	0.000000	25.326533	1327.046286
54.300000	0.100000	23.698370	489.232899
54.300000	0.200000	13.029303	385.247834
54.300000	0.300000	13.821382	326.224254
54.300000	0.400000	14.437444	291.435221
54.300000	0.500000	14.437444	268.290531
54.300000	0.600000	26.646665	251.735622
54.300000	0.700000	26.646665	241.222970
54.300000	0.800000	26.646665	231.159715
54.300000	0.900000	26.646665	221.644505
54.300000	1.000000	26.646665	212.735350
54.400000	0.000000	8.492849	1883.001605
54.400000	0.100000	26.462646	688.258616
54.400000	0.200000	26.490649	495.999257
54.400000	0.300000	26.490649	403.033895
54.400000	0.400000	26.482648	352.652875
54.400000	0.500000	26.482648	314.808670
54.400000	0.600000	26.666667	287.028827
54.400000	0.700000	26.666667	266.208598
54.400000	0.800000	26.666667	248.998218
54.400000	0.900000	26.666667	234.535181
54.400000	1.000000	26.722672	222.218956
54.500000	0.000000	14.697470	1832.632726
54.500000	0.100000	21.322132	664.196735
54.500000	0.200000	24.074407	486.737056
54.500000	0.300000	24.074407	395.356766
54.500000	0.400000	24.074407	333.803149
54.500000	0.500000	26.714671	297.502520
54.500000	0.600000	26.714671	274.810487
54.500000	0.700000	26.714671	255.792293
54.500000	0.800000	26.714671	239.723734
54.500000	0.900000	26.714671	226.008606
54.500000	1.000000	14.429443	214.971855
54.600000	0.000000	38.055806	1710.893442
54.600000	0.100000	39.823982	688.086782
54.600000	0.200000	38.743874	493.537145
54.600000	0.300000	38.743874	405.741150
54.600000	0.400000	38.743874	349.080866
54.600000	0.500000	38.743874	308.864755
54.600000	0.600000	14.137414	279.701317
54.600000	0.700000	14.137414	263.922884
54.600000	0.800000	14.137414	249.371278
54.600000	0.900000	14.129413	236.424430
54.600000	1.000000	14.129413	225.144514
54.700000	0.000000	10.969097	1846.866796
54.700000	0.100000	11.233123	642.440879
54.700000	0.200000	14.129413	459.247651
54.700000	0.300000	14.129413	405.543012
54.700000	0.400000	14.129413	366.499474
54.700000	0.500000	14.129413	335.512470
54.700000	0.600000	14.129413	309.906229
54.700000	0.700000	14.129413	288.202853
54.700000	0.800000	14.129413	269.473248
54.700000	0.900000	14.129413	253.092154
54.700000	1.000000	14.129413	238.616626
54.800000	0.000000	22.462246	1173.516268
54.800000	0.100000	36.467647	581.619636
54.800000	0.200000	36.467647	461.806130
54.800000	0.300000	36.467647	382.434737
54.800000	0.400000	14.205421	351.202080
54.800000	0.500000	14.205421	328.260358
54.800000	0.600000	14.205421	305.247171
54.800000	0.700000	14.205421	283.834032
54.800000	0.800000	14.205421	264.483281
54.800000	0.900000	14.205421	247.198379
54.800000	1.000000	14.205421	231.815066
54.900000	0.000000	33.995400	1377.009180
54.900000	0.100000	13.861386	648.250613
54.900000	0.200000	13.861386	516.479823
54.900000	0.300000	13.861386	432.923609
54.900000	0.400000	13.861386	372.601804
54.900000	0.500000	14.225423	329.540271
54.900000	0.600000	14.225423	297.548750
54.900000	0.700000	14.225423	271.597636
54.900000	0.800000	14.225423	250.139839
54.900000	0.900000	15.437544	233.606715
54.900000	1.000000	15.437544	222.210976
55.000000	0.000000	12.765277	1415.361423
55.000000	0.100000	13.965397	545.778193
55.000000	0.200000	13.965397	419.757003
55.000000	0.300000	13.965397	356.551661
55.000000	0.400000	13.773377	316.327787
55.000000	0.500000	14.765477	284.331926
55.000000	0.600000	14.765477	264.060182
55.000000	0.700000	14.765477	246.013264
55.000000	0.800000	15.437544	230.575900
55.000000	0.900000	15.437544	219.537640
55.000000	1.000000	15.437544	209.591355
55.100000	0.000000	39.555956	1425.265870
55.100000	0.100000	23.594359	582.785729
55.100000	0.200000	23.594359	443.357572
55.100000	0.300000	23.594359	354.779865
55.100000	0.400000	21.314131	319.530605
55.100000	0.500000	21.314131	296.619733
55.100000	0.600000	21.314131	278.051326
55.100000	0.700000	21.314131	262.095544
55.100000	0.800000	21.314131	248.014097
55.100000	0.900000	21.314131	235.427790
55.100000	1.000000	21.314131	224.101725
55.200000	0.000000	29.054905	1733.327144
55.200000	0.100000	19.965997	609.695606
55.200000	0.200000	20.174017	500.612421
55.200000	0.300000	20.174017	427.744108
55.200000	0.400000	20.174017	373.953900
55.200000	0.500000	20.174017	332.559332
55.200000	0.600000	20.174017	300.071982
55.200000	0.700000	21.334133	276.335195
55.200000	0.800000	21.334133	258.455695
55.200000	0.900000	21.334133	242.947333
55.200000	1.000000	21.334133	229.353182
55.300000	0.000000	24.042404	1659.550636
55.300000	0.100000	26.746675	645.201237
55.300000	0.200000	26.402640	481.141562
55.300000	0.300000	26.826683	400.952177
55.300000	0.400000	26.826683	354.653039
55.300000	0.500000	26.826683	319.591848
55.300000	0.600000	26.826683	292.167039
55.300000	0.700000	26.826683	270.112308
55.300000	0.800000	26.826683	251.924297
55.300000	0.900000	26.826683	236.590062
55.300000	1.000000	26.826683	223.417627
55.400000	0.000000	14.369437	1679.149924
55.400000	0.100000	7.596760	625.936555
55.400000	0.200000	7.596760	471.860953
55.400000	0.300000	7.596760	390.517746
55.400000	0.400000	7.596760	339.205146
55.400000	0.500000	7.596760	303.194078
55.400000	0.600000	7.596760	276.032333
55.400000	0.700000	7.596760	254.483969
55.400000	0.800000	26.854685	239.984029
55.400000	0.900000	26.854685	230.369858
55.400000	1.000000	26.854685	221.078652
55.500000	0.000000	0.168017	1699.396044
55.500000	0.100000	4.024402	765.090526
55.500000	0.200000	4.024402	531.351365
55.500000	0.300000	4.024402	422.720795
55.500000	0.400000	4.024402	358.645615
55.500000	0.500000	4.024402	314.939690
55.500000	0.600000	4.024402	282.470909
55.500000	0.700000	26.846685	266.792680
55.500000	0.800000	26.846685	254.990496
55.500000	0.900000	26.846685	244.022620
55.500000	1.000000	26.846685	233.813031
55.600000	0.000000	30.911091	1394.209114
55.600000	0.100000	15.617562	538.123166
55.600000	0.200000	15.625563	434.298050
55.600000	0.300000	15.625563	377.522786
55.600000	0.400000	15.625563	338.373056
55.600000	0.500000	15.625563	308.677669
55.600000	0.600000	15.625563	284.974141
55.600000	0.700000	26.838684	266.537519
55.600000	0.800000	26.838684	252.202410
55.600000	0.900000	26.838684	239.387261
55.600000	1.000000	26.838684	227.848392
55.700000	0.000000	0.028003	1687.081685
55.700000	0.100000	19.885989	555.208954
55.700000	0.200000	19.885989	417.486237
55.700000	0.300000	19.957996	348.745590
55.700000	0.400000	19.957996	305.742444
55.700000	0.500000	26.830683	279.998775
55.700000	0.600000	26.830683	261.453239
55.700000	0.700000	26.830683	246.379408
55.700000	0.800000	26.830683	233.596041
55.700000	0.900000	26.830683	222.445504
55.700000	1.000000	26.830683	212.536279
55.800000	0.000000	31.855186	1293.106260
55.800000	0.100000	9.540954	504.441949
55.800000	0.200000	15.625563	382.303852
55.800000	0.300000	0.020002	337.761244
55.800000	0.400000	0.020002	303.454794
55.800000	0.500000	15.617562	279.640396
55.800000	0.600000	15.617562	262.008185
55.800000	0.700000	15.617562	247.009265
55.800000	0.800000	15.617562	233.911376
55.800000	0.900000	20.014001	224.990539
55.800000	1.000000	20.014001	217.424672
55.900000	0.000000	4.408441	1500.006289
55.900000	0.100000	15.897590	575.118463
55.900000	0.200000	15.897590	460.719664
55.900000	0.300000	15.601560	388.440893
55.900000	0.400000	15.601560	339.703900
55.900000	0.500000	15.601560	301.739180
55.900000	0.600000	15.717572	272.182743
55.900000	0.700000	15.797580	249.306254
55.900000	0.800000	1.600160	234.658913
55.900000	0.900000	1.600160	222.534846
55.900000	1.000000	20.014001	214.908533
56.000000	0.000000	32.635264	1242.325598
56.000000	0.100000	37.387739	554.530611
56.000000	0.200000	37.387739	440.035654
56.000000	0.300000	37.423742	372.753358
56.000000	0.400000	37.423742	327.102392
56.000000	0.500000	37.423742	292.822267
56.000000	0.600000	1.592159	271.499098
56.000000	0.700000	1.736174	254.807221
56.000000	0.800000	1.736174	241.039739
56.000000	0.900000	1.736174	229.169149
56.000000	1.000000	1.736174	218.739697
56.100000	0.000000	4.128413	1861.211053
56.100000	0.100000	23.710371	706.594474
56.100000	0.200000	29.850985	487.730870
56.100000	0.300000	34.271427	389.703681
56.100000	0.400000	34.271427	344.786654
56.100000	0.500000	34.271427	312.360363
56.100000	0.600000	34.271427	287.804700
56.100000	0.700000	34.271427	268.408333
56.100000	0.800000	34.271427	252.530374
56.100000	0.900000	34.271427	239.147381
56.100000	1.000000	34.271427	227.600738
56.200000	0.000000	7.896790	1381.334091
56.200000	0.100000	7.816782	632.408654
56.200000	0.200000	7.816782	478.300332
56.200000	0.300000	7.816782	395.879962
56.200000	0.400000	7.816782	341.749261
56.200000	0.500000	7.816782	303.815715
56.200000	0.600000	34.227423	279.232173
56.200000	0.700000	34.227423	268.237952
56.200000	0.800000	34.227423	257.360635
56.200000	0.900000	34.227423	246.880729
56.200000	1.000000	34.227423	236.934255
56.300000	0.000000	29.978998	1603.071151
56.300000	0.100000	33.319332	642.872228
56.300000	0.200000	24.582458	467.478789
56.300000	0.300000	24.582458	383.907978
56.300000	0.400000	34.219422	340.982225
56.300000	0.500000	34.219422	317.609483
56.300000	0.600000	34.219422	298.699324
56.300000	0.700000	34.219422	282.800613
56.300000	0.800000	34.219422	269.009004
56.300000	0.900000	34.219422	256.773007
56.300000	1.000000	34.219422	245.749925
56.400000	0.000000	23.702370	1321.549967
56.400000	0.100000	27.966797	580.681160
56.400000	0.200000	27.966797	466.228856
56.400000	0.300000	27.966797	401.982857
56.400000	0.400000	27.966797	355.753998
56.400000	0.500000	28.002800	319.479557
56.400000	0.600000	34.211421	296.454921
56.400000	0.700000	34.211421	278.054061
56.400000	0.800000	34.211421	262.163213
56.400000	0.900000	34.211421	248.302893
56.400000	1.000000	34.211421	236.090680
56.500000	0.000000	39.191919	1778.230753
56.500000	0.100000	27.986799	645.578154
56.500000	0.200000	27.986799	505.269644
56.500000	0.300000	27.986799	434.820994
56.500000	0.400000	27.986799	383.131074
56.500000	0.500000	27.986799	342.059517
56.500000	0.600000	27.986799	308.543750
56.500000	0.700000	28.022802	281.737322
56.500000	0.800000	28.022802	259.135781
56.500000	0.900000	28.022802	239.876627
56.500000	1.000000	28.022802	223.318078
56.600000	0.000000	20.534053	1716.330444
56.600000	0.100000	20.242024	693.149567
56.600000	0.200000	20.974097	513.177591
56.600000	0.300000	20.974097	419.697124
56.600000	0.400000	20.974097	354.321179
56.600000	0.500000	23.694369	318.466464
56.600000	0.600000	23.694369	295.211355
56.600000	0.700000	23.694369	276.012005
56.600000	0.800000	23.694369	259.782312
56.600000	0.900000	23.694369	245.779720
56.600000	1.000000	23.694369	233.499422
56.700000	0.000000	12.249225	1210.129463
56.700000	0.100000	0.932093	587.926135
56.700000	0.200000	0.940094	453.283868
56.700000	0.300000	0.940094	371.811815
56.700000	0.400000	0.940094	316.014793
56.700000	0.500000	23.686369	284.126909
56.700000	0.600000	23.686369	276.729620
56.700000	0.700000	23.686369	267.796277
56.700000	0.800000	23.686369	258.092387
56.700000	0.900000	23.686369	248.164078
56.700000	1.000000	23.686369	238.367304
56.800000	0.000000	29.790979	1442.649703
56.800000	0.100000	22.710271	529.588780
56.800000	0.200000	23.450345	463.482599
56.800000	0.300000	23.450345	412.098501
56.800000	0.400000	23.450345	370.052276
56.800000	0.500000	23.450345	336.452877
56.800000	0.600000	23.450345	309.127934
56.800000	0.700000	23.582358	286.655344
56.800000	0.800000	23.582358	268.455939
56.800000	0.900000	23.714371	253.007974
56.800000	1.000000	23.714371	240.241423
56.900000	0.000000	11.149115	1105.253871
56.900000	0.100000	2.964296	569.194685
56.900000	0.200000	2.964296	477.113403
56.900000	0.300000	2.964296	416.691226
56.900000	0.400000	6.888689	375.285058
56.900000	0.500000	6.888689	343.897196
56.900000	0.600000	6.888689	316.450841
56.900000	0.700000	6.888689	292.455201
56.900000	0.800000	6.888689	271.466444
56.900000	0.900000	6.888689	253.073293
56.900000	1.000000	6.888689	236.904449
57.000000	0.000000	31.171117	1388.567611
57.000000	0.100000	1.048105	750.546483
57.000000	0.200000	6.724672	543.256644
57.000000	0.300000	7.540754	450.060197
57.000000	0.400000	7.540754	389.454286
57.000000	0.500000	7.540754	346.528625
57.000000	0.600000	7.540754	314.093459
57.000000	0.700000	7.540754	288.234140
57.000000	0.800000	7.540754	266.790585
57.000000	0.900000	7.540754	248.513662
57.000000	1.000000	7.540754	232.635930
57.100000	0.000000	36.671667	1342.650298
57.100000	0.100000	26.370637	549.590142
57.100000	0.200000	26.370637	443.624555
57.100000	0.300000	26.370637	375.472117
57.100000	0.400000	26.414641	329.380019
57.100000	0.500000	7.612761	301.969472
57.100000	0.600000	7.972797	282.690450
57.100000	0.700000	8.068807	267.425208
57.100000	0.800000	8.068807	254.112413
57.100000	0.900000	8.068807	241.960312
57.100000	1.000000	8.068807	230.909327
57.200000	0.000000	26.310631	1346.470295
57.200000	0.100000	17.741774	508.779395
57.200000	0.200000	7.744774	380.859309
57.200000	0.300000	7.744774	342.918513
57.200000	0.400000	7.744774	312.976756
57.200000	0.500000	7.744774	288.473355
57.200000	0.600000	8.008801	272.936660
57.200000	0.700000	8.008801	259.460778
57.200000	0.800000	8.008801	247.233282
57.200000	0.900000	8.008801	235.993934
57.200000	1.000000	8.008801	225.600551
57.300000	0.000000	0.036004	1615.534659
57.300000	0.100000	20.054005	622.019619
57.300000	0.200000	20.054005	436.382205
57.300000	0.300000	20.062006	354.667546
57.300000	0.400000	20.062006	309.301037
57.300000	0.500000	8.000800	280.948255
57.300000	0.600000	8.000800	264.010350
57.300000	0.700000	8.000800	248.820865
57.300000	0.800000	8.000800	235.193149
57.300000	0.900000	8.008801	223.550864
57.300000	1.000000	8.008801	213.306471
57.400000	0.000000	24.362436	1613.983806
57.400000	0.100000	24.326433	504.658507
57.400000	0.200000	32.843284	399.119423
57.400000	0.300000	33.103310	347.844207
57.400000	0.400000	33.303330	314.022834
57.400000	0.500000	33.303330	288.394752
57.400000	0.600000	33.303330	267.500326
57.400000	0.700000	33.311331	250.231861
57.400000	0.800000	33.311331	236.739129
57.400000	0.900000	33.311331	224.891597
57.400000	1.000000	33.311331	214.387823
57.500000	0.000000	0.276028	1579.077056
57.500000	0.100000	0.484048	673.992619
57.500000	0.200000	0.588059	476.082928
57.500000	0.300000	29.602960	389.320433
57.500000	0.400000	29.602960	338.248011
57.500000	0.500000	29.602960	301.669766
57.500000	0.600000	29.602960	274.063998
57.500000	0.700000	29.602960	252.395215
57.500000	0.800000	33.303330	236.643828
57.500000	0.900000	33.303330	226.163499
57.500000	1.000000	33.303330	216.612273
57.600000	0.000000	29.610961	1250.627139
57.600000	0.100000	35.991599	493.895633
57.600000	0.200000	36.287629	417.225448
57.600000	0.300000	36.287629	370.290774
57.600000	0.400000	36.287629	332.918489
57.600000	0.500000	36.331633	302.349687
57.600000	0.600000	36.331633	277.218421
57.600000	0.700000	36.331633	255.898776
57.600000	0.800000	36.331633	237.735746
57.600000	0.900000	36.331633	222.181237
57.600000	1.000000	36.331633	208.782271
57.700000	0.000000	3.828383	1918.244428
57.700000	0.100000	11.877188	633.703428
57.700000	0.200000	36.307631	447.989048
57.700000	0.300000	36.307631	369.637831
57.700000	0.400000	31.531153	321.458209
57.700000	0.500000	31.531153	289.855157
57.700000	0.600000	31.531153	266.269600
57.700000	0.700000	31.531153	247.624511
57.700000	0.800000	22.302230	232.779004
57.700000	0.900000	22.302230	220.525842
57.700000	1.000000	22.302230	209.341288
57.800000	0.000000	29.962996	1445.305926
57.800000	0.100000	14.385439	577.984018
57.800000	0.200000	14.393439	447.547230
57.800000	0.300000	14.393439	387.658348
57.800000	0.400000	14.609461	349.408578
57.800000	0.500000	14.609461	318.231098
57.800000	0.600000	14.609461	291.703856
57.800000	0.700000	31.463146	271.270694
57.800000	0.800000	31.463146	254.838933
57.800000	0.900000	31.463146	239.846030
57.800000	1.000000	31.575158	226.900869
57.900000	0.000000	36.043604	1379.322644
57.900000	0.100000	27.870787	571.340663
57.900000	0.200000	31.463146	489.238123
57.900000	0.300000	31.455146	425.922634
57.900000	0.400000	31.455146	377.368116
57.900000	0.500000	31.455146	338.505631
57.900000	0.600000	31.559156	308.213507
57.900000	0.700000	31.559156	283.439829
57.900000	0.800000	32.095210	264.919992
57.900000	0.900000	32.095210	249.984909
57.900000	1.000000	32.095210	236.939057
58.000000	0.000000	1.924192	1892.294333
58.000000	0.100000	11.993199	657.200071
58.000000	0.200000	32.019202	518.230030
58.000000	0.300000	32.019202	443.965127
58.000000	0.400000	32.019202	385.183661
58.000000	0.500000	32.019202	339.382019
58.000000	0.600000	32.087209	307.205115
58.000000	0.700000	32.087209	282.973892
58.000000	0.800000	32.087209	263.079842
58.000000	0.900000	32.087209	246.456100
58.000000	1.000000	32.087209	232.351259
58.100000	0.000000	20.494049	1151.495222
58.100000	0.100000	10.069007	590.908855
58.100000	0.200000	34.031403	467.619624
58.100000	0.300000	34.031403	404.574772
58.100000	0.400000	34.031403	359.232938
58.100000	0.500000	34.091409	324.740528
58.100000	0.600000	34.195420	298.488020
58.100000	0.700000	34.195420	278.437257
58.100000	0.800000	34.195420	261.320054
58.100000	0.900000	34.195420	246.448762
58.100000	1.000000	34.323432	234.647408
58.200000	0.000000	16.229623	1413.203278
58.200000	0.100000	16.109611	555.028901
58.200000	0.200000	20.294029	424.045427
58.200000	0.300000	20.294029	362.795726
58.200000	0.400000	34.127413	324.757253
58.200000	0.500000	34.127413	304.233008
58.200000	0.600000	34.127413	285.740344
58.200000	0.700000	34.127413	269.032959
58.200000	0.800000	34.127413	253.913178
58.200000	0.900000	34.127413	240.208598
58.200000	1.000000	34.127413	227.766977
58.300000	0.000000	12.881288	1478.148552
58.300000	0.100000	39.775978	559.165112
58.300000	0.200000	39.791979	435.983089
58.300000	0.300000	39.799980	375.487741
58.300000	0.400000	39.799980	332.702138
58.300000	0.500000	39.799980	300.448054
58.300000	0.600000	39.799980	275.197265
58.300000	0.700000	39.799980	254.821523
58.300000	0.800000	39.799980	237.985148
58.300000	0.900000	33.323332	225.285577
58.300000	1.000000	33.323332	214.996611
58.400000	0.000000	15.133513	1489.076495
58.400000	0.100000	13.949395	598.295546
58.400000	0.200000	13.905391	422.413761
58.400000	0.300000	8.780878	341.424555
58.400000	0.400000	39.263926	313.083085
58.400000	0.500000	39.263926	293.793602
58.400000	0.600000	39.263926	275.946732
58.400000	0.700000	39.263926	259.425200
58.400000	0.800000	39.263926	244.217058
58.400000	0.900000	39.775978	232.173458
58.400000	1.000000	39.775978	221.452585
58.500000	0.000000	20.898090	1762.205491
58.500000	0.100000	39.171917	632.429758
58.500000	0.200000	39.179918	475.571637
58.500000	0.300000	39.247925	423.814775
58.500000	0.400000	39.247925	387.525243
58.500000	0.500000	39.247925	355.956835
58.500000	0.600000	39.247925	328.107023
58.500000	0.700000	39.247925	303.700236
58.500000	0.800000	39.247925	282.359896
58.500000	0.900000	39.247925	263.658204
58.500000	1.000000	39.247925	247.191686
58.600000	0.000000	1.032103	1557.659453
58.600000	0.100000	39.267927	576.751740
58.600000	0.200000	39.147915	494.036750
58.600000	0.300000	39.155916	440.786162
58.600000	0.400000	39.283928	396.920754
58.600000	0.500000	39.283928	363.283472
58.600000	0.600000	39.283928	335.611862
58.600000	0.700000	39.283928	312.368920
58.600000	0.800000	39.283928	292.465639
58.600000	0.900000	39.283928	275.161758
58.600000	1.000000	39.283928	259.943828
58.700000	0.000000	33.715372	1102.370980
58.700000	0.100000	26.570657	553.155522
58.700000	0.200000	26.570657	416.134590
58.700000	0.300000	26.578658	344.984484
58.700000	0.400000	39.275928	315.622034
58.700000	0.500000	39.275928	303.556205
58.700000	0.600000	39.275928	290.904084
58.700000	0.700000	39.275928	278.253418
58.700000	0.800000	39.275928	265.990610
58.700000	0.900000	39.275928	254.327615
58.700000	1.000000	39.275928	243.362127
58.800000	0.000000	0.588059	1447.230961
58.800000	0.100000	39.931993	578.713583
58.800000	0.200000	39.939994	418.652857
58.800000	0.300000	38.919892	344.861240
58.800000	0.400000	38.919892	303.538885
58.800000	0.500000	38.919892	275.133820
58.800000	0.600000	39.131913	255.236960
58.800000	0.700000	12.469247	240.514045
58.800000	0.800000	12.469247	228.143764
58.800000	0.900000	39.275928	218.525755
58.800000	1.000000	39.275928	210.980704
58.900000	0.000000	37.431743	1338.168817
58.900000	0.100000	17.973797	514.658590
58.900000	0.200000	17.965797	394.442151
58.900000	0.300000	17.973797	327.444150
58.900000	0.400000	17.973797	282.603063
58.900000	0.500000	17.973797	249.872401
58.900000	0.600000	17.973797	224.831570
58.900000	0.700000	12.469247	212.124301
58.900000	0.800000	12.469247	203.283580
58.900000	0.900000	12.469247	195.230807
58.900000	1.000000	12.469247	187.804929
59.000000	0.000000	27.494749	1396.085013
59.000000	0.100000	8.584858	472.439651
59.000000	0.200000	36.431643	334.609613
59.000000	0.300000	19.841984	285.830820
59.000000	0.400000	19.841984	257.999998
59.000000	0.500000	19.841984	236.619298
59.000000	0.600000	24.906491	220.297684
59.000000	0.700000	24.906491	208.462156
59.000000	0.800000	20.242024	199.843753
59.000000	0.900000	20.242024	193.005335
59.000000	1.000000	20.242024	186.956030
59.100000	0.000000	25.606561	1468.689964
59.100000	0.100000	24.770477	592.504258
59.100000	0.200000	24.906491	417.835451
59.100000	0.300000	24.906491	329.782821
59.100000	0.400000	31.199120	282.045447
59.100000	0.500000	31.199120	249.961697
59.100000	0.600000	27.174717	228.016672
59.100000	0.700000	27.166717	212.099872
59.100000	0.800000	27.166717	199.679022
59.100000	0.900000	27.166717	188.969864
59.100000	1.000000	28.966897	181.987007
59.200000	0.000000	25.514551	1383.173457
59.200000	0.100000	39.971997	548.710383
59.200000	0.200000	39.971997	417.919397
59.200000	0.300000	9.856986	362.626534
59.200000	0.400000	9.856986	328.041668
59.200000	0.500000	9.856986	299.534024
59.200000	0.600000	9.856986	276.099666
59.200000	0.700000	9.856986	256.544550
59.200000	0.800000	9.856986	239.943796
59.200000	0.900000	9.856986	225.627654
59.200000	1.000000	9.856986	213.113438
59.300000	0.000000	33.255326	1593.121699
59.300000	0.100000	33.743374	687.453799
59.300000	0.200000	38.415842	485.378745
59.300000	0.300000	38.415842	392.567644
59.300000	0.400000	38.415842	328.298273
59.300000	0.500000	9.832983	292.502746
59.300000	0.600000	9.916992	273.960396
59.300000	0.700000	9.916992	257.496785
59.300000	0.800000	9.916992	242.446080
59.300000	0.900000	9.916992	228.783858
59.300000	1.000000	9.916992	216.429002
59.400000	0.000000	8.924892	1661.423190
59.400000	0.100000	9.008901	689.180217
59.400000	0.200000	9.968997	466.290159
59.400000	0.300000	9.968997	369.660213
59.400000	0.400000	9.968997	318.287119
59.400000	0.500000	9.968997	285.792927
59.400000	0.600000	9.816982	262.801978
59.400000	0.700000	10.281028	245.366076
59.400000	0.800000	10.281028	232.752327
59.400000	0.900000	10.281028	221.655460
59.400000	1.000000	10.281028	211.680985
59.500000	0.000000	14.901490	1486.276766
59.500000	0.100000	29.806981	591.232809
59.500000	0.200000	29.806981	419.157424
59.500000	0.300000	10.265027	346.268446
59.500000	0.400000	10.265027	314.505173
59.500000	0.500000	10.265027	290.708055
59.500000	0.600000	10.265027	270.944903
59.500000	0.700000	10.265027	253.836199
59.500000	0.800000	10.265027	238.778202
59.500000	0.900000	10.265027	225.418705
59.500000	1.000000	10.265027	213.500773
59.600000	0.000000	10.285029	1631.520536
59.600000	0.100000	33.783378	684.196457
59.600000	0.200000	34.043404	501.195701
59.600000	0.300000	34.043404	405.787448
59.600000	0.400000	34.043404	344.461956
59.600000	0.500000	34.043404	300.766576
59.600000	0.600000	34.043404	267.694743
59.600000	0.700000	10.553055	248.987970
59.600000	0.800000	36.483648	234.345275
59.600000	0.900000	36.483648	223.321886
59.600000	1.000000	36.483648	213.460428
59.700000	0.000000	8.272827	1321.951601
59.700000	0.100000	29.374937	544.791251
59.700000	0.200000	33.795380	461.594686
59.700000	0.300000	33.795380	391.805120
59.700000	0.400000	33.787379	333.119677
59.700000	0.500000	35.647565	298.396644
59.700000	0.600000	36.467647	275.250017
59.700000	0.700000	36.467647	260.109691
59.700000	0.800000	36.467647	246.303283
59.700000	0.900000	36.467647	233.799990
59.700000	1.000000	36.467647	222.488728
59.800000	0.000000	22.826283	1250.740233
59.800000	0.100000	27.010701	538.451923
59.800000	0.200000	29.826983	428.645346
59.800000	0.300000	29.826983	368.464744
59.800000	0.400000	29.826983	327.219187
59.800000	0.500000	29.826983	296.341796
59.800000	0.600000	29.826983	271.808461
59.800000	0.700000	29.826983	251.559233
59.800000	0.800000	29.826983	234.433099
59.800000	0.900000	29.826983	219.705140
59.800000	1.000000	36.787679	208.342644
59.900000	0.000000	20.638064	1559.372083
59.900000	0.100000	24.310431	732.969157
59.900000	0.200000	24.418442	505.513303
59.900000	0.300000	24.426443	395.703885
59.900000	0.400000	28.634863	333.329738
59.900000	0.500000	28.634863	292.221120
59.900000	0.600000	28.634863	261.141797
59.900000	0.700000	28.634863	236.753030
59.900000	0.800000	36.779678	222.180296
59.900000	0.900000	36.779678	213.034653
59.900000	1.000000	36.779678	205.149458
60.000000	0.000000	21.630163	1618.174727
60.000000	0.100000	27.178718	601.664299
60.000000	0.200000	27.302730	439.284993
60.000000	0.300000	27.302730	373.266037
60.000000	0.400000	27.302730	328.135786
60.000000	0.500000	27.310731	294.804676
60.000000	0.600000	27.310731	267.757093
60.000000	0.700000	27.310731	245.263694
60.000000	0.800000	27.310731	226.323208
60.000000	0.900000	27.310731	210.231396
60.000000	1.000000	27.310731	196.455797
