50.000000	0.500000	4.468447	247.269366
50.100000	0.500000	18.713871	195.610675
50.200000	0.500000	2.160216	220.995195
50.300000	0.500000	2.004200	234.144121
50.400000	0.500000	4.472447	239.369320
50.500000	0.500000	4.532453	252.932677
50.600000	0.500000	4.516452	194.796939
50.700000	0.500000	19.097910	181.380928
50.800000	0.500000	12.873287	205.834208
50.900000	0.500000	12.837284	225.472118
51.000000	0.500000	12.093209	231.152039
51.100000	0.500000	21.190119	171.451022
51.200000	0.500000	35.695570	209.854812
51.300000	0.500000	18.345835	205.524759
51.400000	0.500000	51.837184	194.894237
51.500000	0.500000	51.781178	197.962890
51.600000	0.500000	30.643064	249.700077
51.700000	0.500000	30.683068	217.686086
51.800000	0.500000	30.723072	219.461276
51.900000	0.500000	17.193719	197.999938
52.000000	0.500000	21.958196	198.150988
52.100000	0.500000	23.230323	188.503641
52.200000	0.500000	30.763076	218.604315
52.300000	0.500000	30.727073	244.893930
52.400000	0.500000	42.936294	187.231544
52.500000	0.500000	12.629263	204.591193
52.600000	0.500000	12.669267	233.639713
52.700000	0.500000	12.689269	205.983664
52.800000	0.500000	51.157116	211.481981
52.900000	0.500000	51.197120	196.891701
53.000000	0.500000	53.773377	190.616642
53.100000	0.500000	54.057406	226.049821
53.200000	0.500000	42.996300	239.720808
53.300000	0.500000	19.613961	217.278858
53.400000	0.500000	45.724572	207.307783
53.500000	0.500000	42.028203	192.708989
53.600000	0.500000	41.584158	203.356534
53.700000	0.500000	41.584158	188.332473
53.800000	0.500000	32.511251	175.024885
53.900000	0.500000	32.531253	185.630060
54.000000	0.500000	30.959096	219.085141
54.100000	0.500000	46.852685	184.203408
54.200000	0.500000	18.973897	183.672552
54.300000	0.500000	23.554355	215.925803
54.400000	0.500000	23.574357	253.668642
54.500000	0.500000	6.772677	215.722961
54.600000	0.500000	23.466347	256.427606
54.700000	0.500000	23.466347	261.278296
54.800000	0.500000	7.712771	277.951135
54.900000	0.500000	22.886289	226.516155
55.000000	0.500000	26.670667	228.258181
55.100000	0.500000	26.490649	222.804839
55.200000	0.500000	26.130613	222.675639
55.300000	0.500000	26.150615	264.522655
55.400000	0.500000	30.747075	214.397253
55.500000	0.500000	10.161016	204.112317
55.600000	0.500000	16.861686	194.888977
55.700000	0.500000	16.809681	215.809297
55.800000	0.500000	16.685669	208.268257
55.900000	0.500000	26.010601	229.462041
56.000000	0.500000	47.264726	199.054857
56.100000	0.500000	7.236724	192.716244
56.200000	0.500000	23.290329	214.130971
56.300000	0.500000	23.346335	227.476533
56.400000	0.500000	23.382338	203.430477
56.500000	0.500000	16.317632	192.321550
56.600000	0.500000	23.366337	192.320848
56.700000	0.500000	16.301630	188.207331
56.800000	0.500000	15.389539	212.091743
56.900000	0.500000	10.077008	215.425469
57.000000	0.500000	9.676968	227.882190
57.100000	0.500000	11.961196	225.795669
57.200000	0.500000	8.576858	244.073206
57.300000	0.500000	9.644964	279.134249
57.400000	0.500000	10.293029	249.179386
57.500000	0.500000	53.889389	197.851929
57.600000	0.500000	10.277028	214.424348
57.700000	0.500000	13.193319	230.793188
57.800000	0.500000	26.822682	194.534137
57.900000	0.500000	13.645365	182.850206
58.000000	0.500000	8.648865	194.782362
58.100000	0.500000	25.498550	204.828156
58.200000	0.500000	24.694469	190.287554
58.300000	0.500000	11.009101	229.174704
58.400000	0.500000	10.977098	276.747944
58.500000	0.500000	10.977098	273.517735
58.600000	0.500000	10.961096	283.270942
58.700000	0.500000	9.856986	269.479295
58.800000	0.500000	12.313231	254.220774
58.900000	0.500000	12.825283	260.406741
59.000000	0.500000	12.809281	256.521109
59.100000	0.500000	10.593059	277.670230
59.200000	0.500000	10.309031	280.227049
59.300000	0.500000	10.293029	337.470546
59.400000	0.500000	9.992999	348.470829
59.500000	0.500000	10.277028	381.788750
59.600000	0.500000	9.976998	484.220851
59.700000	0.500000	9.976998	642.030474
59.800000	0.500000	9.960996	800.204372
59.900000	0.500000	9.944994	1051.492594
60.000000	0.500000	9.997000	1241.235948
60.100000	0.500000	9.964996	1059.177837
60.200000	0.500000	9.948995	783.805194
60.300000	0.500000	10.017002	594.350565
60.400000	0.500000	10.717072	506.496553
60.500000	0.500000	10.701070	396.686270
60.600000	0.500000	10.701070	287.501432
60.700000	0.500000	10.701070	301.183466
60.800000	0.500000	9.916992	298.156502
60.900000	0.500000	10.017002	337.374459
61.000000	0.500000	10.017002	312.101735
61.100000	0.500000	10.017002	275.148208
61.200000	0.500000	10.117012	304.460015
61.300000	0.500000	10.101010	323.506283
61.400000	0.500000	10.201020	239.240335
61.500000	0.500000	7.956796	226.384945
61.600000	0.500000	8.316832	257.961868
61.700000	0.500000	8.236824	225.909363
61.800000	0.500000	10.317032	201.919861
61.900000	0.500000	10.301030	180.890907
62.000000	0.500000	10.301030	203.481884
62.100000	0.500000	10.869087	213.114719
62.200000	0.500000	17.913791	187.752460
62.300000	0.500000	11.917192	188.371784
62.400000	0.500000	39.855986	190.490186
62.500000	0.500000	49.000900	157.510168
62.600000	0.500000	53.821382	177.478616
62.700000	0.500000	15.685569	176.310722
62.800000	0.500000	44.180418	193.537220
62.900000	0.500000	43.832383	209.127925
63.000000	0.500000	43.880388	253.570488
63.100000	0.500000	55.021502	245.668713
63.200000	0.500000	55.117512	235.119618
63.300000	0.500000	44.280428	243.382836
63.400000	0.500000	44.408441	224.054926
63.500000	0.500000	44.788479	202.022591
63.600000	0.500000	6.620662	193.971243
63.700000	0.500000	26.102610	185.893824
63.800000	0.500000	26.010601	243.718552
63.900000	0.500000	25.902590	269.119466
64.000000	0.500000	24.278428	227.621339
64.100000	0.500000	24.202420	217.871365
64.200000	0.500000	25.934593	223.489583
64.300000	0.500000	25.966597	223.071279
64.400000	0.500000	45.168517	179.236891
64.500000	0.500000	15.657566	200.725820
64.600000	0.500000	22.470247	202.171977
64.700000	0.500000	45.464546	216.707688
64.800000	0.500000	45.496550	231.910480
64.900000	0.500000	45.496550	224.915331
65.000000	0.500000	35.919592	239.266270
65.100000	0.500000	23.618362	218.167248
65.200000	0.500000	54.001400	215.074867
65.300000	0.500000	45.452545	225.410935
65.400000	0.500000	45.468547	191.874531
65.500000	0.500000	55.965597	200.812447
65.600000	0.500000	55.921592	226.044896
65.700000	0.500000	37.459746	194.465564
65.800000	0.500000	54.769477	214.785775
65.900000	0.500000	54.649465	226.185755
66.000000	0.500000	54.589459	243.665473
66.100000	0.500000	55.425543	217.199073
66.200000	0.500000	45.468547	208.298254
66.300000	0.500000	45.168517	212.051771
66.400000	0.500000	12.865287	232.122451
66.500000	0.500000	12.881288	242.931291
66.600000	0.500000	25.158516	238.830839
66.700000	0.500000	25.250525	247.631692
66.800000	0.500000	5.908591	227.491907
66.900000	0.500000	54.369437	227.418795
67.000000	0.500000	12.197220	195.345696
67.100000	0.500000	9.472947	212.955306
67.200000	0.500000	43.284328	229.483511
67.300000	0.500000	45.532553	195.629263
67.400000	0.500000	16.537654	193.285013
67.500000	0.500000	16.465647	258.181562
67.600000	0.500000	16.837684	215.006223
67.700000	0.500000	26.646665	197.166045
67.800000	0.500000	45.516552	196.536580
67.900000	0.500000	59.705971	206.156176
68.000000	0.500000	13.365337	189.315113
68.100000	0.500000	13.337334	208.497742
68.200000	0.500000	13.337334	187.165889
68.300000	0.500000	31.131113	222.229355
68.400000	0.500000	31.191119	191.733346
68.500000	0.500000	44.280428	192.958489
68.600000	0.500000	16.725673	171.933042
68.700000	0.500000	13.049305	213.265097
68.800000	0.500000	13.561356	238.906481
68.900000	0.500000	15.757576	219.790973
69.000000	0.500000	8.288829	209.620595
69.100000	0.500000	8.304830	219.089756
69.200000	0.500000	58.665867	187.555212
69.300000	0.500000	58.161816	208.199914
69.400000	0.500000	56.549655	187.887397
69.500000	0.500000	50.233023	187.427952
69.600000	0.500000	59.621962	198.967901
69.700000	0.500000	29.006901	199.852328
69.800000	0.500000	48.488849	198.924629
69.900000	0.500000	51.113111	164.496100
70.000000	0.500000	29.254925	164.763910
